1.96883767913,1.34644206,-2.02388181495,-0.0,-0.0,-0.0,-1.74901169365,5.03482912887,-0.408410773133,map_000000034.png
1.96883770367,1.3464420159,-2.02388165051,-0.0,-0.0,-0.123165071011,-1.74901169365,5.03482912887,-0.408410773133,map_000000035.png
1.96883764628,1.34644208092,-2.02388177962,-0.0,-0.0,-0.123165071011,-1.74901169365,5.03482912887,-0.408410773133,map_000000036.png
1.96891158399,1.34639143417,-2.03357264712,-0.0,-0.0,-0.791177093983,-1.74901169365,5.03482912887,-0.408410773133,map_000000037.png
1.96935544432,1.34617332773,-2.08509854227,-0.0,-0.0,-1.0,-1.74901169365,5.03482912887,-0.408410773133,map_000000038.png
1.97004207756,1.34575091615,-2.17112434081,-0.0,-0.0,-1.0,-1.74901169365,5.03482912887,-0.408410773133,map_000000039.png
1.97082560088,1.34515892642,-2.2733972574,-0.0,-0.0,-1.0,-1.74901169365,5.03482912887,-0.408410773133,map_000000040.png
1.97150749777,1.34452794593,-2.37174391439,-0.0,-0.0,-1.0,-1.74901169365,5.03482912887,-0.408410773133,map_000000041.png
1.97213574467,1.34381331189,-2.4700794503,-0.0,-0.0,-1.0,-1.74901169365,5.03482912887,-0.408410773133,map_000000042.png
1.97271885337,1.34301400264,-2.57234894877,-0.0,-0.0,-1.0,-1.74901169365,5.03482912887,-0.408410773133,map_000000043.png
1.97317535168,1.34221027358,-2.67069731806,-0.0,-0.0,-1.0,-1.74901169365,5.03482912887,-0.408410773133,map_000000044.png
1.97357807616,1.34131730162,-2.77297052595,-0.0,-0.0,-1.0,-1.74901169365,5.03482912887,-0.408410773133,map_000000045.png
1.97388035287,1.34040824299,-2.87130201454,-0.0,-0.0,-1.0,-1.74901169365,5.03482912887,-0.408410773133,map_000000046.png
1.97409083492,1.3395027906,-2.96964714099,-0.0,-0.0,-1.0,-1.74901169365,5.03482912887,-0.408410773133,map_000000047.png
1.97422887096,1.33850430092,-3.07190456287,-0.0,-0.0,-1.0,-1.74901169365,5.03482912887,-0.408410773133,map_000000048.png
1.97425191141,1.33755421432,3.11294705696,-0.0,-0.0,-1.0,-1.74901169365,5.03482912887,-0.408410773133,map_000000049.png
1.97417081266,1.33661852856,3.01460767572,-0.0,-0.0,-1.0,-1.74901169365,5.03482912887,-0.408410773133,map_000000050.png
1.97401153458,1.33564838897,2.91233538737,-0.0,-0.0,-1.0,-1.74901169365,5.03482912887,-0.408410773133,map_000000051.png
1.97377716056,1.33477406107,2.81397831132,-0.0,-0.0,-1.0,-1.74901169365,5.03482912887,-0.408410773133,map_000000052.png
1.97342492807,1.33387660045,2.7156485596,-0.0,-0.0,-1.0,-1.74901169365,5.03482912887,-0.408410773133,map_000000053.png
1.97297603548,1.33300327024,2.61337558292,-0.0,-0.0,-1.0,-1.74901169365,5.03482912887,-0.408410773133,map_000000054.png
1.97246581035,1.33222052319,2.51503136502,-0.0,-0.0,-1.0,-1.74901169365,5.03482912887,-0.408410773133,map_000000055.png
1.97186783844,1.33146636218,2.41670061029,-0.0,-0.0,-0.649342298508,-1.74901169365,5.03482912887,-0.408410773133,map_000000056.png
1.97130165246,1.33087840768,2.33236347213,-0.0,-0.0,-0.342783898115,-1.74901169365,5.03482912887,-0.408410773133,map_000000057.png
1.97091897278,1.33053292881,2.278155242,-0.0,-0.0,-0.0,-1.74901169365,5.03482912887,-0.408410773133,map_000000058.png
1.97068585834,1.33033928854,2.24714744697,-0.0,-0.0,-0.0,-1.74901169365,5.03482912887,-0.408410773133,map_000000059.png
1.97067629465,1.33032971325,2.24715369827,-0.0,-0.0,-0.0,-1.74901169365,5.03482912887,-0.408410773133,map_000000060.png
1.97068623702,1.33031976231,2.24715299748,-0.0,-0.0,-0.0,-1.74901169365,5.03482912887,-0.408410773133,map_000000061.png
1.97068625796,1.33031974192,2.24715296579,-0.0,-0.0,-0.0,-1.74901169365,5.03482912887,-0.408410773133,map_000000062.png
1.97067635615,1.33032965401,2.24715364978,-0.0,-0.0,-0.0,-1.74901169365,5.03482912887,-0.408410773133,map_000000063.png
1.97068629835,1.3303197028,2.24715291895,-0.0,-0.0,-0.0,-1.74901169365,5.03482912887,-0.408410773133,map_000000064.png
1.97068631914,1.33031968233,2.24715286941,-0.0,-0.0,-0.0,-1.74901169365,5.03482912887,-0.408410773133,map_000000065.png
1.97068631914,1.33031968233,2.24715286941,-0.0,-0.0,-0.0,-1.74901169365,5.03482912887,-0.408410773133,map_000000066.png
1.97067641736,1.33032959443,2.24715355692,-0.0,-0.0,-0.0,-1.74901169365,5.03482912887,-0.408410773133,map_000000067.png
1.97068635955,1.33031964323,2.24715282631,-0.0,-0.0,-0.0,-1.74901169365,5.03482912887,-0.408410773133,map_000000068.png
1.97068638048,1.33031962283,2.24715279265,-0.0,-0.0,0.657239019871,-1.74901169365,5.03482912887,-0.408410773133,map_000000069.png
1.97078206306,1.33041552071,2.26134340384,-0.0,-0.0,0.657239019871,-1.74901169365,5.03482912887,-0.408410773133,map_000000070.png
1.97108619207,1.33067741073,2.30316629155,-0.0,-0.0,-0.0,-1.74901169365,5.03482912887,-0.408410773133,map_000000071.png
1.97147404226,1.33102579357,2.35745483626,-0.0,-0.0,-0.0,-1.74901169365,5.03482912887,-0.408410773133,map_000000072.png
1.97146238424,1.33103745644,2.35745491976,-0.0,-0.0,-0.0,-1.74901169365,5.03482912887,-0.408410773133,map_000000073.png
1.97147395401,1.33102588706,2.35745490279,-0.0,-0.0,-0.0,-1.74901169365,5.03482912887,-0.408410773133,map_000000074.png
1.97146237519,1.33103746626,2.35745497771,-0.0,-0.0,-0.0,-1.74901169365,5.03482912887,-0.408410773133,map_000000075.png
1.97146402291,1.33103582012,2.35745487572,-0.0,-0.0,-0.0,-1.74901169365,5.03482912887,-0.408410773133,map_000000076.png
1.97146236586,1.33103747475,2.35745491947,-0.0,-0.0,-0.0,-1.74901169365,5.03482912887,-0.408410773133,map_000000077.png
1.97146401498,1.33103583,2.35745502298,-0.0,-0.0,-0.0,-1.74901169365,5.03482912887,-0.408410773133,map_000000078.png
1.97147393195,1.33102590902,2.35745490297,-0.0,-0.0,-0.0,-1.74901169365,5.03482912887,-0.408410773133,map_000000079.png
1.97146400506,1.3310358379,2.35745487581,-0.0,-0.0,-0.0,-1.74901169365,5.03482912887,-0.408410773133,map_000000080.png
1.97147392378,1.33102591867,2.35745501454,-0.0,-0.0,-0.0,-1.74901169365,5.03482912887,-0.408410773133,map_000000081.png
1.97146399712,1.33103584778,2.35745502304,-0.0,-0.0,-0.0,-1.74901169365,5.03482912887,-0.408410773133,map_000000082.png
1.9714739141,1.3310259268,2.35745490302,-0.0,-0.0,-0.0,-1.74901169365,5.03482912887,-0.408410773133,map_000000083.png
1.97146233528,1.331037506,2.35745497791,-0.0,-0.0,-0.0,-1.74901169365,5.03482912887,-0.408410773133,map_000000084.png
1.97147390592,1.33102593645,2.35745501458,0.0844141989946,-0.0,-0.0,-1.74901169365,5.03482912887,-0.408410773133,map_000000085.png
1.97146232595,1.33103751448,2.3574549196,0.0844141989946,-0.0,-0.0,-1.74901169365,5.03482912887,-0.408410773133,map_000000086.png
1.96692382658,1.33556458689,2.35745502314,0.34689244628,-0.0,-0.0,-1.74901169365,5.03482912887,-0.408410773133,map_000000087.png
1.94956397899,1.35288072639,2.35745497799,0.5,0.0059244055301,-0.0,-1.74901169365,5.03482912887,-0.408410773133,map_000000088.png
1.92096513919,1.38110644403,2.35745488129,0.5,0.0059244055301,-0.0,-1.74901169365,5.03482912887,-0.408410773133,map_000000089.png
1.88517199062,1.41597301659,2.35745504475,0.5,0.0153851434588,-0.0,-1.74901169365,5.03482912887,-0.408410773133,map_000000090.png
1.84792713393,1.45225424209,2.35745506097,0.5,0.0248458813876,-0.0,-1.74901169365,5.03482912887,-0.408410773133,map_000000091.png
1.81146613617,1.48645127936,2.35745500167,0.5,0.0248458813876,-0.0,-1.74901169365,5.03482912887,-0.408410773133,map_000000092.png
1.77299244981,1.52150057279,2.35745500406,0.5,0.0674001276493,-0.0,-1.74901169365,5.03482912887,-0.408410773133,map_000000093.png
1.7340612269,1.55322114923,2.35745530947,0.5,0.102877892554,-0.0,-1.74901169365,5.03482912887,-0.408410773133,map_000000094.png
1.69300530815,1.58285472404,2.35745533487,0.5,0.154892876744,-0.0,-1.74901169365,5.03482912887,-0.408410773133,map_000000095.png
1.64792979703,1.61124245527,2.35745583695,0.5,0.154892876744,-0.0,-1.74901169365,5.03482912887,-0.408410773133,map_000000096.png
1.6015992069,1.63558802578,2.35745611333,0.5,0.202177494764,-0.0,-1.74901169365,5.03482912887,-0.408410773133,map_000000097.png
1.55528236241,1.65992010491,2.35745642866,0.5,0.202177494764,-0.0,-1.74901169365,5.03482912887,-0.408410773133,map_000000098.png
1.5044384177,1.68255206719,2.35745698793,0.5,0.251846373081,-0.0,-1.74901169365,5.03482912887,-0.408410773133,map_000000099.png
1.4526800011,1.70142878641,2.35745771575,0.5,0.261307120323,-0.0,-1.74901169365,5.03482912887,-0.408410773133,map_000000100.png
1.3992596468,1.71862354749,2.35745860853,0.5,0.268402665854,-0.0,-1.74901169365,5.03482912887,-0.408410773133,map_000000101.png
1.34316573039,1.73600798872,2.3574589572,0.5,0.268402665854,-0.0,-1.74901169365,5.03482912887,-0.408410773133,map_000000102.png
1.28884376253,1.75229880187,2.35746015277,0.5,0.268402665854,-0.0,-1.74901169365,5.03482912887,-0.408410773133,map_000000103.png
1.23232908025,1.76926135547,2.3574605527,0.5,0.268402665854,-0.0,-1.74901169365,5.03482912887,-0.408410773133,map_000000104.png
1.17800708681,1.78555208971,2.35746148842,0.5,0.277844339609,-0.0,-1.74901169365,5.03482912887,-0.408410773133,map_000000105.png
1.12326367969,1.80146337243,2.35746192764,0.5,0.277844339609,-0.0,-1.74901169365,5.03482912887,-0.408410773133,map_000000106.png
1.06607731765,1.81770939334,2.35746310203,0.5,0.277844339609,-0.0,-1.74901169365,5.03482912887,-0.408410773133,map_000000107.png
1.01106728437,1.83335331487,2.35746336794,0.5,0.277844339609,-0.0,-1.74901169365,5.03482912887,-0.408410773133,map_000000108.png
0.956071114523,1.84898383997,2.35746422103,0.5,0.277844339609,-0.0,-1.74901169365,5.03482912887,-0.408410773133,map_000000109.png
0.898870841004,1.86524308921,2.35746492513,0.5,0.277844339609,-0.0,-1.74901169365,5.03482912887,-0.408410773133,map_000000110.png
0.843874644738,1.88087353009,2.35746557209,0.5,0.277844339609,-0.0,-1.74901169365,5.03482912887,-0.408410773133,map_000000111.png
0.788886074302,1.89649579313,2.35746680484,0.5,0.277844339609,-0.0,-1.74901169365,5.03482912887,-0.408410773133,map_000000112.png
0.731678131421,1.9127630567,2.35746721852,0.5,0.277844339609,-0.0,-1.74901169365,5.03482912887,-0.408410773133,map_000000113.png
0.676689536352,1.92838523409,2.35746819142,0.5,0.277844339609,-0.0,-1.74901169365,5.03482912887,-0.408410773133,map_000000114.png
0.619481569169,1.94465241193,2.35746856959,0.5,0.277844339609,-0.0,-1.74901169365,5.03482912887,-0.408410773133,map_000000115.png
0.564492951784,1.96027450886,2.35746980236,0.5,0.277844339609,-0.0,-1.74901169365,5.03482912887,-0.408410773133,map_000000116.png
0.509482812693,1.9759180607,2.35747006822,0.5,0.277844339609,-0.0,-1.74901169365,5.03482912887,-0.408410773133,map_000000117.png
0.452296316362,1.99216361254,2.35747118894,0.5,0.277844339609,-0.0,-1.74901169365,5.03482912887,-0.408410773133,map_000000118.png
0.397286156512,2.00780708404,2.3574716254,0.5,0.277844339609,-0.0,-1.74901169365,5.03482912887,-0.408410773133,map_000000119.png
0.342289856818,2.02343715703,2.35747227237,0.5,0.277844339609,-0.0,-1.74901169365,5.03482912887,-0.408410773133,map_000000120.png
0.285089451857,2.03969593785,2.35747306571,0.5,0.277844339609,-0.0,-1.74901169365,5.03482912887,-0.408410773133,map_000000121.png
0.230093128776,2.0553259299,2.3574739188,0.5,0.277844339609,-0.0,-1.74901169365,5.03482912887,-0.408410773133,map_000000122.png
0.175104427179,2.0709477382,2.35747489175,0.5,0.277844339609,-0.0,-1.74901169365,5.03482912887,-0.408410773133,map_000000123.png
0.117896350133,2.08721453348,2.35747526987,0.5,0.277844339609,-0.0,-1.74901169365,5.03482912887,-0.408410773133,map_000000124.png
0.0629076281267,2.10283626138,2.35747650269,0.5,0.277844339609,-0.0,-1.74901169365,5.03482912887,-0.408410773133,map_000000125.png
0.00789738584334,2.11847944514,2.35747676849,0.5,0.277844339609,-0.0,-1.74901169365,5.03482912887,-0.408410773133,map_000000126.png
-0.0492892182054,2.13472461258,2.35747788927,0.5,0.277844339609,-0.0,-1.74901169365,5.03482912887,-0.408410773133,map_000000127.png
-0.104299484108,2.15036771516,2.35747832568,0.5,0.277844339609,-0.0,-1.74901169365,5.03482912887,-0.408410773133,map_000000128.png
-0.161486112108,2.16661279722,2.3574795002,0.5,0.277844339609,-0.0,-1.74901169365,5.03482912887,-0.408410773133,map_000000129.png
-0.216496401817,2.18225581672,2.35747976598,0.5,0.277844339609,-0.0,-1.74901169365,5.03482912887,-0.408410773133,map_000000130.png
-0.271492828803,2.19788544022,2.35748061908,0.5,0.277844339609,-0.0,-1.74901169365,5.03482912887,-0.408410773133,map_000000131.png
-0.328693366856,2.21414375066,2.35748132317,0.5,0.277844339609,-0.0,-1.74901169365,5.03482912887,-0.408410773133,map_000000132.png
-0.383689819548,2.22977329066,2.35748197015,0.5,0.277844339609,-0.0,-1.74901169365,5.03482912887,-0.408410773133,map_000000133.png
-0.438678646414,2.24539464946,2.35748320302,0.5,0.277844339609,-0.0,-1.74901169365,5.03482912887,-0.408410773133,map_000000134.png
-0.438678646414,2.24539464946,2.35748320302,0.5,0.277844339609,-0.0,-1.74901169365,5.03482912887,-0.408410773133,map_000000135.png
-0.550875706278,2.27728225092,2.3574845896,0.5,0.277844339609,-0.0,-1.74901169365,5.03482912887,-0.408410773133,map_000000136.png
-0.550875706278,2.27728225092,2.3574845896,0.5,0.277844339609,-0.0,-1.74901169365,5.03482912887,-0.408410773133,map_000000137.png
-0.605886076326,2.29292498554,2.35748502595,0.5,0.277844339609,-0.0,-1.74901169365,5.03482912887,-0.408410773133,map_000000138.png
-0.663072812759,2.30916968403,2.35748620053,0.5,0.277844339609,-0.0,-1.74901169365,5.03482912887,-0.408410773133,map_000000139.png
-0.718083208282,2.32481233491,2.35748646626,0.5,0.277844339609,-0.0,-1.74901169365,5.03482912887,-0.408410773133,map_000000140.png
-0.775269970571,2.34105694714,2.35748758711,0.5,0.277844339609,-0.0,-1.74901169365,5.03482912887,-0.408410773133,map_000000141.png
-0.830280386138,2.35669951756,2.35748802344,0.5,0.277844339609,-0.0,-1.74901169365,5.03482912887,-0.408410773133,map_000000142.png
-0.885276942734,2.37232868841,2.35748867043,0.17190694809,-0.0,-0.0,-1.74901169365,5.03482912887,-0.408410773133,map_000000143.png
-0.916778161371,2.38648887629,2.35748902293,-0.0,-0.0,-0.0,-1.74901169365,5.03482912887,-0.408410773133,map_000000144.png
-0.92407623225,2.39376807555,2.3574891265,-0.0,-0.0,-0.0,-1.74901169365,5.03482912887,-0.408410773133,map_000000145.png
-0.924066315272,2.39375815458,2.35748900672,-0.0,-0.0,-0.0,-1.74901169365,5.03482912887,-0.408410773133,map_000000146.png
-0.924076242167,2.39376808345,2.35748897936,-0.0,-0.0,-0.0,-1.74901169365,5.03482912887,-0.408410773133,map_000000147.png
-0.924066323443,2.39375816422,2.35748911831,-0.0,-0.0,-0.0,-1.74901169365,5.03482912887,-0.408410773133,map_000000148.png
-0.924077903424,2.39376974226,2.35748902307,-0.0,-0.0,-0.0,-1.74901169365,5.03482912887,-0.408410773133,map_000000149.png
-0.924066333129,2.39375817235,2.3574890068,-0.0,-0.0,-0.0,-1.74901169365,5.03482912887,-0.408410773133,map_000000150.png
-0.924077911948,2.39376975155,2.35748908143,-0.0,-0.0,-0.0,-1.74901169365,5.03482912887,-0.408410773133,map_000000151.png
-0.9240663413,2.393758182,2.35748911837,-0.0,-0.0,-0.672193050385,-1.74901169365,5.03482912887,-0.408410773133,map_000000152.png
-0.924095965206,2.39375169038,2.3548450827,-0.0,-0.0,-1.0,-1.74901169365,5.03482912887,-0.408410773133,map_000000153.png
-0.924546922172,2.39330645683,2.28874471084,-0.0,-0.0,-1.0,-1.74901169365,5.03482912887,-0.408410773133,map_000000154.png
-0.925250340206,2.39276871136,2.19160823436,-0.0,-0.0,-1.0,-1.74901169365,5.03482912887,-0.408410773133,map_000000155.png
-0.926058698775,2.39224464758,2.09327856897,-0.0,-0.0,-0.0,-1.74901169365,5.03482912887,-0.408410773133,map_000000156.png
-0.92654321434,2.39197300899,2.03822123833,-0.0,-0.0,-0.0,-1.74901169365,5.03482912887,-0.408410773133,map_000000157.png
-0.926544932842,2.3919747637,2.03822157319,-0.0,-0.0,-0.0,-1.74901169365,5.03482912887,-0.408410773133,map_000000158.png
-0.926543237599,2.39197306921,2.03822117229,-0.0,-0.0,-0.0,-1.74901169365,5.03482912887,-0.408410773133,map_000000159.png
-0.926533341176,2.39196314657,2.03821912884,-0.0,-0.0,-0.0,-1.74901169365,5.03482912887,-0.408410773133,map_000000160.png
-0.926543243471,2.3919730814,2.03822123933,-0.0,-0.0,-0.0,-1.74901169365,5.03482912887,-0.408410773133,map_000000161.png
-0.926533347502,2.39196315856,2.03821914513,-0.0,-0.0,-0.0,-1.74901169365,5.03482912887,-0.408410773133,map_000000162.png
-0.926543249667,2.39197309342,2.03822126918,-0.0,-0.0,-0.0865428596735,-1.74901169365,5.03482912887,-0.408410773133,map_000000163.png
-0.926563666536,2.39196282317,2.03583839468,-0.0,-0.0,-0.56240272522,-1.74901169365,5.03482912887,-0.408410773133,map_000000164.png
-0.926667151373,2.3919087699,2.02358461195,-0.0,-0.0,-0.663037478924,-1.74901169365,5.03482912887,-0.408410773133,map_000000165.png
-0.927172160655,2.39168359598,1.96607024078,-0.0,-0.0,-0.663037478924,-1.74901169365,5.03482912887,-0.408410773133,map_000000166.png
-0.927733043027,2.39145212269,1.90205578008,-0.0,-0.0,-0.438879042864,-1.74901169365,5.03482912887,-0.408410773133,map_000000167.png
-0.9282032472,2.39131760842,1.85184889061,-0.0,-0.0,-0.0,-1.74901169365,5.03482912887,-0.408410773133,map_000000168.png
-0.928413320204,2.39126276292,1.82940827552,-0.0,-0.0,-0.0,-1.74901169365,5.03482912887,-0.408410773133,map_000000169.png
-0.928403417842,2.39125282821,1.82940490975,-0.0,-0.0,-0.0,-1.74901169365,5.03482912887,-0.408410773133,map_000000170.png
-0.928413277225,2.39126273072,1.82940818238,-0.0,-0.0,-0.0,-1.74901169365,5.03482912887,-0.408410773133,map_000000171.png
-0.928413254207,2.39126271163,1.82940812814,-0.0,-0.0,-0.0,-1.74901169365,5.03482912887,-0.408410773133,map_000000172.png
-0.928403349954,2.39125277261,1.8294048181,-0.0,-0.0,-0.0,-1.74901169365,5.03482912887,-0.408410773133,map_000000173.png
-0.9284033269,2.3912527536,1.82940477385,-0.0,-0.0,-0.0,-1.74901169365,5.03482912887,-0.408410773133,map_000000174.png
-0.92841318633,2.39126265599,1.82940803278,-0.0,-0.0,-0.0,-1.74901169365,5.03482912887,-0.408410773133,map_000000175.png
-0.928403282087,2.39125271697,1.82940472315,-0.0,-0.0,-0.0,-1.74901169365,5.03482912887,-0.408410773133,map_000000176.png
-0.928403259042,2.39125269801,1.829404682,-0.0,-0.0,-0.0,-1.74901169365,5.03482912887,-0.408410773133,map_000000177.png
-0.928413117737,2.39126260054,1.82940801483,-0.0,-0.0,-0.0,-1.74901169365,5.03482912887,-0.408410773133,map_000000178.png
-0.9284032141,2.39125266138,1.82940464171,-0.0,-0.0,-0.0,-1.74901169365,5.03482912887,-0.408410773133,map_000000179.png
-0.928403190913,2.3912526423,1.82940460262,-0.0,-0.0,-0.0,-1.74901169365,5.03482912887,-0.408410773133,map_000000180.png
-0.928413050187,2.39126254481,1.82940788453,-0.0,-0.0,-0.0,-1.74901169365,5.03482912887,-0.408410773133,map_000000181.png
-0.928403146352,2.39125260573,1.82940453491,-0.0,-0.0,-0.0,-1.74901169365,5.03482912887,-0.408410773133,map_000000182.png
-0.928403122882,2.39125258666,1.82940452066,0.22865229845,0.0201155133545,-0.0,-1.74901169365,5.03482912887,-0.408410773133,map_000000183.png
-0.928412982604,2.39126248909,1.82940775764,0.22865229845,0.0201155133545,-0.0,-1.74901169365,5.03482912887,-0.408410773133,map_000000184.png
-0.936201944767,2.41284419332,1.82940532596,0.5,0.266037464142,-0.0,-1.74901169365,5.03482912887,-0.408410773133,map_000000185.png
-0.96731413618,2.44956710977,1.82939840372,0.5,0.266037464142,-0.0,-1.74901169365,5.03482912887,-0.408410773133,map_000000186.png
-1.00581406815,2.49109431498,1.82939731981,0.5,0.266037464142,-0.0,-1.74901169365,5.03482912887,-0.408410773133,map_000000187.png
-1.04584363519,2.53427256903,1.82939297545,0.5,0.266037464142,-0.0,-1.74901169365,5.03482912887,-0.408410773133,map_000000188.png
-1.08432364042,2.57578046688,1.82938563572,0.5,0.266037464142,-0.0,-1.74901169365,5.03482912887,-0.408410773133,map_000000189.png
-1.12282304155,2.61730816253,1.82938460771,0.5,0.266037464142,-0.0,-1.74901169365,5.03482912887,-0.408410773133,map_000000190.png
-1.16285205729,2.66048692643,1.82938024407,0.5,0.266037464142,-0.0,-1.74901169365,5.03482912887,-0.408410773133,map_000000191.png
-1.20133153329,2.70199531566,1.82937287446,0.5,0.266037464142,-0.0,-1.74901169365,5.03482912887,-0.408410773133,map_000000192.png
-1.2398304053,2.74352350177,1.82937186001,0.5,0.19746619463,-0.0,-1.74901169365,5.03482912887,-0.408410773133,map_000000193.png
-1.27720826537,2.78740384005,1.8293673366,0.5,0.0224806964397,-0.0,-1.74901169365,5.03482912887,-0.408410773133,map_000000194.png
-1.30567860064,2.83155988797,1.82935917604,0.5,-0.0,-0.0,-1.74901169365,5.03482912887,-0.408410773133,map_000000195.png
-1.32064034632,2.8793136071,1.82935707343,0.5,-0.0,-0.0,-1.74901169365,5.03482912887,-0.408410773133,map_000000196.png
-1.33393066226,2.92956493025,1.82935119271,0.5,-0.0,-0.0,-1.74901169365,5.03482912887,-0.408410773133,map_000000197.png
-1.34669967544,2.9778737949,1.82934211256,0.5,-0.0,-0.0,-1.74901169365,5.03482912887,-0.408410773133,map_000000198.png
-1.35998941263,3.02812527097,1.8293362582,0.5,-0.0,-0.0,-1.74901169365,5.03482912887,-0.408410773133,map_000000199.png
-1.37277758667,3.0764538607,1.82933399841,0.5,-0.0,-0.0,-1.74901169365,5.03482912887,-0.408410773133,map_000000200.png
-1.38554577098,3.12476294469,1.82932495855,0.5,-0.0,-0.0,-1.74901169365,5.03482912887,-0.408410773133,map_000000201.png
-1.39883464619,3.1750146491,1.8293190742,0.5,-0.0,-0.0,-1.74901169365,5.03482912887,-0.408410773133,map_000000202.png
-1.41162199157,3.22334345773,1.82931685184,0.5,-0.0,-0.0,-1.74901169365,5.03482912887,-0.408410773133,map_000000203.png
-1.42438934689,3.27165276082,1.82930779098,0.5,-0.0,-0.0,-1.74901169365,5.03482912887,-0.408410773133,map_000000204.png
-1.42438934689,3.27165276082,1.82930779098,0.5,-0.0,-0.0,-1.74901169365,5.03482912887,-0.408410773133,map_000000205.png
-1.43767735958,3.3219046932,1.82930190961,0.5,-0.0,-0.0,-1.74901169365,5.03482912887,-0.408410773133,map_000000206.png
-1.45046387416,3.37023372144,1.82929973834,0.5,-0.0,-0.0,-1.74901169365,5.03482912887,-0.408410773133,map_000000207.png
-1.46323039991,3.41854324406,1.82929062163,0.5,-0.0,-0.0,-1.74901169365,5.03482912887,-0.408410773133,map_000000208.png
-1.47651754943,3.4687954044,1.82928475792,0.5,-0.0,-0.0,-1.74901169365,5.03482912887,-0.408410773133,map_000000209.png
-1.48930323546,3.51712465168,1.8292825051,0.5,-0.0,-0.0,-1.74901169365,5.03482912887,-0.408410773133,map_000000210.png
-1.50258980553,3.56737696538,1.82927670352,0.5,-0.0,-0.0,-1.74901169365,5.03482912887,-0.408410773133,map_000000211.png
-1.51535521824,3.61568678195,1.82926760157,0.5,-0.0,-0.0,-1.74901169365,5.03482912887,-0.408410773133,map_000000212.png
-1.52814007502,3.66401624884,1.82926535288,0.5,-0.0,-0.0,-1.74901169365,5.03482912887,-0.408410773133,map_000000213.png
-1.54142578389,3.71426879027,1.82925950957,0.5,-0.0,-0.0,-1.74901169365,5.03482912887,-0.408410773133,map_000000214.png
-1.5541903671,3.76257882632,1.82925043753,0.5,-0.0,-0.0,-1.74901169365,5.03482912887,-0.408410773133,map_000000215.png
-1.56697439486,3.81090851221,1.82924819457,0.5,-0.0,-0.0,-1.74901169365,5.03482912887,-0.408410773133,map_000000216.png
-1.58025924177,3.86116128162,1.82924226155,0.5,-0.0,-0.0,-1.74901169365,5.03482912887,-0.408410773133,map_000000217.png
-1.59302299485,3.90947153739,1.82923325338,0.5,-0.0,-0.0,-1.74901169365,5.03482912887,-0.408410773133,map_000000218.png
-1.6058061927,3.95780144258,1.82923105467,0.5,-0.0,-0.0,-1.74901169365,5.03482912887,-0.408410773133,map_000000219.png
-1.61909017718,4.00805443991,1.82922515514,0.5,-0.0,-0.0,-1.74901169365,5.03482912887,-0.408410773133,map_000000220.png
-1.63185310172,4.05636491432,1.82921609918,0.5,-0.0,-0.0,-1.74901169365,5.03482912887,-0.408410773133,map_000000221.png
-1.64513650692,4.10661806444,1.82921023529,0.5,-0.0,-0.0,-1.74901169365,5.03482912887,-0.408410773133,map_000000222.png
-1.65791859108,4.15494826419,1.82920804721,0.5,-0.0,-0.0,-1.74901169365,5.03482912887,-0.408410773133,map_000000223.png
-1.67068068662,4.20325895792,1.82919894469,0.5,-0.0,-0.214682459831,-1.74901169365,5.03482912887,-0.408410773133,map_000000224.png
-1.68392368141,4.25352356607,1.81737403248,0.5,-0.0,-0.0,-1.74901169365,5.03482912887,-0.408410773133,map_000000225.png
-1.69582780583,4.30208069711,1.80386715154,0.5,-0.0,-0.0,-1.74901169365,5.03482912887,-0.408410773133,map_000000226.png
-1.70736057066,4.35069798126,1.8038626032,0.5,-0.0,-0.0,-1.74901169365,5.03482912887,-0.408410773133,map_000000227.png
-1.71936484609,4.40127011057,1.80386173975,0.5,-0.0,-0.0,-1.74901169365,5.03482912887,-0.408410773133,map_000000228.png
-1.73091722593,4.44990692112,1.80386460637,0.5,-0.0,-0.0,-1.74901169365,5.03482912887,-0.408410773133,map_000000229.png
-1.74244986873,4.49852423516,1.80386025999,0.5,-0.0,-0.0,-1.74901169365,5.03482912887,-0.408410773133,map_000000230.png
-1.75445401824,4.5490963945,1.80385939465,-0.0,-0.0,-0.0,-1.74901169365,5.03482912887,-0.408410773133,map_000000231.png
-1.76185107664,4.58022767564,1.80386206701,-0.0,-0.0,-0.0,-1.74901169365,5.03482912887,-0.408410773133,map_000000232.png
-1.76185103384,4.58022763618,1.80386209166,-0.0,-0.0,-0.0,-1.74901169365,5.03482912887,-0.408410773133,map_000000233.png
-1.76184108589,4.58021765875,1.80385903675,-0.0,-0.0,-0.0,-1.74901169365,5.03482912887,-0.408410773133,map_000000234.png
-1.76185095229,4.58022756013,1.8038620751,-0.0,-0.0,-0.0,-1.74901169365,5.03482912887,-0.408410773133,map_000000235.png
-1.76185090959,4.58022752065,1.80386209986,-0.0,-0.0,-0.745399355888,-1.74901169365,5.03482912887,-0.408410773133,map_000000236.png
-1.76224332099,4.58013490072,1.75987471716,-0.0,-0.0,-1.0,-1.74901169365,5.03482912887,-0.408410773133,map_000000237.png
-1.76305192355,4.58001780989,1.67656989178,-0.0,-0.0,-1.0,-1.74901169365,5.03482912887,-0.408410773133,map_000000238.png
-1.76402844893,4.57996297247,1.57429766584,-0.0,-0.0,-1.0,-1.74901169365,5.03482912887,-0.408410773133,map_000000239.png
-1.76495362027,4.57999921444,1.47595090314,-0.0,-0.0,-0.631031215191,-1.74901169365,5.03482912887,-0.408410773133,map_000000240.png
-1.76590978679,4.58013636542,1.3776222664,-0.0,-0.0,-0.631031215191,-1.74901169365,5.03482912887,-0.408410773133,map_000000241.png
-1.76658566566,4.5802973352,1.3058336263,-0.0,-0.0,-0.0,-1.74901169365,5.03482912887,-0.408410773133,map_000000242.png
-1.76679186144,4.58035594087,1.28349509408,-0.0,-0.0,-0.0,-1.74901169365,5.03482912887,-0.408410773133,map_000000243.png
-1.76679180724,4.58035590056,1.28349514122,-0.0,-0.0,-0.0,-1.74901169365,5.03482912887,-0.408410773133,map_000000244.png
-1.76679177382,4.58035588531,1.28349520512,-0.0,-0.0,-0.0,-1.74901169365,5.03482912887,-0.408410773133,map_000000245.png
-1.76679182559,4.58035592201,1.2834951422,-0.0,-0.0,-0.0,-1.74901169365,5.03482912887,-0.408410773133,map_000000246.png
-1.76679177291,4.58035587813,1.28349519113,-0.0,-0.0,-0.0,-1.74901169365,5.03482912887,-0.408410773133,map_000000247.png
-1.7667917393,4.58035586279,1.28349529607,-0.0,-0.0,-0.0,-1.74901169365,5.03482912887,-0.408410773133,map_000000248.png
-1.76679179115,4.58035589949,1.28349520668,-0.0,-0.0,0.419347196817,-1.74901169365,5.03482912887,-0.408410773133,map_000000249.png
-1.76661145177,4.58030356427,1.30328937584,-0.0,-0.0,0.817384898663,-1.74901169365,5.03482912887,-0.408410773133,map_000000250.png
-1.7661382711,4.58018636807,1.35549113079,-0.0,-0.0,0.849429309368,-1.74901169365,5.03482912887,-0.408410773133,map_000000251.png
-1.76536280478,4.58004746634,1.43598466473,-0.0,-0.0,0.355258345604,-1.74901169365,5.03482912887,-0.408410773133,map_000000252.png
-1.764532876,4.57997046624,1.52285160987,-0.0,-0.0,0.355258345604,-1.74901169365,5.03482912887,-0.408410773133,map_000000253.png
-1.7641419331,4.57995970928,1.56361608906,-0.0,-0.0,-0.0,-1.74901169365,5.03482912887,-0.408410773133,map_000000254.png
-1.76403476668,4.57995963058,1.57479469946,-0.0,-0.0,-0.0,-1.74901169365,5.03482912887,-0.408410773133,map_000000255.png
-1.76402493174,4.57994975574,1.57479012863,-0.0,-0.0,-0.0,-1.74901169365,5.03482912887,-0.408410773133,map_000000256.png
-1.76403669721,4.57996157993,1.57479564513,-0.0,-0.0,-0.0,-1.74901169365,5.03482912887,-0.408410773133,map_000000257.png
-1.76402493577,4.5799497725,1.57479016441,0.190828427672,-0.0,-0.0,-1.74901169365,5.03482912887,-0.408410773133,map_000000258.png
-1.76403670164,4.57996159654,1.57479562507,0.190828427672,-0.0,-0.0,-1.74901169365,5.03482912887,-0.408410773133,map_000000259.png
-1.76410187148,4.59674509112,1.57479478939,0.498226106167,-0.0,-0.0,-1.74901169365,5.03482912887,-0.408410773133,map_000000260.png
-1.76427148526,4.63870765093,1.57479559439,0.5,-0.0,-0.0,-1.74901169365,5.03482912887,-0.408410773133,map_000000261.png
-1.76446901902,4.68859842332,1.57479465451,0.5,-0.0,-0.0,-1.74901169365,5.03482912887,-0.408410773133,map_000000262.png
-1.76465893549,4.73856694469,1.57478970011,0.5,-0.0,-0.0,-1.74901169365,5.03482912887,-0.408410773133,map_000000263.png
-1.76487653966,4.79055397329,1.57479471388,0.5,-0.0,-0.0,-1.74901169365,5.03482912887,-0.408410773133,map_000000264.png
-1.76506645711,4.84052249419,1.5747896094,0.5,-0.0,-0.0,-1.74901169365,5.03482912887,-0.408410773133,map_000000265.png
-1.76527796263,4.89051272263,1.57479560295,-0.0,-0.0,-0.0,-1.74901169365,5.03482912887,-0.408410773133,map_000000266.png
-1.76532216875,4.9044944156,1.57479019368,-0.0,-0.0,-0.0,-1.74901169365,5.03482912887,-0.408410773133,map_000000267.png
-1.76533393505,4.90450623962,1.57479560805,-0.0,-0.0,-0.0,-1.74901169365,5.03482912887,-0.408410773133,map_000000268.png
-1.76532217348,4.90449443186,1.57479010496,-0.0,-0.0,-0.0,-1.74901169365,5.03482912887,-0.408410773133,map_000000269.png
-1.76533393907,4.90450625619,1.57479562515,-0.0,-0.0,-0.0,-1.74901169365,5.03482912887,-0.408410773133,map_000000270.png
-1.76533201494,4.90450433282,1.57479470494,-0.0,-0.0,-0.0,-1.74901169365,5.03482912887,-0.408410773133,map_000000271.png
-1.76533394343,4.90450627282,1.57479561434,-0.0,-0.0,-0.0,-1.74901169365,5.03482912887,-0.408410773133,map_000000272.png
-1.76533201868,4.90450434942,1.5747947557,-0.0,-0.0,-0.0,-1.74901169365,5.03482912887,-0.408410773133,map_000000273.png
-1.76532218354,4.90449447302,1.57479015851,-0.0,-0.0,-0.0,-1.74901169365,5.03482912887,-0.408410773133,map_000000274.png
-1.76532218354,4.90449447302,1.57479015851,0.169541761279,-0.0,-0.0,-1.74901169365,5.03482912887,-0.408410773133,map_000000275.png
-1.76533202329,4.90450436602,1.57479471447,0.5,-0.0,-0.0,-1.74901169365,5.03482912887,-0.408410773133,map_000000276.png
-1.76533573281,4.90788376767,1.57478998838,0.5,-0.0,-0.0,-1.74901169365,5.03482912887,-0.408410773133,map_000000277.png
-1.76541522909,4.92484244495,1.57479565063,0.5,-0.0,-0.0,-1.74901169365,5.03482912887,-0.408410773133,map_000000278.png
-1.76561122472,4.97680774587,1.57478964794,0.5,-0.0,-0.0,-1.74901169365,5.03482912887,-0.408410773133,map_000000279.png
-1.76582273129,5.02679797416,1.57479559345,0.5,-0.0,-0.0,-1.74901169365,5.03482912887,-0.408410773133,map_000000280.png
-1.76601874715,5.07876329598,1.57478968439,-0.0,-0.0,-0.0,-1.74901169365,5.03482912887,-0.408410773133,map_000000281.png
-1.76613439785,5.10476401825,1.57479566226,-0.0,-0.0,-0.0,-1.74901169365,5.03482912887,-0.408410773133,map_000000282.png
-1.76613247407,5.10476209487,1.57479470575,-0.0,-0.0,-0.0,-1.74901169365,5.03482912887,-0.408410773133,map_000000283.png
-1.76613440216,5.10476403486,1.57479565459,-0.0,-0.0,-0.0,-1.74901169365,5.03482912887,-0.408410773133,map_000000284.png
-1.76613247722,5.10476211148,1.57479481765,-0.0,-0.0,-0.0,-1.74901169365,5.03482912887,-0.408410773133,map_000000285.png
-1.76612264263,5.10475223507,1.57479016302,-0.0,-0.0,-0.0,-1.74901169365,5.03482912887,-0.408410773133,map_000000286.png
-1.76613248264,5.10476212808,1.5747946914,-0.0,-0.0,-0.0,-1.74901169365,5.03482912887,-0.408410773133,map_000000287.png
-1.76612264697,5.10475225167,1.57479015106,-0.0,-0.0,-0.0,-1.74901169365,5.03482912887,-0.408410773133,map_000000288.png
-1.76613441287,5.10476407587,1.57479562535,-0.0,-0.0,-0.0,-1.74901169365,5.03482912887,-0.408410773133,map_000000289.png
-1.76612265128,5.10475226812,1.57479012513,-0.0,-0.0,-0.0,-1.74901169365,5.03482912887,-0.408410773133,map_000000290.png
-1.76613441687,5.10476409247,1.57479564683,-0.0,-0.0,-0.0,-1.74901169365,5.03482912887,-0.408410773133,map_000000291.png
-1.76612265526,5.10475228491,1.57479017082,-0.0,-0.0,-0.0270699188113,-1.74901169365,5.03482912887,-0.408410773133,map_000000292.png
-1.76613977949,5.10475202414,1.57297995917,-0.0,-0.0,-1.0,-1.74901169365,5.03482912887,-0.408410773133,map_000000293.png
-1.76661316372,5.10476752737,1.52439678493,-0.0,-0.0,-1.0,-1.74901169365,5.03482912887,-0.408410773133,map_000000294.png
-1.76757320794,5.104859212,1.42211632297,-0.0,-0.0,-1.0,-1.74901169365,5.03482912887,-0.408410773133,map_000000295.png
-1.76851203071,5.10503871425,1.32378308821,-0.0,-0.0,-1.0,-1.74901169365,5.03482912887,-0.408410773133,map_000000296.png
-1.76938710108,5.10529438421,1.22542894866,-0.0,-0.0,-1.0,-1.74901169365,5.03482912887,-0.408410773133,map_000000297.png
-1.77029368741,5.10566883689,1.12315564803,-0.0,-0.0,-1.0,-1.74901169365,5.03482912887,-0.408410773133,map_000000298.png
-1.77114721318,5.10613471113,1.02482949567,-0.0,-0.0,-1.0,-1.74901169365,5.03482912887,-0.408410773133,map_000000299.png
-1.77191378245,5.10664713303,0.926479851208,-0.0,-0.0,-1.0,-1.74901169365,5.03482912887,-0.408410773133,map_000000300.png
-1.77266926414,5.10727043657,0.824205608738,-0.0,-0.0,-1.0,-1.74901169365,5.03482912887,-0.408410773133,map_000000301.png
-1.77334475687,5.10795562327,0.725874942421,-0.0,-0.0,-1.0,-1.74901169365,5.03482912887,-0.408410773133,map_000000302.png
-1.77396689047,5.10872071077,0.623603883924,-0.0,-0.0,-1.0,-1.74901169365,5.03482912887,-0.408410773133,map_000000303.png
-1.77446311919,5.10949351205,0.525252671049,-0.0,-0.0,-1.0,-1.74901169365,5.03482912887,-0.408410773133,map_000000304.png
-1.77490792025,5.11034815104,0.426923248173,-0.0,-0.0,-1.0,-1.74901169365,5.03482912887,-0.408410773133,map_000000305.png
-1.77527483102,5.11126438275,0.324653528334,-0.0,-0.0,-1.0,-1.74901169365,5.03482912887,-0.408410773133,map_000000306.png
-1.775525807,5.11214915519,0.226303717174,-0.0,-0.0,-1.0,-1.74901169365,5.03482912887,-0.408410773133,map_000000307.png
-1.77571127454,5.11310775658,0.127981240445,-0.0,-0.0,-1.0,-1.74901169365,5.03482912887,-0.408410773133,map_000000308.png
-1.77578384645,5.1140628,0.0257002445434,-0.0,-0.0,-1.0,-1.74901169365,5.03482912887,-0.408410773133,map_000000309.png
-1.77576670527,5.11502702306,-0.0726260823457,-0.0,-0.0,-1.0,-1.74901169365,5.03482912887,-0.408410773133,map_000000310.png
-1.77566299303,5.11595016535,-0.170971262406,-0.0,-0.0,-1.0,-1.74901169365,5.03482912887,-0.408410773133,map_000000311.png
-1.77546089253,5.11689953369,-0.273249077616,-0.0,-0.0,-0.333628356457,-1.74901169365,5.03482912887,-0.408410773133,map_000000312.png
-1.77522620448,5.11761290529,-0.347980766275,-0.0,-0.0,-0.0,-1.74901169365,5.03482912887,-0.408410773133,map_000000313.png
