1.89460991893,4.16362201515,1.08030292988,-0.0,-0.0,-0.0,1.05604328737,2.72010963305,-0.279033941501,map_000000043.png
1.89461969793,4.16361222805,1.08029688097,-0.0,-0.0,-1.0,1.05604328737,2.72010963305,-0.279033941501,map_000000044.png
1.89456022341,4.16364074059,1.07242571703,-0.0,-0.0,-1.0,1.05604328737,2.72010963305,-0.279033941501,map_000000045.png
1.89376968884,4.16412123869,0.974077413793,-0.0,-0.0,-1.0,1.05604328737,2.72010963305,-0.279033941501,map_000000046.png
1.89298274873,4.16470904904,0.871804628056,-0.0,-0.0,-1.0,1.05604328737,2.72010963305,-0.279033941501,map_000000047.png
1.89226110525,4.16537289142,0.769530988054,-0.0,-0.0,-1.0,1.05604328737,2.72010963305,-0.279033941501,map_000000048.png
1.89162145901,4.16609371881,0.671200712698,-0.0,-0.0,-1.0,1.05604328737,2.72010963305,-0.279033941501,map_000000049.png
1.89105555502,4.16689063519,0.568926003229,-0.0,-0.0,-1.0,1.05604328737,2.72010963305,-0.279033941501,map_000000050.png
1.89057061083,4.16773921267,0.466651607972,-0.0,-0.0,-1.0,1.05604328737,2.72010963305,-0.279033941501,map_000000051.png
1.89019151717,4.16858429898,0.368304418534,-0.0,-0.0,-1.0,1.05604328737,2.72010963305,-0.279033941501,map_000000052.png
1.8898770001,4.16951941804,0.266034540984,-0.0,-0.0,-1.0,1.05604328737,2.72010963305,-0.279033941501,map_000000053.png
1.88965785552,4.17048216557,0.163765663411,-0.0,-0.0,-1.0,1.05604328737,2.72010963305,-0.279033941501,map_000000054.png
1.88953629239,4.17144552411,0.065441435039,-0.0,-0.0,-1.0,1.05604328737,2.72010963305,-0.279033941501,map_000000055.png
1.8895091689,4.17241574297,-0.0368332945849,-0.0,-0.0,-1.0,1.05604328737,2.72010963305,-0.279033941501,map_000000056.png
1.88960465758,4.17340601788,-0.139099559825,-0.0,-0.0,-1.0,1.05604328737,2.72010963305,-0.279033941501,map_000000057.png
1.8897688403,4.17430987698,-0.237450640281,-0.0,-0.0,-1.0,1.05604328737,2.72010963305,-0.279033941501,map_000000058.png
1.89003245382,4.17524120063,-0.33972953165,-0.0,-0.0,-1.0,1.05604328737,2.72010963305,-0.279033941501,map_000000059.png
1.89040239492,4.176150492,-0.442002414548,-0.0,-0.0,-1.0,1.05604328737,2.72010963305,-0.279033941501,map_000000060.png
1.89085302149,4.17700028093,-0.540333210783,-0.0,-0.0,-1.0,1.05604328737,2.72010963305,-0.279033941501,map_000000061.png
1.89140212746,4.17781858534,-0.642604603032,-0.0,-0.0,-1.0,1.05604328737,2.72010963305,-0.279033941501,map_000000062.png
1.89202597535,4.17857559029,-0.744878020578,-0.0,-0.0,-1.0,1.05604328737,2.72010963305,-0.279033941501,map_000000063.png
1.89267854646,4.1792198225,-0.843230182839,-0.0,-0.0,-1.0,1.05604328737,2.72010963305,-0.279033941501,map_000000064.png
1.89344388228,4.17984008419,-0.945501501124,-0.0,-0.0,-1.0,1.05604328737,2.72010963305,-0.279033941501,map_000000065.png
1.89426585129,4.18037697695,-1.04777404238,-0.0,-0.0,-1.0,1.05604328737,2.72010963305,-0.279033941501,map_000000066.png
1.89512170077,4.18082010875,-1.14610336514,-0.0,-0.0,-1.0,1.05604328737,2.72010963305,-0.279033941501,map_000000067.png
1.89603141967,4.18117778397,-1.24837725957,-0.0,-0.0,-1.0,1.05604328737,2.72010963305,-0.279033941501,map_000000068.png
1.89698007038,4.18144751089,-1.35064680366,-0.0,-0.0,-1.0,1.05604328737,2.72010963305,-0.279033941501,map_000000069.png
1.89790283739,4.18162064503,-1.44898743333,-0.0,-0.0,-1.0,1.05604328737,2.72010963305,-0.279033941501,map_000000070.png
1.89790283739,4.18162064503,-1.44898743333,-0.0,-0.0,-1.0,1.05604328737,2.72010963305,-0.279033941501,map_000000071.png
1.89889247539,4.18170784093,-1.55125134652,-0.0,-0.0,-1.0,1.05604328737,2.72010963305,-0.279033941501,map_000000072.png
1.89986163898,4.18167460431,-1.653528825,-0.0,-0.0,-1.0,1.05604328737,2.72010963305,-0.279033941501,map_000000073.png
1.90082144853,4.18154695018,-1.75185660649,-0.0,-0.0,-1.0,1.05604328737,2.72010963305,-0.279033941501,map_000000074.png
1.90176610841,4.18133531916,-1.85413544912,-0.0,-0.0,-1.0,1.05604328737,2.72010963305,-0.279033941501,map_000000075.png
1.90268876582,4.18101228926,-1.95640982172,-0.0,-0.0,-0.0,1.05604328737,2.72010963305,-0.279033941501,map_000000076.png
1.90326223301,4.18075652848,-2.0193355718,-0.0,-0.0,-0.0,1.05604328737,2.72010963305,-0.279033941501,map_000000077.png
1.90327173928,4.18074692259,-2.01932965719,-0.0,-0.0,-0.0,1.05604328737,2.72010963305,-0.279033941501,map_000000078.png
1.90327177641,4.18074688011,-2.01932973806,-0.0,-0.0,-0.0,1.05604328737,2.72010963305,-0.279033941501,map_000000079.png
1.90326232192,4.18075634942,-2.01933541908,-0.0,-0.0,-0.0,1.05604328737,2.72010963305,-0.279033941501,map_000000080.png
1.90326235857,4.18075630738,-2.0193354313,-0.0,-0.0,-0.846072256565,1.05604328737,2.72010963305,-0.279033941501,map_000000081.png
1.90369258153,4.18054266453,-2.0725985348,-0.0,-0.0,-1.0,1.05604328737,2.72010963305,-0.279033941501,map_000000082.png
1.90443481593,4.18009855648,-2.16245928558,-0.0,-0.0,-0.933011889458,1.05604328737,2.72010963305,-0.279033941501,map_000000083.png
1.90521587426,4.17951595854,-2.26314774627,-0.0,-0.0,-0.0,1.05604328737,2.72010963305,-0.279033941501,map_000000084.png
1.90585869169,4.17893417121,-2.35121900709,-0.0,-0.0,-0.0,1.05604328737,2.72010963305,-0.279033941501,map_000000085.png
1.90585249008,4.17892679569,-2.35121872119,-0.0,-0.0,-0.0,1.05604328737,2.72010963305,-0.279033941501,map_000000086.png
1.90586872912,4.17892378801,-2.35121229929,-0.0,-0.0,-0.0,1.05604328737,2.72010963305,-0.279033941501,map_000000087.png
1.90585910999,4.17893336062,-2.35121854456,-0.0,-0.0,-0.0,1.05604328737,2.72010963305,-0.279033941501,map_000000088.png
1.90585914788,4.17893342504,-2.35121859445,-0.0,-0.0,-0.0,1.05604328737,2.72010963305,-0.279033941501,map_000000089.png
1.90586240789,4.17893667179,-2.35121854299,-0.0,-0.0,-0.0,1.05604328737,2.72010963305,-0.279033941501,map_000000090.png
1.90585907317,4.17893337316,-2.35121855528,-0.0,-0.0,-0.0,1.05604328737,2.72010963305,-0.279033941501,map_000000091.png
1.90586871565,4.17892372244,-2.35121219197,-0.0,-0.0,-0.0,1.05604328737,2.72010963305,-0.279033941501,map_000000092.png
1.9058590974,4.17893329413,-2.351218707,-0.0,-0.0,-0.0,1.05604328737,2.72010963305,-0.279033941501,map_000000093.png
1.90585000768,4.17892422939,-2.35121840867,-0.0,-0.0,-0.0,1.05604328737,2.72010963305,-0.279033941501,map_000000094.png
1.90586239492,4.17893660572,-2.35121854377,-0.0,-0.0,-0.0,1.05604328737,2.72010963305,-0.279033941501,map_000000095.png
1.90585905988,4.17893330741,-2.35121851081,-0.0,-0.0,-0.0,1.05604328737,2.72010963305,-0.279033941501,map_000000096.png
1.90585909161,4.17893326722,-2.35121848264,-0.0,-0.0,-0.0,1.05604328737,2.72010963305,-0.279033941501,map_000000097.png
1.90585908412,4.17893322838,-2.35121866437,-0.0,-0.0,-0.0,1.05604328737,2.72010963305,-0.279033941501,map_000000098.png
1.9058499969,4.17892416115,-2.35121873215,-0.0,-0.0,-0.0,1.05604328737,2.72010963305,-0.279033941501,map_000000099.png
1.90585245128,4.17892661037,-2.35121851855,-0.0,-0.0,-0.0,1.05604328737,2.72010963305,-0.279033941501,map_000000100.png
1.90585904653,4.17893324171,-2.35121845599,-0.0,-0.0,-0.0,1.05604328737,2.72010963305,-0.279033941501,map_000000101.png
1.90585907849,4.1789332013,-2.35121846312,-0.0,-0.0,-0.0,1.05604328737,2.72010963305,-0.279033941501,map_000000102.png
1.90585911065,4.17893323996,-2.35121849062,-0.0,-0.0,-0.0,1.05604328737,2.72010963305,-0.279033941501,map_000000103.png
1.90584998049,4.17892409848,-2.35121822866,-0.0,-0.0,-0.0,1.05604328737,2.72010963305,-0.279033941501,map_000000104.png
1.90585243757,4.17892654505,-2.35121841061,-0.0,-0.0,-0.0,1.05604328737,2.72010963305,-0.279033941501,map_000000105.png
1.90586867843,4.17892353736,-2.35121208933,-0.0,-0.0,-0.0,1.05604328737,2.72010963305,-0.279033941501,map_000000106.png
1.90585906519,4.17893313554,-2.35121841657,-0.0,-0.0,-0.0,1.05604328737,2.72010963305,-0.279033941501,map_000000107.png
1.90585909744,4.17893317413,-2.35121845858,-0.0,-0.0,-0.0,1.05604328737,2.72010963305,-0.279033941501,map_000000108.png
1.90586235732,4.178936421,-2.3512183891,-0.0,-0.0,-0.0,1.05604328737,2.72010963305,-0.279033941501,map_000000109.png
1.90585242387,4.17892647971,-2.35121830529,-0.0,-0.0,-0.0,1.05604328737,2.72010963305,-0.279033941501,map_000000110.png
1.90585242387,4.17892647971,-2.35121830529,-0.0,-0.0,-0.0,1.05604328737,2.72010963305,-0.279033941501,map_000000111.png
1.90586866541,4.17892347134,-2.35121212135,-0.0,-0.0,-0.0,1.05604328737,2.72010963305,-0.279033941501,map_000000112.png
1.90585904659,4.17893304363,-2.35121846935,-0.0,-0.0,-0.0,1.05604328737,2.72010963305,-0.279033941501,map_000000113.png
1.90585908401,4.17893310853,-2.35121839349,-0.0,-0.0,-0.0,1.05604328737,2.72010963305,-0.279033941501,map_000000114.png
1.9058623441,4.17893635519,-2.35121835479,-0.0,-0.0,-0.0,1.05604328737,2.72010963305,-0.279033941501,map_000000115.png
1.9058590095,4.17893305644,-2.35121838052,-0.0,-0.0,-0.0,1.05604328737,2.72010963305,-0.279033941501,map_000000116.png
1.90586865219,4.17892340553,-2.35121208612,-0.0,-0.0,-0.0,1.05604328737,2.72010963305,-0.279033941501,map_000000117.png
1.9058590387,4.17893300396,-2.35121833888,-0.0,-0.0,-0.0,1.05604328737,2.72010963305,-0.279033941501,map_000000118.png
1.90585907084,4.17893304265,-2.35121836565,-0.0,-0.0,-0.0,1.05604328737,2.72010963305,-0.279033941501,map_000000119.png
1.9058499424,4.17892389947,-2.35121835535,-0.0,-0.0,-0.0,1.05604328737,2.72010963305,-0.279033941501,map_000000120.png
1.90585239861,4.17892634688,-2.35121841097,0.110431224108,-0.0,-0.0,1.05604328737,2.72010963305,-0.279033941501,map_000000121.png
1.90120855706,4.17421664629,-2.35121161078,0.320875436068,-0.0,-0.0,1.05604328737,2.72010963305,-0.279033941501,map_000000122.png
1.8875119538,4.16040231964,-2.35121767409,0.491130560637,-0.0,-0.0,1.05604328737,2.72010963305,-0.279033941501,map_000000123.png
1.86116792956,4.13379472335,-2.35121696933,0.5,-0.0,-0.0,1.05604328737,2.72010963305,-0.279033941501,map_000000124.png
1.82522276844,4.09748980993,-2.35121601494,0.5,-0.0,-0.0,1.05604328737,2.72010963305,-0.279033941501,map_000000125.png
1.79004733138,4.06196238222,-2.3512151559,0.5,-0.0,-0.0,1.05604328737,2.72010963305,-0.279033941501,map_000000126.png
1.75349177631,4.02502145735,-2.35120722315,0.5,-0.0,-0.0,1.05604328737,2.72010963305,-0.279033941501,map_000000127.png
1.7169097953,3.98809243469,-2.35121277557,0.5,-0.0,-0.0,1.05604328737,2.72010963305,-0.279033941501,map_000000128.png
1.68174487547,3.95257534589,-2.35121177754,0.5,-0.0,-0.0,1.05604328737,2.72010963305,-0.279033941501,map_000000129.png
1.64517611085,3.91564020217,-2.35121076901,0.5,-0.0,-0.0,1.05604328737,2.72010963305,-0.279033941501,map_000000130.png
1.60860115344,3.87869884434,-2.35120982099,0.5,-0.0,-0.0,1.05604328737,2.72010963305,-0.279033941501,map_000000131.png
1.57344549624,3.84317147477,-2.35120200719,0.5,-0.0,-0.0,1.05604328737,2.72010963305,-0.279033941501,map_000000132.png
1.53686370931,3.80624226005,-2.35120766261,0.119891963899,-0.0,-0.0,1.05604328737,2.72010963305,-0.279033941501,map_000000133.png
1.52166972176,3.79089607343,-2.35120654553,-0.0,-0.0,-0.0,1.05604328737,2.72010963305,-0.279033941501,map_000000134.png
1.51830924966,3.78750177129,-2.35120668991,-0.0,-0.0,-0.0,1.05604328737,2.72010963305,-0.279033941501,map_000000135.png
1.51830591512,3.7874984725,-2.35120672564,-0.0,-0.0,-0.0,1.05604328737,2.72010963305,-0.279033941501,map_000000136.png
1.51830594656,3.78749843259,-2.35120665815,-0.0,-0.0,-0.0,1.05604328737,2.72010963305,-0.279033941501,map_000000137.png
1.51830593876,3.78749839407,-2.35120674635,0.410733371973,-0.0,-0.0,1.05604328737,2.72010963305,-0.279033941501,map_000000138.png
1.51829684933,3.78748932901,-2.35120653734,0.410733371973,-0.0,-0.0,1.05604328737,2.72010963305,-0.279033941501,map_000000139.png
1.49287858634,3.76181615123,-2.3512066474,0.5,-0.0,-0.0,1.05604328737,2.72010963305,-0.279033941501,map_000000140.png
1.45972940808,3.72833450773,-2.35120548221,0.5,-0.0,-0.0,1.05604328737,2.72010963305,-0.279033941501,map_000000141.png
1.42315784128,3.69139601891,-2.35120414263,0.5,-0.0,-0.0,1.05604328737,2.72010963305,-0.279033941501,map_000000142.png
1.38658608171,3.65445734929,-2.35120319949,0.5,-0.0,-0.0,1.05604328737,2.72010963305,-0.279033941501,map_000000143.png
1.35141191056,3.61893028454,-2.35120220488,0.5,-0.0,-0.0,1.05604328737,2.72010963305,-0.279033941501,map_000000144.png
1.31484268609,3.58199397911,-2.3512014889,0.5,-0.0,-0.0,1.05604328737,2.72010963305,-0.279033941501,map_000000145.png
1.2782876387,3.54505255191,-2.35119319672,0.5,-0.0,-0.0,1.05604328737,2.72010963305,-0.279033941501,map_000000146.png
1.24311330401,3.50954431128,-2.3511989121,0.316145062447,-0.0,-0.0,1.05604328737,2.72010963305,-0.279033941501,map_000000147.png
1.21481722576,3.48096406037,-2.3511982218,-0.0,-0.0,-0.0,1.05604328737,2.72010963305,-0.279033941501,map_000000148.png
1.20236934903,3.46839110389,-2.35119779046,-0.0,-0.0,-0.0,1.05604328737,2.72010963305,-0.279033941501,map_000000149.png
1.20236934903,3.46839110389,-2.35119779046,-0.0,-0.0,-0.0,1.05604328737,2.72010963305,-0.279033941501,map_000000150.png
1.20235941639,3.46838116176,-2.35119782969,-0.0,-0.0,-0.0,1.05604328737,2.72010963305,-0.279033941501,map_000000151.png
1.2023756568,3.46837815454,-2.35119144697,-0.0,-0.0,-0.0,1.05604328737,2.72010963305,-0.279033941501,map_000000152.png
1.20236603834,3.46838772646,-2.35119792526,-0.0,-0.0,-0.0,1.05604328737,2.72010963305,-0.279033941501,map_000000153.png
1.20236607556,3.46838779156,-2.35119777276,-0.0,-0.0,-0.0,1.05604328737,2.72010963305,-0.279033941501,map_000000154.png
1.20236933576,3.46839103812,-2.35119774981,-0.0,-0.0,-0.0,1.05604328737,2.72010963305,-0.279033941501,map_000000155.png
1.20236600091,3.46838773961,-2.35119774,-0.0,-0.0,-0.0,1.05604328737,2.72010963305,-0.279033941501,map_000000156.png
1.20237564378,3.46837808853,-2.35119147898,0.0371295809746,-0.0,-0.0,1.05604328737,2.72010963305,-0.279033941501,map_000000157.png
1.20205270475,3.46807121386,-2.3511976713,0.5,-0.0,-0.0,1.05604328737,2.72010963305,-0.279033941501,map_000000158.png
1.19933696293,3.46532819864,-2.35119764032,0.5,-0.0,-0.0,1.05604328737,2.72010963305,-0.279033941501,map_000000159.png
1.16546520748,3.43111623702,-2.35119664231,0.5,-0.0,-0.0,1.05604328737,2.72010963305,-0.279033941501,map_000000160.png
1.12889618871,3.39417972801,-2.35119580444,0.5,-0.0,-0.0,1.05604328737,2.72010963305,-0.279033941501,map_000000161.png
1.09234134778,3.35723809579,-2.35118762438,0.5,-0.0,-0.0,1.05604328737,2.72010963305,-0.279033941501,map_000000162.png
1.05716721152,3.32172965888,-2.35119336774,0.5,-0.0,-0.0,1.05604328737,2.72010963305,-0.279033941501,map_000000163.png
1.02059584971,3.28479059505,-2.35119242268,0.5,-0.0,-0.0,1.05604328737,2.72010963305,-0.279033941501,map_000000164.png
0.984027798327,3.24785474476,-2.35119141929,0.5,-0.0,-0.0,1.05604328737,2.72010963305,-0.279033941501,map_000000165.png
0.948853231615,3.21232645486,-2.35119051551,0.5,-0.0,-0.0,1.05604328737,2.72010963305,-0.279033941501,map_000000166.png
0.912298583299,3.17538463263,-2.35118234561,0.115161597729,-0.0,-0.0,1.05604328737,2.72010963305,-0.279033941501,map_000000167.png
0.89412231695,3.1570447351,-2.35118862937,-0.0,-0.0,-0.0,1.05604328737,2.72010963305,-0.279033941501,map_000000168.png
0.889910882256,3.15279094732,-2.35118860578,-0.0,-0.0,-0.0,1.05604328737,2.72010963305,-0.279033941501,map_000000169.png
0.889914142118,3.1527941942,-2.3511885348,-0.0,-0.0,-0.0,1.05604328737,2.72010963305,-0.279033941501,map_000000170.png
0.889910807539,3.15279089546,-2.35118856402,-0.0,-0.0,-0.0,1.05604328737,2.72010963305,-0.279033941501,map_000000171.png
0.889920449884,3.15278124486,-2.35118216224,-0.0,-0.0,-0.0,1.05604328737,2.72010963305,-0.279033941501,map_000000172.png
0.889910831397,3.15279081683,-2.35118861551,-0.0,-0.0,-0.0,1.05604328737,2.72010963305,-0.279033941501,map_000000173.png
0.889901742883,3.15278175086,-2.35118854057,-0.0,-0.0,-0.0,1.05604328737,2.72010963305,-0.279033941501,map_000000174.png
0.889914128908,3.15279412838,-2.35118850093,0.5,-0.0,-0.0,1.05604328737,2.72010963305,-0.279033941501,map_000000175.png
0.877251950581,3.14000458764,-2.35118820777,0.5,-0.0,-0.0,1.05604328737,2.72010963305,-0.279033941501,map_000000176.png
0.840681022344,3.10306546751,-2.35118688092,0.5,-0.0,-0.0,1.05604328737,2.72010963305,-0.279033941501,map_000000177.png
0.80551606973,3.06754645604,-2.35118607951,0.5,-0.0,-0.0,1.05604328737,2.72010963305,-0.279033941501,map_000000178.png
0.768936343496,3.03059849418,-2.35118517835,0.5,-0.0,-0.0,1.05604328737,2.72010963305,-0.279033941501,map_000000179.png
0.732367753874,2.99366156005,-2.35118403347,0.5,-0.0,-0.0,1.05604328737,2.72010963305,-0.279033941501,map_000000180.png
0.697210360238,2.95814996189,-2.35118298207,0.285416722298,-0.0,-0.0,1.05604328737,2.72010963305,-0.279033941501,map_000000181.png
0.667279620955,2.92791756286,-2.35118194712,-0.0,-0.0,-0.0,1.05604328737,2.72010963305,-0.279033941501,map_000000182.png
0.652024083718,2.91250830152,-2.35118160971,-0.0,-0.0,-0.0,1.05604328737,2.72010963305,-0.279033941501,map_000000183.png
0.652014954171,2.91249915946,-2.35118143599,-0.0,-0.0,-0.0,1.05604328737,2.72010963305,-0.279033941501,map_000000184.png
0.652017411831,2.91250160543,-2.35118170537,-0.0,-0.0,-0.0,1.05604328737,2.72010963305,-0.279033941501,map_000000185.png
0.652033652215,2.91249859823,-2.35117541311,-0.0,-0.0,-0.0,1.05604328737,2.72010963305,-0.279033941501,map_000000186.png
0.652024038295,2.91250819709,-2.35118153798,-0.0,-0.0,-0.0,1.05604328737,2.72010963305,-0.279033941501,map_000000187.png
0.65202407045,2.91250823578,-2.35118156669,-0.0,-0.0,-0.0,1.05604328737,2.72010963305,-0.279033941501,map_000000188.png
0.652027330388,2.91251148259,-2.35118150556,-0.0,-0.0,0.0715887919068,1.05604328737,2.72010963305,-0.279033941501,map_000000189.png
0.652026772011,2.91250531857,-2.35004820254,-0.0,-0.0,0.84485155344,1.05604328737,2.72010963305,-0.279033941501,map_000000190.png
0.652026772011,2.91250531857,-2.35004820254,-0.0,-0.0,0.84485155344,1.05604328737,2.72010963305,-0.279033941501,map_000000191.png
0.651967094216,2.91256399215,-2.34273360037,-0.0,-0.0,1.0,1.05604328737,2.72010963305,-0.279033941501,map_000000192.png
0.6513992611,2.91307481993,-2.25935369101,-0.0,-0.0,1.0,1.05604328737,2.72010963305,-0.279033941501,map_000000193.png
0.650659724911,2.91363727551,-2.16407288127,-0.0,-0.0,1.0,1.05604328737,2.72010963305,-0.279033941501,map_000000194.png
0.649822207996,2.91413593499,-2.061797117,-0.0,-0.0,1.0,1.05604328737,2.72010963305,-0.279033941501,map_000000195.png
0.64893074026,2.91456064769,-1.95952748121,-0.0,-0.0,1.0,1.05604328737,2.72010963305,-0.279033941501,map_000000196.png
0.648065218121,2.91486675384,-1.86117675246,-0.0,-0.0,1.0,1.05604328737,2.72010963305,-0.279033941501,map_000000197.png
0.647122998122,2.91510875735,-1.76285216259,-0.0,-0.0,1.0,1.05604328737,2.72010963305,-0.279033941501,map_000000198.png
0.646148188161,2.91525302657,-1.66058326293,-0.0,-0.0,1.0,1.05604328737,2.72010963305,-0.279033941501,map_000000199.png
0.645219525913,2.91529864583,-1.56223975465,-0.0,-0.0,-0.0,1.05604328737,2.72010963305,-0.279033941501,map_000000200.png
0.644832250843,2.91527908054,-1.52291039963,-0.0,-0.0,-0.0,1.05604328737,2.72010963305,-0.279033941501,map_000000201.png
0.644823058157,2.91528828657,-1.52291391858,-0.0,-0.0,-0.0,1.05604328737,2.72010963305,-0.279033941501,map_000000202.png
0.644822991144,2.91528835797,-1.5229142346,-0.0,-0.0,-0.0,1.05604328737,2.72010963305,-0.279033941501,map_000000203.png
0.644823052099,2.91528829926,-1.52291421684,-0.0,-0.0,0.341563165188,1.05604328737,2.72010963305,-0.279033941501,map_000000204.png
0.644823008357,2.91528833472,-1.52291418628,-0.0,-0.0,0.341563165188,1.05604328737,2.72010963305,-0.279033941501,map_000000205.png
0.644538832757,2.91525767342,-1.49200920233,-0.0,-0.0,0.982108533382,1.05604328737,2.72010963305,-0.279033941501,map_000000206.png
0.643780714562,2.9151828031,-1.41172065442,-0.0,-0.0,1.0,1.05604328737,2.72010963305,-0.279033941501,map_000000207.png
0.64283442259,2.91499115031,-1.31028910195,-0.0,-0.0,1.0,1.05604328737,2.72010963305,-0.279033941501,map_000000208.png
0.641930480716,2.91471547811,-1.21195094739,-0.0,-0.0,1.0,1.05604328737,2.72010963305,-0.279033941501,map_000000209.png
0.641025916117,2.9143164379,-1.10968120267,-0.0,-0.0,1.0,1.05604328737,2.72010963305,-0.279033941501,map_000000210.png
0.640168957835,2.91384375737,-1.00740689723,-0.0,-0.0,1.0,1.05604328737,2.72010963305,-0.279033941501,map_000000211.png
0.639413449344,2.91331763389,-0.909056268055,-0.0,-0.0,1.0,1.05604328737,2.72010963305,-0.279033941501,map_000000212.png
0.638659161839,2.91267155864,-0.806788486738,-0.0,-0.0,1.0,1.05604328737,2.72010963305,-0.279033941501,map_000000213.png
0.637981628708,2.91196144464,-0.704515362598,-0.0,-0.0,0.341563165188,1.05604328737,2.72010963305,-0.279033941501,map_000000214.png
0.63754022688,2.91140499547,-0.634685309603,-0.0,-0.0,-0.0,1.05604328737,2.72010963305,-0.279033941501,map_000000215.png
0.637396574304,2.91120577151,-0.609159563674,-0.0,-0.0,-0.0,1.05604328737,2.72010963305,-0.279033941501,map_000000216.png
0.637397325712,2.91120576548,-0.609159390251,-0.0,-0.0,-0.0,1.05604328737,2.72010963305,-0.279033941501,map_000000217.png
0.637397328027,2.91120576461,-0.609159426836,-0.0,-0.0,-0.0,1.05604328737,2.72010963305,-0.279033941501,map_000000218.png
0.637404025032,2.91119908604,-0.609160073712,-0.0,-0.0,0.282052069902,1.05604328737,2.72010963305,-0.279033941501,map_000000219.png
0.637291671032,2.91103016324,-0.588082162217,-0.0,-0.0,1.0,1.05604328737,2.72010963305,-0.279033941501,map_000000220.png
0.636961468356,2.91051076884,-0.520795350504,-0.0,-0.0,1.0,1.05604328737,2.72010963305,-0.279033941501,map_000000221.png
0.636513466391,2.90963516486,-0.418523803176,-0.0,-0.0,-0.0,1.05604328737,2.72010963305,-0.279033941501,map_000000222.png
0.636202689192,2.90888155638,-0.335929361934,-0.0,-0.0,-0.0,1.05604328737,2.72010963305,-0.279033941501,map_000000223.png
0.636212033388,2.90887231904,-0.335931966206,-0.0,-0.0,-0.0,1.05604328737,2.72010963305,-0.279033941501,map_000000224.png
0.636212077174,2.90887227462,-0.335931660984,-0.0,-0.0,-0.0,1.05604328737,2.72010963305,-0.279033941501,map_000000225.png
0.636212117826,2.90887224023,-0.335931968486,-0.0,-0.0,-0.0,1.05604328737,2.72010963305,-0.279033941501,map_000000226.png
0.636202948431,2.90888137397,-0.335929449668,-0.0,-0.0,-0.0,1.05604328737,2.72010963305,-0.279033941501,map_000000227.png
0.636202987385,2.9088813365,-0.335929371744,-0.0,-0.0,-0.0,1.05604328737,2.72010963305,-0.279033941501,map_000000228.png
0.636202987385,2.9088813365,-0.335929371744,-0.0,-0.0,-0.0,1.05604328737,2.72010963305,-0.279033941501,map_000000229.png
0.636203026628,2.90888129986,-0.335929380433,-0.0,-0.0,-0.0,1.05604328737,2.72010963305,-0.279033941501,map_000000230.png
0.636212271738,2.90887209639,-0.335931989069,-0.0,-0.0,-0.0,1.05604328737,2.72010963305,-0.279033941501,map_000000231.png
0.636212308617,2.90887205575,-0.335931478692,-0.0,-0.0,-0.0,1.05604328737,2.72010963305,-0.279033941501,map_000000232.png
0.636212349356,2.90887202166,-0.335931816451,-0.0,-0.294820249081,-0.0,1.05604328737,2.72010963305,-0.279033941501,map_000000233.png
0.628820609124,2.88773757606,-0.335926936621,-0.0,-0.0,-0.0,1.05604328737,2.72010963305,-0.279033941501,map_000000234.png
0.624157961069,2.87438357561,-0.335925255144,-0.0,-0.0,-0.0,1.05604328737,2.72010963305,-0.279033941501,map_000000235.png
0.624158000316,2.87438353896,-0.335925263221,-0.0,-0.0,-0.0,1.05604328737,2.72010963305,-0.279033941501,map_000000236.png
0.624167245712,2.87437433602,-0.335927938781,-0.0,-0.0,-0.0,1.05604328737,2.72010963305,-0.279033941501,map_000000237.png
0.624158075928,2.87438346895,-0.335925324594,-0.0,-0.0,-0.0,1.05604328737,2.72010963305,-0.279033941501,map_000000238.png
0.624158114879,2.87438343149,-0.335925246427,-0.0,-0.0,-0.0,1.05604328737,2.72010963305,-0.279033941501,map_000000239.png
0.624167359167,2.87437422667,-0.335927678249,-0.0,-0.0,-0.0,1.05604328737,2.72010963305,-0.279033941501,map_000000240.png
0.624167396873,2.87437418736,-0.335927343962,-0.0,-0.0,-0.0,1.05604328737,2.72010963305,-0.279033941501,map_000000241.png
0.624167437322,2.87437415285,-0.335927623449,0.0489555038512,-0.0347262471914,-0.0,1.05604328737,2.72010963305,-0.279033941501,map_000000242.png
0.625270432214,2.87281850156,-0.335925287599,0.351622819901,-0.19788582623,-0.0,1.05604328737,2.72010963305,-0.279033941501,map_000000243.png
0.631667095688,2.86468878996,-0.335925236161,0.351622819901,-0.19788582623,-0.0,1.05604328737,2.72010963305,-0.279033941501,map_000000244.png
0.659394433473,2.83321942801,-0.335925406186,0.351622819901,-0.19788582623,-0.0,1.05604328737,2.72010963305,-0.279033941501,map_000000245.png
0.686064687715,2.80295107919,-0.335927950376,0.0513206869364,-0.0,-0.0,1.05604328737,2.72010963305,-0.279033941501,map_000000246.png
0.697210231622,2.79319357677,-0.335928013532,-0.0,-0.0,-0.0,1.05604328737,2.72010963305,-0.279033941501,map_000000247.png
0.69934111028,2.7924495356,-0.335928375419,-0.0,-0.0,-0.0,1.05604328737,2.72010963305,-0.279033941501,map_000000248.png
0.699331942036,2.79245867089,-0.335926082843,-0.0,-0.0,-0.0,1.05604328737,2.72010963305,-0.279033941501,map_000000249.png
0.699331981276,2.79245863426,-0.335926091889,-0.0,-0.0,-0.0,1.05604328737,2.72010963305,-0.279033941501,map_000000250.png
0.699332020475,2.79245859748,-0.335926085588,-0.0,-0.0,-0.0,1.05604328737,2.72010963305,-0.279033941501,map_000000251.png
0.699341265579,2.792449394,-0.335928693717,-0.0,-0.0,-0.0,1.05604328737,2.72010963305,-0.279033941501,map_000000252.png
0.699341304497,2.7924493568,-0.335928629961,-0.0,-0.0,-0.0,1.05604328737,2.72010963305,-0.279033941501,map_000000253.png
0.699341344121,2.7924493208,-0.33592872153,-0.0,-0.0,-0.0,1.05604328737,2.72010963305,-0.279033941501,map_000000254.png
0.699332174279,2.79245845334,-0.335926074757,0.325605779886,-0.285378575325,-0.0,1.05604328737,2.72010963305,-0.279033941501,map_000000255.png
0.706155567377,2.78040784822,-0.335925808386,0.356353193521,-0.410695225,-0.0,1.05604328737,2.72010963305,-0.279033941501,map_000000256.png
0.728184238106,2.7397029296,-0.335924598235,0.363448739052,-0.410695225,-0.0,1.05604328737,2.72010963305,-0.279033941501,map_000000257.png
0.748289162566,2.68919684634,-0.335924968549,0.363448739052,-0.410695225,-0.0,1.05604328737,2.72010963305,-0.279033941501,map_000000258.png
0.769831509264,2.63645597587,-0.335922358788,0.363448739052,-0.410695225,-0.0,1.05604328737,2.72010963305,-0.279033941501,map_000000259.png
0.791427547091,2.58369645549,-0.335920111223,-0.0,-0.0,-0.0,1.05604328737,2.72010963305,-0.279033941501,map_000000260.png
0.800555074831,2.56138458288,-0.335916598286,-0.0,-0.0,-0.0,1.05604328737,2.72010963305,-0.279033941501,map_000000261.png
0.800555114071,2.56138454626,-0.335916607491,-0.0,-0.0,-0.0,1.05604328737,2.72010963305,-0.279033941501,map_000000262.png
0.800555153268,2.56138450947,-0.335916600079,-0.0,-0.0,-0.0,1.05604328737,2.72010963305,-0.279033941501,map_000000263.png
0.800564398939,2.56137530683,-0.335919325333,-0.0,-0.0,-0.0,1.05604328737,2.72010963305,-0.279033941501,map_000000264.png
0.800564436749,2.56137526779,-0.335919020075,-0.0,-0.0,-0.0,1.05604328737,2.72010963305,-0.279033941501,map_000000265.png
0.800564475996,2.56137523117,-0.335919030485,-0.0,-0.0,-0.0,1.05604328737,2.72010963305,-0.279033941501,map_000000266.png
0.800555307074,2.56138436534,-0.335916590496,-0.0,-0.0,-0.0,1.05604328737,2.72010963305,-0.279033941501,map_000000267.png
0.800555346418,2.56138432897,-0.335916627649,-0.0,-0.0,-0.0,1.05604328737,2.72010963305,-0.279033941501,map_000000268.png
0.800555346418,2.56138432897,-0.335916627649,-0.0,-0.0,0.103633224964,1.05604328737,2.72010963305,-0.279033941501,map_000000269.png
0.800555385512,2.56138429193,-0.335916592911,-0.0,-0.0,0.510826468468,1.05604328737,2.72010963305,-0.279033941501,map_000000270.png
0.800561510997,2.56136821698,-0.335103987452,-0.0,-0.0,0.510826468468,1.05604328737,2.72010963305,-0.279033941501,map_000000271.png
0.800511027052,2.5612720216,-0.324508543757,-0.0,-0.0,0.510826468468,1.05604328737,2.72010963305,-0.279033941501,map_000000272.png
0.800382274614,2.56081003073,-0.27386635962,-0.0,-0.0,0.995841860771,1.05604328737,2.72010963305,-0.279033941501,map_000000273.png
0.800188535412,2.56002723064,-0.187377103697,-0.0,-0.0,1.0,1.05604328737,2.72010963305,-0.279033941501,map_000000274.png
0.800050584577,2.55903824029,-0.0852994870926,-0.0,-0.0,1.0,1.05604328737,2.72010963305,-0.279033941501,map_000000275.png
0.799998525231,2.55807394833,0.0169788119653,-0.0,-0.0,1.0,1.05604328737,2.72010963305,-0.279033941501,map_000000276.png
0.800060598631,2.55714493328,0.115323140548,-0.0,-0.0,-0.0,1.05604328737,2.72010963305,-0.279033941501,map_000000277.png
0.800213895485,2.55619510476,0.213653197407,-0.0,-0.0,-0.0,1.05604328737,2.72010963305,-0.279033941501,map_000000278.png
0.800237398716,2.55614344999,0.21757860923,-0.0,-0.0,-0.0,1.05604328737,2.72010963305,-0.279033941501,map_000000279.png
0.800237422183,2.55614346352,0.217578649644,-0.0,-0.0,-0.0,1.05604328737,2.72010963305,-0.279033941501,map_000000280.png
0.800239211451,2.55614523009,0.217579307978,-0.0,-0.0,-0.0,1.05604328737,2.72010963305,-0.279033941501,map_000000281.png
0.800246807691,2.55613410164,0.217573413969,-0.0,-0.0,-0.0,1.05604328737,2.72010963305,-0.279033941501,map_000000282.png
0.800237443244,2.55614343591,0.217578625252,-0.0,-0.0,-0.0,1.05604328737,2.72010963305,-0.279033941501,map_000000283.png
0.800227535767,2.55613355929,0.217575062314,-0.0,-0.0,-0.0,1.05604328737,2.72010963305,-0.279033941501,map_000000284.png
0.800237436927,2.5561434551,0.217578652267,-0.0,-0.0,-0.0,1.05604328737,2.72010963305,-0.279033941501,map_000000285.png
0.800246850953,2.55613408789,0.217573319938,-0.0,-0.0,-0.0,1.05604328737,2.72010963305,-0.279033941501,map_000000286.png
0.800237498291,2.55614343789,0.21757870272,-0.0,-0.0,-0.0,1.05604328737,2.72010963305,-0.279033941501,map_000000287.png
0.80023928755,2.55614520448,0.217579358555,-0.0,-0.0,-0.0,1.05604328737,2.72010963305,-0.279033941501,map_000000288.png
0.800237480111,2.55614344034,0.217578705838,-0.0,-0.0,-0.0,1.05604328737,2.72010963305,-0.279033941501,map_000000289.png
0.800237519394,2.55614341009,0.217578697824,-0.0,-0.0,-0.0,1.05604328737,2.72010963305,-0.279033941501,map_000000290.png
0.800227612071,2.55613353351,0.217575145729,0.261764883995,-0.0583780929446,-0.0,1.05604328737,2.72010963305,-0.279033941501,map_000000291.png
0.800239330555,2.55614519034,0.217579345155,0.261764883995,-0.0583780929446,-0.0,1.05604328737,2.72010963305,-0.279033941501,map_000000292.png
0.821692709797,2.55609441807,0.217572327757,0.398907423019,-0.108027890325,-0.0,1.05604328737,2.72010963305,-0.279033941501,map_000000293.png
0.858814489702,2.55484472204,0.217575913201,0.398907423019,-0.108027890325,-0.0,1.05604328737,2.72010963305,-0.279033941501,map_000000294.png
0.900068183525,2.55289846408,0.21757020137,0.160081028938,-0.0938367843628,-0.0,1.05604328737,2.72010963305,-0.279033941501,map_000000295.png
0.936379878275,2.54983950446,0.217572501867,-0.0,-0.0,-0.0,1.05604328737,2.72010963305,-0.279033941501,map_000000296.png
0.953322208849,2.54436327698,0.217571585372,-0.0,-0.0,-0.0,1.05604328737,2.72010963305,-0.279033941501,map_000000297.png
0.953322231014,2.54436328948,0.217571704623,-0.0,-0.0,-0.0,1.05604328737,2.72010963305,-0.279033941501,map_000000298.png
0.953324020179,2.54436505655,0.21757231002,-0.0,-0.0,-0.0,1.05604328737,2.72010963305,-0.279033941501,map_000000299.png
0.95333161635,2.54435392796,0.217566442923,-0.0,-0.0,-0.0,1.05604328737,2.72010963305,-0.279033941501,map_000000300.png
0.953322251928,2.54436326255,0.217571608141,-0.0,-0.0,-0.0,1.05604328737,2.72010963305,-0.279033941501,map_000000301.png
0.95331234472,2.54435338561,0.217568096255,-0.0,-0.0,-0.0,1.05604328737,2.72010963305,-0.279033941501,map_000000302.png
0.953322245672,2.54436328145,0.217571665159,-0.0,-0.0,-0.0,1.05604328737,2.72010963305,-0.279033941501,map_000000303.png
0.953331659583,2.54435391372,0.217566419323,-0.0,-0.0,-0.0,1.05604328737,2.72010963305,-0.279033941501,map_000000304.png
0.95332230711,2.54436326388,0.217571754444,-0.0,-0.0,-0.0,1.05604328737,2.72010963305,-0.279033941501,map_000000305.png
0.953324096274,2.54436503096,0.217572358768,-0.0,-0.0,-0.0,1.05604328737,2.72010963305,-0.279033941501,map_000000306.png
0.953322288789,2.54436326695,0.217571692805,-0.0,-0.0,-0.0,1.05604328737,2.72010963305,-0.279033941501,map_000000307.png
0.953322328076,2.54436323674,0.217571680144,-0.0,-0.0,-0.0,1.05604328737,2.72010963305,-0.279033941501,map_000000308.png
0.953322328076,2.54436323674,0.217571680144,-0.0,-0.0,-0.0,1.05604328737,2.72010963305,-0.279033941501,map_000000309.png
0.953312421023,2.54435335984,0.217568179335,-0.0,-0.0,-0.0,1.05604328737,2.72010963305,-0.279033941501,map_000000310.png
0.953324139528,2.54436501593,0.217572444447,-0.0,-0.0,-0.0,1.05604328737,2.72010963305,-0.279033941501,map_000000311.png
0.953331735642,2.54435388757,0.217566549893,-0.0,-0.0,-0.0,1.05604328737,2.72010963305,-0.279033941501,map_000000312.png
0.95332238312,2.54436323868,0.217571758994,-0.0,-0.0,-0.0,1.05604328737,2.72010963305,-0.279033941501,map_000000313.png
0.953312464153,2.54435334529,0.217568211941,-0.0,-0.0,-0.0591143518686,1.05604328737,2.72010963305,-0.279033941501,map_000000314.png
0.953315698459,2.54439377148,0.214316513451,-0.0,-0.0,-0.13232062757,1.05604328737,2.72010963305,-0.279033941501,map_000000315.png
0.95329839375,2.54447489593,0.205679821736,-0.0,-0.0,-0.13232062757,1.05604328737,2.72010963305,-0.279033941501,map_000000316.png
0.953274126408,2.54459493188,0.192667136737,-0.0,-0.0,-0.0,1.05604328737,2.72010963305,-0.279033941501,map_000000317.png
0.953250420715,2.54472019526,0.179656999952,-0.0,-0.0,-0.0,1.05604328737,2.72010963305,-0.279033941501,map_000000318.png
0.953248688999,2.54473001675,0.178616098506,-0.0,-0.0,-0.0,1.05604328737,2.72010963305,-0.279033941501,map_000000319.png
0.953248711066,2.54473003061,0.178616080606,-0.0,-0.0,-0.0,1.05604328737,2.72010963305,-0.279033941501,map_000000320.png
0.953250521513,2.54473181622,0.17861693194,-0.0,-0.0,-0.0,1.05604328737,2.72010963305,-0.279033941501,map_000000321.png
0.953258079431,2.54472068579,0.178611110707,-0.0,-0.0,-0.0,1.05604328737,2.72010963305,-0.279033941501,map_000000322.png
0.953248732291,2.54473000203,0.178616125383,-0.0,-0.0,-0.0,1.05604328737,2.72010963305,-0.279033941501,map_000000323.png
0.953238829259,2.54472013067,0.178612381821,-0.0,-0.0,-0.0,1.05604328737,2.72010963305,-0.279033941501,map_000000324.png
0.953248725919,2.54473002084,0.178616194548,-0.0,-0.0,-0.0,1.05604328737,2.72010963305,-0.279033941501,map_000000325.png
0.953258122833,2.54472067047,0.1786111999,-0.0,-0.0,-0.0,1.05604328737,2.72010963305,-0.279033941501,map_000000326.png
0.95324878775,2.54473000362,0.178616220952,-0.0,-0.0,-0.0,1.05604328737,2.72010963305,-0.279033941501,map_000000327.png
0.953250598046,2.54473179006,0.178616984028,-0.0,-0.0,-0.0,1.05604328737,2.72010963305,-0.279033941501,map_000000328.png
0.953248769276,2.54473000617,0.178616207485,-0.0,-0.0,-0.0,1.05604328737,2.72010963305,-0.279033941501,map_000000329.png
0.953248808868,2.54472997566,0.178616199935,-0.0,-0.0,-0.0,1.05604328737,2.72010963305,-0.279033941501,map_000000330.png
0.953238905995,2.54472010434,0.178612467022,-0.0,-0.0,-0.0,1.05604328737,2.72010963305,-0.279033941501,map_000000331.png
0.953250641301,2.54473177578,0.178616954356,-0.0,-0.0,-0.0,1.05604328737,2.72010963305,-0.279033941501,map_000000332.png
0.953258199399,2.54472064461,0.178611209482,-0.0,-0.0,-0.0,1.05604328737,2.72010963305,-0.279033941501,map_000000333.png
0.953248864328,2.54472997724,0.178616295905,-0.0,-0.0,-0.0,1.05604328737,2.72010963305,-0.279033941501,map_000000334.png
0.953238949505,2.54472008942,0.17861251663,-0.0,-0.0,-0.0,1.05604328737,2.72010963305,-0.279033941501,map_000000335.png
0.953248845805,2.54472998004,0.178616257505,-0.0,-0.0,0.0807443484664,1.05604328737,2.72010963305,-0.279033941501,map_000000336.png
0.953249428964,2.54472696324,0.178933832727,-0.0,-0.0,0.712172329426,1.05604328737,2.72010963305,-0.279033941501,map_000000337.png
0.953253803819,2.54464273225,0.186869972794,-0.0,-0.0,0.712172329426,1.05604328737,2.72010963305,-0.279033941501,map_000000338.png
0.953377995763,2.54407733044,0.249779502739,-0.0,-0.0,1.0,1.05604328737,2.72010963305,-0.279033941501,map_000000339.png
0.953631765933,2.54323720355,0.343001674404,-0.0,-0.0,1.0,1.05604328737,2.72010963305,-0.279033941501,map_000000340.png
0.954000597749,2.54234900782,0.441332290237,-0.0,-0.0,1.0,1.05604328737,2.72010963305,-0.279033941501,map_000000341.png
0.95446057562,2.5414823808,0.543605298787,-0.0,-0.0,1.0,1.05604328737,2.72010963305,-0.279033941501,map_000000342.png
0.954999549183,2.5406730067,0.645882512985,-0.0,-0.0,1.0,1.05604328737,2.72010963305,-0.279033941501,map_000000343.png
0.95559278525,2.53995746251,0.74422905975,-0.0,-0.0,1.0,1.05604328737,2.72010963305,-0.279033941501,map_000000344.png
0.956290456048,2.53926770231,0.846502515893,-0.0,-0.0,0.9272133708,1.05604328737,2.72010963305,-0.279033941501,map_000000345.png
0.957013820966,2.53868205618,0.943046892942,-0.0,-0.0,-0.0,1.05604328737,2.72010963305,-0.279033941501,map_000000346.png
0.95733216812,2.53845363423,0.979499862573,-0.0,-0.0,-0.0,1.05604328737,2.72010963305,-0.279033941501,map_000000347.png
0.957329775118,2.53845605189,0.979501401402,-0.0,-0.0,-0.0,1.05604328737,2.72010963305,-0.279033941501,map_000000348.png
0.957329775118,2.53845605189,0.979501401402,-0.0,-0.0,-0.0,1.05604328737,2.72010963305,-0.279033941501,map_000000349.png
0.957341860146,2.53844395541,0.979493541897,-0.0,-0.0,0.872280061245,1.05604328737,2.72010963305,-0.279033941501,map_000000350.png
0.957329771027,2.53845607345,0.979501416856,-0.0,-0.0,0.872280061245,1.05604328737,2.72010963305,-0.279033941501,map_000000351.png
0.957341856024,2.53844397694,0.979493555024,-0.0,-0.0,0.872280061245,1.05604328737,2.72010963305,-0.279033941501,map_000000352.png
0.957930678504,2.53808124653,1.05499391464,-0.0,-0.0,1.0,1.05604328737,2.72010963305,-0.279033941501,map_000000353.png
0.958733994182,2.53767906839,1.1493158519,-0.0,-0.0,1.0,1.05604328737,2.72010963305,-0.279033941501,map_000000354.png
0.959645258075,2.53732392435,1.2515894817,-0.0,-0.0,0.652661204338,1.05604328737,2.72010963305,-0.279033941501,map_000000355.png
0.960483583514,2.53707135008,1.34155928366,-0.0,-0.0,-0.0,1.05604328737,2.72010963305,-0.279033941501,map_000000356.png
0.96105073912,2.53695537602,1.40059727987,-0.0,-0.0,-0.0,1.05604328737,2.72010963305,-0.279033941501,map_000000357.png
0.961050735206,2.53695554079,1.40059730855,-0.0,-0.0,-0.0,1.05604328737,2.72010963305,-0.279033941501,map_000000358.png
0.961048682625,2.5369576059,1.40059836892,-0.0,-0.0,-0.0,1.05604328737,2.72010963305,-0.279033941501,map_000000359.png
0.961050731393,2.5369555596,1.40059731399,-0.0,-0.0,-0.0,1.05604328737,2.72010963305,-0.279033941501,map_000000360.png
0.961048678839,2.53695762416,1.40059837813,-0.0,-0.0,-0.0,1.05604328737,2.72010963305,-0.279033941501,map_000000361.png
0.961060530354,2.53694572981,1.4005919148,-0.0,-0.0,-0.0,1.05604328737,2.72010963305,-0.279033941501,map_000000362.png
0.9610486751,2.5369576424,1.40059839098,-0.0,-0.0,-0.0,1.05604328737,2.72010963305,-0.279033941501,map_000000363.png
0.961060526789,2.53694574827,1.40059197852,-0.0,-0.0,-0.0,1.05604328737,2.72010963305,-0.279033941501,map_000000364.png
0.961050721555,2.53695560583,1.40059731121,-0.0,-0.0,-0.0,1.05604328737,2.72010963305,-0.279033941501,map_000000365.png
0.961060523058,2.53694576674,1.40059202093,-0.0,-0.0,-0.0,1.05604328737,2.72010963305,-0.279033941501,map_000000366.png
0.961050717171,2.53695562419,1.40059725733,0.35398799181,-0.0205351412296,-0.0,1.05604328737,2.72010963305,-0.279033941501,map_000000367.png
0.96489648652,2.5535295327,1.40059835435,0.5,-0.0678197592497,-0.0,1.05604328737,2.72010963305,-0.279033941501,map_000000368.png
0.974911113824,2.59185518191,1.40059724151,-0.0,-0.0,-0.0,1.05604328737,2.72010963305,-0.279033941501,map_000000369.png
0.988843984343,2.63611720811,1.40059808279,-0.0,-0.0,-0.0,1.05604328737,2.72010963305,-0.279033941501,map_000000370.png
0.988855836164,2.63610531383,1.40059166753,-0.0,-0.0,-0.0,1.05604328737,2.72010963305,-0.279033941501,map_000000371.png
0.988843980957,2.63611722628,1.4005981305,-0.0,-0.0,-0.0,1.05604328737,2.72010963305,-0.279033941501,map_000000372.png
0.98885583269,2.63610533219,1.40059172825,-0.0,-0.0,-0.0,1.05604328737,2.72010963305,-0.279033941501,map_000000373.png
0.988846027256,2.63611518974,1.40059703479,-0.0,-0.0,-0.0,1.05604328737,2.72010963305,-0.279033941501,map_000000374.png
0.988855828914,2.63610535061,1.40059176081,-0.0,-0.0,-0.0,1.05604328737,2.72010963305,-0.279033941501,map_000000375.png
0.988846023051,2.63611520807,1.40059700007,-0.0,-0.0,-0.0,1.05604328737,2.72010963305,-0.279033941501,map_000000376.png
0.988843971012,2.63611727255,1.40059811852,-0.0,-0.0,-0.0,1.05604328737,2.72010963305,-0.279033941501,map_000000377.png
0.988846019408,2.6361152263,1.40059702525,-0.0,-0.0,-0.0,1.05604328737,2.72010963305,-0.279033941501,map_000000378.png
0.988843966965,2.63611729086,1.40059810156,-0.0,-0.0,-0.0,1.05604328737,2.72010963305,-0.279033941501,map_000000379.png
0.988855818753,2.63610539659,1.40059168431,-0.0,-0.0,-0.0,1.05604328737,2.72010963305,-0.279033941501,map_000000380.png
0.988843963129,2.63611730911,1.40059810401,-0.0,-0.0,-0.0,1.05604328737,2.72010963305,-0.279033941501,map_000000381.png
0.988855815237,2.63610541512,1.40059176187,-0.0,-0.0,-0.0,1.05604328737,2.72010963305,-0.279033941501,map_000000382.png
0.988846009333,2.63611527258,1.40059699663,-0.0,-0.0,-0.0,1.05604328737,2.72010963305,-0.279033941501,map_000000383.png
0.988855811185,2.63610543326,1.40059172197,-0.0,-0.0,-0.0,1.05604328737,2.72010963305,-0.279033941501,map_000000384.png
0.988846005882,2.63611529078,1.40059704237,-0.0,-0.0,-0.315317243338,1.05604328737,2.72010963305,-0.279033941501,map_000000385.png
0.988626715065,2.63615291412,1.37703053569,-0.0,-0.0,-0.974173724651,1.05604328737,2.72010963305,-0.279033941501,map_000000386.png
0.988051934065,2.63627276749,1.31231646735,-0.0,-0.0,-1.0,1.05604328737,2.72010963305,-0.279033941501,map_000000387.png
0.987133024906,2.63656009036,1.21176990282,-0.0,-0.0,-1.0,1.05604328737,2.72010963305,-0.279033941501,map_000000388.png
0.987133024906,2.63656009036,1.21176990282,-0.0,-0.0,-1.0,1.05604328737,2.72010963305,-0.279033941501,map_000000389.png
0.98623302684,2.63694549963,1.10949574412,-0.0,-0.0,-1.0,1.05604328737,2.72010963305,-0.279033941501,map_000000390.png
0.985386433858,2.63742181181,1.01116920095,-0.0,-0.0,-1.0,1.05604328737,2.72010963305,-0.279033941501,map_000000391.png
0.984586818042,2.637973438,0.908891556372,-0.0,-0.0,-1.0,1.05604328737,2.72010963305,-0.279033941501,map_000000392.png
0.983843728163,2.63861298872,0.806617894858,-0.0,-0.0,-1.0,1.05604328737,2.72010963305,-0.279033941501,map_000000393.png
0.983202204668,2.63928678008,0.708271793727,-0.0,-0.0,-0.0,1.05604328737,2.72010963305,-0.279033941501,map_000000394.png
0.982839918525,2.63972823488,0.653221553364,-0.0,-0.0,-0.0,1.05604328737,2.72010963305,-0.279033941501,map_000000395.png
0.982837450302,2.63973073532,0.653223302831,-0.0,-0.0,-0.0,1.05604328737,2.72010963305,-0.279033941501,map_000000396.png
0.982837465657,2.6397307287,0.653223299933,-0.0,-0.0,-0.0,1.05604328737,2.72010963305,-0.279033941501,map_000000397.png
0.982837481069,2.63973072186,0.653223318443,-0.0,-0.0,-0.0,1.05604328737,2.72010963305,-0.279033941501,map_000000398.png
0.982847108805,2.63972112128,0.653217073473,-0.0,-0.0,-0.0,1.05604328737,2.72010963305,-0.279033941501,map_000000399.png
0.982847123879,2.63972111531,0.653216814818,-0.0,-0.0,-0.0,1.05604328737,2.72010963305,-0.279033941501,map_000000400.png
0.982837566107,2.63973067002,0.653223256714,-0.0,-0.0,-0.62187564373,1.05604328737,2.72010963305,-0.279033941501,map_000000401.png
0.982710845732,2.63989974278,0.631209197622,-0.0,-0.0,-1.0,1.05604328737,2.72010963305,-0.279033941501,map_000000402.png
0.98236899122,2.64040088543,0.565584505535,-0.0,-0.0,-1.0,1.05604328737,2.72010963305,-0.279033941501,map_000000403.png
0.981900755527,2.64123402923,0.463300389106,-0.0,-0.0,-1.0,1.05604328737,2.72010963305,-0.279033941501,map_000000404.png
0.981503863741,2.64213101668,0.361027850834,-0.0,-0.0,-1.0,1.05604328737,2.72010963305,-0.279033941501,map_000000405.png
0.981200029029,2.64305115512,0.262701190436,-0.0,-0.0,-1.0,1.05604328737,2.72010963305,-0.279033941501,map_000000406.png
0.980984688417,2.64401624428,0.16043303068,-0.0,-0.0,-1.0,1.05604328737,2.72010963305,-0.279033941501,map_000000407.png
0.980868190817,2.64499821444,0.0581660225033,-0.0,-0.0,-1.0,1.05604328737,2.72010963305,-0.279033941501,map_000000408.png
0.980864054963,2.64591546792,-0.0401832906374,-0.0,-0.0,-0.0,1.05604328737,2.72010963305,-0.279033941501,map_000000409.png
