-1.13474759839,1.8623149944,2.49082575289,-0.0,-0.0,-0.0,-0.726290865611,2.70277261962,-0.287362302907,map_000000080.png
-1.1347459405,1.86231334058,2.49082592029,-0.0,-0.0,-0.297044277191,-0.726290865611,2.70277261962,-0.287362302907,map_000000081.png
-1.13473601952,1.86230342704,2.49082673426,-0.0,-0.0,-0.297044277191,-0.726290865611,2.70277261962,-0.287362302907,map_000000082.png
-1.13488482681,1.86213222523,2.4651136316,-0.0,-0.0,-0.841494500637,-0.726290865611,2.70277261962,-0.287362302907,map_000000083.png
-1.13529516301,1.86165284421,2.39949668224,-0.0,-0.0,-1.0,-0.726290865611,2.70277261962,-0.287362302907,map_000000084.png
-1.13589156782,1.86105361775,2.30988044867,-0.0,-0.0,-1.0,-0.726290865611,2.70277261962,-0.287362302907,map_000000085.png
-1.13665060614,1.86042642649,2.20760890924,-0.0,-0.0,-1.0,-0.726290865611,2.70277261962,-0.287362302907,map_000000086.png
-1.13741734955,1.85990282255,2.10926203746,-0.0,-0.0,-1.0,-0.726290865611,2.70277261962,-0.287362302907,map_000000087.png
-1.13826854485,1.85945377533,2.01093191852,-0.0,-0.0,-1.0,-0.726290865611,2.70277261962,-0.287362302907,map_000000088.png
-1.13917191922,1.8590685628,1.90865949886,-0.0,-0.0,-1.0,-0.726290865611,2.70277261962,-0.287362302907,map_000000089.png
-1.14005767273,1.85881572046,1.8103101828,-0.0,-0.0,-0.150631725788,-0.726290865611,2.70277261962,-0.287362302907,map_000000090.png
-1.14060448159,1.85866873406,1.75482846199,-0.0,-0.0,-0.0,-0.726290865611,2.70277261962,-0.287362302907,map_000000091.png
-1.1406949694,1.85865355226,1.74534900349,-0.0,-0.0,-0.0,-0.726290865611,2.70277261962,-0.287362302907,map_000000092.png
-1.14070482026,1.85866345027,1.74535266188,-0.0,-0.0,-0.187215790153,-0.726290865611,2.70277261962,-0.287362302907,map_000000093.png
-1.140704796,1.85866343161,1.74535269607,-0.0,-0.0,-0.187215790153,-0.726290865611,2.70277261962,-0.287362302907,map_000000094.png
-1.14086825622,1.85863559118,1.72767776662,-0.0,-0.0,-1.0,-0.726290865611,2.70277261962,-0.287362302907,map_000000095.png
-1.141596411,1.85854738244,1.65172265879,-0.0,-0.0,-1.0,-0.726290865611,2.70277261962,-0.287362302907,map_000000096.png
-1.1425551537,1.85851212744,1.54944109303,-0.0,-0.0,-1.0,-0.726290865611,2.70277261962,-0.287362302907,map_000000097.png
-1.14350220008,1.85858187886,1.45110647354,-0.0,-0.0,-1.0,-0.726290865611,2.70277261962,-0.287362302907,map_000000098.png
-1.14442392808,1.85872429454,1.35276167306,-0.0,-0.0,-1.0,-0.726290865611,2.70277261962,-0.287362302907,map_000000099.png
-1.14536288877,1.85897205924,1.25048436944,-0.0,-0.0,-1.0,-0.726290865611,2.70277261962,-0.287362302907,map_000000100.png
-1.14626371844,1.85931854543,1.15215519109,-0.0,-0.0,-1.0,-0.726290865611,2.70277261962,-0.287362302907,map_000000101.png
-1.14713941635,1.85976511663,1.04988286412,-0.0,-0.0,-0.397679060698,-0.726290865611,2.70277261962,-0.287362302907,map_000000102.png
-1.14766661319,1.86009534917,0.987092977857,-0.0,-0.0,-0.0,-0.726290865611,2.70277261962,-0.287362302907,map_000000103.png
-1.14785869288,1.86022172367,0.963632005897,-0.0,-0.0,-0.0,-0.726290865611,2.70277261962,-0.287362302907,map_000000104.png
-1.1478586443,1.86022168936,0.963632045634,-0.0,-0.0,-0.0,-0.726290865611,2.70277261962,-0.287362302907,map_000000105.png
-1.14784887797,1.8602119195,0.963625615785,-0.0,-0.0,-0.0,-0.726290865611,2.70277261962,-0.287362302907,map_000000106.png
-1.14785856169,1.8602216177,0.963632018826,-0.0,-0.0,-0.0,-0.726290865611,2.70277261962,-0.287362302907,map_000000107.png
-1.14785851865,1.86022158035,0.963632016564,-0.0,-0.0,-0.0,-0.726290865611,2.70277261962,-0.287362302907,map_000000108.png
-1.14784875067,1.86021180957,0.963625911467,-0.0,-0.0,-0.0,-0.726290865611,2.70277261962,-0.287362302907,map_000000109.png
-1.14785843566,1.86022150838,0.963632038601,-0.0,-0.0,-0.0,-0.726290865611,2.70277261962,-0.287362302907,map_000000110.png
-1.14785839281,1.86022147118,0.963632012928,-0.0,-0.0,-0.0,-0.726290865611,2.70277261962,-0.287362302907,map_000000111.png
-1.14784862749,1.86021170176,0.963625362858,-0.0,-0.0,-0.0,-0.726290865611,2.70277261962,-0.287362302907,map_000000112.png
-1.14784862749,1.86021170176,0.963625362858,-0.0,-0.0,-0.0,-0.726290865611,2.70277261962,-0.287362302907,map_000000113.png
-1.14784858147,1.8602116629,0.963625974254,-0.0,-0.0,-0.0,-0.726290865611,2.70277261962,-0.287362302907,map_000000114.png
-1.14784849917,1.86021159136,0.963625882171,-0.0,-0.0,-0.0,-0.726290865611,2.70277261962,-0.287362302907,map_000000115.png
-1.14784849917,1.86021159136,0.963625882171,-0.0,-0.0,-0.0,-0.726290865611,2.70277261962,-0.287362302907,map_000000116.png
-1.147848456,1.86021155395,0.963625904262,-0.0,-0.0,-0.0,-0.726290865611,2.70277261962,-0.287362302907,map_000000117.png
-1.14785814157,1.86022125318,0.963631949602,-0.0,-0.0,-0.0,-0.726290865611,2.70277261962,-0.287362302907,map_000000118.png
-1.14784837342,1.86021148226,0.963625867848,0.105700857937,-0.0,-0.0,-0.726290865611,2.70277261962,-0.287362302907,map_000000119.png
-1.14784832871,1.86021144403,0.963626199086,0.105700857937,-0.0,-0.0,-0.726290865611,2.70277261962,-0.287362302907,map_000000120.png
-1.14303578967,1.86716249823,0.963630603905,0.335066527128,-0.0,-0.0,-0.726290865611,2.70277261962,-0.287362302907,map_000000121.png
-1.12915007311,1.88712636016,0.963619796493,0.5,-0.0134395882487,-0.0,-0.726290865611,2.70277261962,-0.287362302907,map_000000122.png
-1.10465370949,1.92135099252,0.96361345408,0.5,-0.0134395882487,-0.0,-0.726290865611,2.70277261962,-0.287362302907,map_000000123.png
-1.07504633657,1.96163718074,0.96361165053,0.5,-0.0134395882487,-0.0,-0.726290865611,2.70277261962,-0.287362302907,map_000000124.png
-1.04541880572,2.00190417471,0.963597034249,0.5,-0.0134395882487,-0.0,-0.726290865611,2.70277261962,-0.287362302907,map_000000125.png
-1.01461613679,2.04379144812,0.963588334005,0.5,-0.0134395882487,-0.0,-0.726290865611,2.70277261962,-0.287362302907,map_000000126.png
-0.985007762861,2.08407690045,0.96358685035,0.5,-0.0134395882487,-0.0,-0.726290865611,2.70277261962,-0.287362302907,map_000000127.png
-0.954204394316,2.12596365901,0.963578325853,0.5,-0.0134395882487,-0.0,-0.726290865611,2.70277261962,-0.287362302907,map_000000128.png
-0.924575520919,2.16622966571,0.963563684933,0.5,-0.0134395882487,-0.0,-0.726290865611,2.70277261962,-0.287362302907,map_000000129.png
-0.894966147019,2.20651438255,0.963561980171,0.5,-0.0134395882487,-0.0,-0.726290865611,2.70277261962,-0.287362302907,map_000000130.png
-0.864161739245,2.24840037646,0.963553485436,0.5,-0.0134395882487,-0.0,-0.726290865611,2.70277261962,-0.287362302907,map_000000131.png
-0.834531868205,2.28866564878,0.963538315648,0.5,-0.0134395882487,-0.0,-0.726290865611,2.70277261962,-0.287362302907,map_000000132.png
-0.804921491345,2.32894962845,0.963537143741,-0.0,-0.0,-0.0,-0.726290865611,2.70277261962,-0.287362302907,map_000000133.png
-0.79188825262,2.34667057643,0.963533227829,-0.0,-0.0,-0.0,-0.726290865611,2.70277261962,-0.287362302907,map_000000134.png
-0.791878484983,2.34666080593,0.963527083283,-0.0,-0.0,-0.0,-0.726290865611,2.70277261962,-0.287362302907,map_000000135.png
-0.791888169612,2.34667050444,0.963533252719,-0.0,-0.0,-0.0,-0.726290865611,2.70277261962,-0.287362302907,map_000000136.png
-0.791888126862,2.34667046733,0.963533213611,-0.0,-0.0,-0.0,-0.726290865611,2.70277261962,-0.287362302907,map_000000137.png
-0.791878359252,2.34666069684,0.963527066692,-0.0,-0.0,-0.0,-0.726290865611,2.70277261962,-0.287362302907,map_000000138.png
-0.791878314503,2.34666065858,0.963527403038,-0.0,-0.0,-0.0,-0.726290865611,2.70277261962,-0.287362302907,map_000000139.png
-0.791888001146,2.34667035824,0.963533193272,-0.0,-0.0,-0.0,-0.726290865611,2.70277261962,-0.287362302907,map_000000140.png
-0.791878234482,2.34666058819,0.96352683193,0.488765358925,-0.249900817871,-0.0,-0.726290865611,2.70277261962,-0.287362302907,map_000000141.png
-0.776393741337,2.35493752866,0.963523525736,0.5,-0.259361565113,-0.0,-0.726290865611,2.70277261962,-0.287362302907,map_000000142.png
-0.727901245401,2.38084288351,0.963521115718,0.5,-0.259361565113,-0.0,-0.726290865611,2.70277261962,-0.287362302907,map_000000143.png
-0.678084509522,2.40708061141,0.963504801461,0.5,-0.259361565113,-0.0,-0.726290865611,2.70277261962,-0.287362302907,map_000000144.png
-0.626285269583,2.43437727293,0.963494801476,-0.0,-0.0,-0.0,-0.726290865611,2.70277261962,-0.287362302907,map_000000145.png
-0.612349276471,2.44173581001,0.96349880544,-0.0,-0.0,-0.0,-0.726290865611,2.70277261962,-0.287362302907,map_000000146.png
-0.612339508676,2.44172603939,0.963492683718,-0.0,-0.0,-0.0,-0.726290865611,2.70277261962,-0.287362302907,map_000000147.png
-0.61233946717,2.44172600286,0.963492371964,-0.0,-0.0,-0.0,-0.726290865611,2.70277261962,-0.287362302907,map_000000148.png
-0.612349151034,2.44173570115,0.963498750055,-0.0,-0.0,-0.0,-0.726290865611,2.70277261962,-0.287362302907,map_000000149.png
-0.612349107942,2.44173566376,0.963498754197,-0.0,-0.0,-0.0,-0.726290865611,2.70277261962,-0.287362302907,map_000000150.png
-0.612339339851,2.44172589292,0.963492670119,-0.0,-0.0,-0.0,-0.726290865611,2.70277261962,-0.287362302907,map_000000151.png
-0.612349024955,2.44173559179,0.963498776584,-0.0,-0.0,0.341563165188,-0.726290865611,2.70277261962,-0.287362302907,map_000000152.png
-0.612200043551,2.44163371201,0.982307545761,-0.0,-0.0,1.0,-0.726290865611,2.70277261962,-0.287362302907,map_000000153.png
-0.611765853644,2.44136342886,1.03922137566,-0.0,-0.0,1.0,-0.726290865611,2.70277261962,-0.287362302907,map_000000154.png
-0.61092263028,2.44092158708,1.13755615072,-0.0,-0.0,1.0,-0.726290865611,2.70277261962,-0.287362302907,map_000000155.png
-0.61001593489,2.44054160383,1.23982809054,-0.0,-0.0,1.0,-0.726290865611,2.70277261962,-0.287362302907,map_000000156.png
-0.609127270891,2.44029404613,1.33817669172,-0.0,-0.0,0.899746716022,-0.726290865611,2.70277261962,-0.287362302907,map_000000157.png
-0.608247997981,2.44010930234,1.42940443917,-0.0,-0.0,-0.0,-0.726290865611,2.70277261962,-0.287362302907,map_000000158.png
-0.607816809198,2.44004801588,1.47185878269,-0.0,-0.0,-0.0,-0.726290865611,2.70277261962,-0.287362302907,map_000000159.png
-0.607828627846,2.44005990873,1.47186488315,-0.0,-0.0,-0.0,-0.726290865611,2.70277261962,-0.287362302907,map_000000160.png
-0.607816814147,2.44004805049,1.471858836,-0.0,-0.0,-0.0,-0.726290865611,2.70277261962,-0.287362302907,map_000000161.png
-0.607828631801,2.44005992642,1.47186488877,-0.0,-0.0,-0.0,-0.726290865611,2.70277261962,-0.287362302907,map_000000162.png
-0.607826636344,2.44005793231,1.47186384792,-0.0,-0.0,-0.0,-0.726290865611,2.70277261962,-0.287362302907,map_000000163.png
-0.607828636207,2.44005994406,1.4718648459,-0.0,-0.0,0.703016757965,-0.726290865611,2.70277261962,-0.287362302907,map_000000164.png
-0.607479015477,2.44002863562,1.51058733898,-0.0,-0.0,0.936330735683,-0.726290865611,2.70277261962,-0.287362302907,map_000000165.png
-0.606714322325,2.44001087282,1.58796484288,-0.0,-0.0,1.0,-0.726290865611,2.70277261962,-0.287362302907,map_000000166.png
-0.605788082674,2.44007057414,1.68472037426,-0.0,-0.0,1.0,-0.726290865611,2.70277261962,-0.287362302907,map_000000167.png
-0.604872464762,2.44020524147,1.78306512024,-0.0,-0.0,1.0,-0.726290865611,2.70277261962,-0.287362302907,map_000000168.png
-0.603977016252,2.44044182303,1.88141265082,-0.0,-0.0,1.0,-0.726290865611,2.70277261962,-0.287362302907,map_000000169.png
-0.603061993272,2.44078028992,1.98368811039,-0.0,-0.0,0.881435573101,-0.726290865611,2.70277261962,-0.287362302907,map_000000170.png
-0.602249718753,2.44118021138,2.07548639366,-0.0,-0.0,-0.0,-0.726290865611,2.70277261962,-0.287362302907,map_000000171.png
-0.60177356949,2.44146986675,2.13094950566,-0.0,-0.0,-0.0,-0.726290865611,2.70277261962,-0.287362302907,map_000000172.png
-0.601771931278,2.44146824022,2.13094932562,-0.0,-0.0,-0.0,-0.726290865611,2.70277261962,-0.287362302907,map_000000173.png
-0.601762027338,2.44145831594,2.13094782754,-0.0,-0.0,-0.0,-0.726290865611,2.70277261962,-0.287362302907,map_000000174.png
-0.601771939106,2.44146825091,2.13094924425,-0.0,-0.0,-0.0,-0.726290865611,2.70277261962,-0.287362302907,map_000000175.png
-0.601762034546,2.44145832688,2.13094781617,-0.0,-0.0,-0.0,-0.726290865611,2.70277261962,-0.287362302907,map_000000176.png
-0.601773621473,2.44146993765,2.13094952135,-0.0,-0.0,-0.0,-0.726290865611,2.70277261962,-0.287362302907,map_000000177.png
-0.601762041544,2.44145833786,2.13094782278,-0.0,-0.0,-0.0,-0.726290865611,2.70277261962,-0.287362302907,map_000000178.png
-0.601773628474,2.4414699487,2.1309495329,-0.0,-0.0,-0.0,-0.726290865611,2.70277261962,-0.287362302907,map_000000179.png
-0.601771956159,2.44146827834,2.13094930398,-0.0,-0.0,-0.388523519039,-0.726290865611,2.70277261962,-0.287362302907,map_000000180.png
-0.60177363565,2.44146995964,2.13094952404,-0.0,-0.0,-0.388523519039,-0.726290865611,2.70277261962,-0.287362302907,map_000000181.png
-0.602011721187,2.44130507142,2.10038343204,-0.0,-0.0,-0.910122990608,-0.726290865611,2.70277261962,-0.287362302907,map_000000182.png
-0.602011721187,2.44130507142,2.10038343204,-0.0,-0.0,-0.557824969292,-0.726290865611,2.70277261962,-0.287362302907,map_000000183.png
-0.603297268047,2.44068885643,1.95218291083,-0.0,-0.0,-0.0,-0.726290865611,2.70277261962,-0.287362302907,map_000000184.png
-0.603297268047,2.44068885643,1.95218291083,-0.0,-0.0,-0.0,-0.726290865611,2.70277261962,-0.287362302907,map_000000185.png
-0.603681562654,2.44053081818,1.90829805498,-0.0,-0.0,-0.0,-0.726290865611,2.70277261962,-0.287362302907,map_000000186.png
-0.603681573173,2.4405308583,1.90829801498,-0.0,-0.0,-0.0,-0.726290865611,2.70277261962,-0.287362302907,map_000000187.png
-0.603691443078,2.44054076634,1.90830079478,-0.0,-0.0,-0.0,-0.726290865611,2.70277261962,-0.287362302907,map_000000188.png
-0.603681529547,2.44053082146,1.90829794505,-0.0,-0.0,-0.0,-0.726290865611,2.70277261962,-0.287362302907,map_000000189.png
-0.603681506581,2.44053080215,1.90829792206,-0.0,-0.0,-0.0,-0.726290865611,2.70277261962,-0.287362302907,map_000000190.png
-0.603691375643,2.44054071023,1.90830078017,0.268860429525,-0.0,-0.0,-0.726290865611,2.70277261962,-0.287362302907,map_000000191.png
-0.605461335587,2.44560264681,1.90829725442,0.5,0.0295762512833,-0.0,-0.726290865611,2.70277261962,-0.287362302907,map_000000192.png
-0.615134146687,2.47280901936,1.90829404288,0.5,0.0295762512833,-0.0,-0.726290865611,2.70277261962,-0.287362302907,map_000000193.png
-0.634483332989,2.51900023138,1.90829159274,0.5,0.0295762512833,-0.0,-0.726290865611,2.70277261962,-0.287362302907,map_000000194.png
-0.653812573929,2.56517194012,1.9082833986,-0.0,-0.0,-0.0,-0.726290865611,2.70277261962,-0.287362302907,map_000000195.png
-0.66154815098,2.58364458545,1.90828125314,-0.0,-0.0,-0.0,-0.726290865611,2.70277261962,-0.287362302907,map_000000196.png
-0.66155802048,2.58365449337,1.90828406196,-0.0,-0.0,-0.0,-0.726290865611,2.70277261962,-0.287362302907,map_000000197.png
-0.661557997437,2.58365447416,1.90828405388,-0.0,-0.0,-0.0,-0.726290865611,2.70277261962,-0.287362302907,map_000000198.png
-0.661548084171,2.58364452906,1.90828116513,-0.0,-0.0,-0.0,-0.726290865611,2.70277261962,-0.287362302907,map_000000199.png
-0.661557953497,2.58365443709,1.90828399739,-0.0,-0.0,-0.0,-0.726290865611,2.70277261962,-0.287362302907,map_000000200.png
-0.661557930622,2.58365441782,1.90828397088,-0.0,-0.0,-0.0,-0.726290865611,2.70277261962,-0.287362302907,map_000000201.png
-0.661548017519,2.58364447274,1.90828106969,-0.0,-0.0,-0.0,-0.726290865611,2.70277261962,-0.287362302907,map_000000202.png
-0.661557886438,2.58365438084,1.90828394146,0.39654225111,-0.0,-0.0,-0.726290865611,2.70277261962,-0.287362302907,map_000000203.png
-0.663657849388,2.5896387307,1.90828319214,0.5,0.0248458813876,-0.0,-0.726290865611,2.70277261962,-0.287362302907,map_000000204.png
-0.677003502248,2.62738868784,1.90827586844,0.21919156611,-0.0,-0.0,-0.726290865611,2.70277261962,-0.287362302907,map_000000205.png
-0.695905675224,2.67373681484,1.90827335052,0.21919156611,-0.0,-0.0,-0.726290865611,2.70277261962,-0.287362302907,map_000000206.png
-0.705312485433,2.69934448382,1.90827044423,-0.0,-0.0,-0.0,-0.726290865611,2.70277261962,-0.287362302907,map_000000207.png
-0.707624047444,2.70595037588,1.90826675038,-0.0,-0.0,-0.0,-0.726290865611,2.70277261962,-0.287362302907,map_000000208.png
-0.70762402435,2.70595035663,1.90826674229,-0.0,-0.0,-0.0,-0.726290865611,2.70277261962,-0.287362302907,map_000000209.png
-0.707633893988,2.70596026456,1.90826954151,-0.0,-0.0,-0.0,-0.726290865611,2.70277261962,-0.287362302907,map_000000210.png
-0.707623980549,2.70595031954,1.90826667266,-0.0,-0.0,-0.0,-0.726290865611,2.70277261962,-0.287362302907,map_000000211.png
-0.707623957776,2.70595030026,1.90826663731,-0.0,-0.0,-0.0,-0.726290865611,2.70277261962,-0.287362302907,map_000000212.png
-0.707633827456,2.70596020813,1.90826942717,-0.0,-0.0,-0.0,-0.726290865611,2.70277261962,-0.287362302907,map_000000213.png
-0.707623913843,2.70595026319,1.90826658001,-0.0,-0.0,-0.0,-0.726290865611,2.70277261962,-0.287362302907,map_000000214.png
-0.707623891028,2.70595024393,1.90826654904,-0.0,-0.0,-0.415990173817,-0.726290865611,2.70277261962,-0.287362302907,map_000000215.png
-0.70773778435,2.7059242694,1.89681578816,-0.0,-0.0,-1.0,-0.726290865611,2.70277261962,-0.287362302907,map_000000216.png
-0.708114996075,2.70578667884,1.8536067525,-0.0,-0.0,-1.0,-0.726290865611,2.70277261962,-0.287362302907,map_000000217.png
-0.70906888155,2.70557272113,1.75133380166,-0.0,-0.0,-1.0,-0.726290865611,2.70277261962,-0.287362302907,map_000000218.png
-0.710016030215,2.7054492408,1.6530021867,-0.0,-0.0,-1.0,-0.726290865611,2.70277261962,-0.287362302907,map_000000219.png
-0.711004141287,2.70541569423,1.55073495421,-0.0,-0.0,-1.0,-0.726290865611,2.70277261962,-0.287362302907,map_000000220.png
-0.711923546563,2.70547280307,1.45238570092,-0.0,-0.0,-1.0,-0.726290865611,2.70277261962,-0.287362302907,map_000000221.png
-0.712872379695,2.70562846628,1.3540550546,-0.0,-0.0,-1.0,-0.726290865611,2.70277261962,-0.287362302907,map_000000222.png
-0.713806740683,2.70588281232,1.2517766624,-0.0,-0.0,-1.0,-0.726290865611,2.70277261962,-0.287362302907,map_000000223.png
-0.714671840564,2.70620307619,1.15342733196,-0.0,-0.0,-1.0,-0.726290865611,2.70277261962,-0.287362302907,map_000000224.png
-0.715534133696,2.70663428766,1.0550974976,-0.0,-0.0,-1.0,-0.726290865611,2.70277261962,-0.287362302907,map_000000225.png
-0.716366313838,2.70716440478,0.952826688061,-0.0,-0.0,-1.0,-0.726290865611,2.70277261962,-0.287362302907,map_000000226.png
-0.717090668392,2.7077279536,0.854474844709,-0.0,-0.0,-1.0,-0.726290865611,2.70277261962,-0.287362302907,map_000000227.png
-0.717786159183,2.70839194924,0.756143888129,-0.0,-0.0,-1.0,-0.726290865611,2.70277261962,-0.287362302907,map_000000228.png
-0.718425456157,2.70913952127,0.65387187697,-0.0,-0.0,-1.0,-0.726290865611,2.70277261962,-0.287362302907,map_000000229.png
-0.718955393444,2.70990017638,0.555524539438,-0.0,-0.0,-1.0,-0.726290865611,2.70277261962,-0.287362302907,map_000000230.png
-0.719431439078,2.71075513209,0.45325067796,-0.0,-0.0,-1.0,-0.726290865611,2.70277261962,-0.287362302907,map_000000231.png
-0.719813702273,2.71163937122,0.354921432015,-0.0,-0.0,-1.0,-0.726290865611,2.70277261962,-0.287362302907,map_000000232.png
-0.720094670243,2.71251936913,0.256573426727,-0.0,-0.0,-1.0,-0.726290865611,2.70277261962,-0.287362302907,map_000000233.png
-0.720306365846,2.71348571289,0.154305408715,-0.0,-0.0,-1.0,-0.726290865611,2.70277261962,-0.287362302907,map_000000234.png
-0.720420896332,2.71445237516,0.0559825956801,-0.0,-0.0,-0.937589645386,-0.726290865611,2.70277261962,-0.287362302907,map_000000235.png
-0.720427321249,2.71537386799,-0.0423651869249,-0.0,-0.0,-0.937589645386,-0.726290865611,2.70277261962,-0.287362302907,map_000000236.png
-0.720331338789,2.71630055956,-0.138985183217,-0.0,-0.0,-0.690504193306,-0.726290865611,2.70277261962,-0.287362302907,map_000000237.png
-0.72020681791,2.71701010217,-0.21368661597,-0.0,-0.0,-0.0,-0.726290865611,2.70277261962,-0.287362302907,map_000000238.png
