3.14216046529,0.611792853269,-3.10453254635,-0.0,-0.0,-0.0,4.01583977852,3.80939274841,-1.07477915425,map_000000068.png
3.14215849234,0.611794806895,-3.10453352118,-0.0,0.0248458813876,-0.0,4.01583977852,3.80939274841,-1.07477915425,map_000000069.png
3.14216044825,0.611792857588,-3.10453252366,-0.0,0.0248458813876,-0.0,4.01583977852,3.80939274841,-1.07477915425,map_000000070.png
3.14215847534,0.611794810549,-3.10453356535,-0.0,0.0248458813876,-0.0,4.01583977852,3.80939274841,-1.07477915425,map_000000071.png
3.14226232587,0.609301200293,-3.10452769146,-0.0,0.0248458813876,-0.0,4.01583977852,3.80939274841,-1.07477915425,map_000000072.png
3.14234250102,0.606831157554,-3.10453342253,-0.0,0.0248458813876,-0.0,4.01583977852,3.80939274841,-1.07477915425,map_000000073.png
3.14245003292,0.604238293883,-3.10452760328,-0.0,0.0248458813876,-0.0,4.01583977852,3.80939274841,-1.07477915425,map_000000074.png
3.14253585397,0.601667046723,-3.10453231095,0.0300340279937,0.0248458813876,-0.0,4.01583977852,3.80939274841,-1.07477915425,map_000000075.png
3.14239775025,0.599166488339,-3.10452750286,0.238113045692,0.0248458813876,-0.0,4.01583977852,3.80939274841,-1.07477915425,map_000000076.png
3.1393635256,0.596479554792,-3.1045322082,0.238113045692,0.0248458813876,-0.0,4.01583977852,3.80939274841,-1.07477915425,map_000000077.png
3.11721507147,0.593075666719,-3.10453305182,0.479304641485,0.0248458813876,-0.0,4.01583977852,3.80939274841,-1.07477915425,map_000000078.png
3.07617802761,0.589066836399,-3.10453209394,0.5,0.0721304938197,-0.0,4.01583977852,3.80939274841,-1.07477915425,map_000000079.png
3.02541965195,0.58195343321,-3.10453287737,0.5,0.0792260542512,-0.0,4.01583977852,3.80939274841,-1.07477915425,map_000000080.png
2.9737779849,0.572239021279,-3.1045264067,0.5,0.0792260542512,-0.0,4.01583977852,3.80939274841,-1.07477915425,map_000000081.png
2.92411509553,0.562485061422,-3.10453245618,0.5,0.0792260542512,-0.0,4.01583977852,3.80939274841,-1.07477915425,map_000000082.png
2.87249025306,0.552317022402,-3.1045259773,0.5,0.0792260542512,-0.0,4.01583977852,3.80939274841,-1.07477915425,map_000000083.png
2.82084369714,0.542170574005,-3.10453111901,0.5,0.0792260542512,-0.0,4.01583977852,3.80939274841,-1.07477915425,map_000000084.png
2.77120252871,0.532394980219,-3.10452554018,0.5,0.0792260542512,-0.0,4.01583977852,3.80939274841,-1.07477915425,map_000000085.png
2.71955597731,0.522248509908,-3.10453064954,0.5,0.0792260542512,-0.0,4.01583977852,3.80939274841,-1.07477915425,map_000000086.png
2.66791674133,0.512093984964,-3.10453135775,0.5,0.0792260542512,-0.0,4.01583977852,3.80939274841,-1.07477915425,map_000000087.png
2.61826826737,0.50232640283,-3.1045301616,0.5,0.0792260542512,-0.0,4.01583977852,3.80939274841,-1.07477915425,map_000000088.png
2.56662903582,0.492171855524,-3.10453097056,0.5,0.0792260542512,-0.0,4.01583977852,3.80939274841,-1.07477915425,map_000000089.png
2.56662903582,0.492171855524,-3.10453097056,0.5,0.0792260542512,-0.0,4.01583977852,3.80939274841,-1.07477915425,map_000000090.png
2.46534133756,0.472249683061,-3.1045305271,0.5,0.0792260542512,-0.0,4.01583977852,3.80939274841,-1.07477915425,map_000000091.png
2.46534133756,0.472249683061,-3.1045305271,0.5,0.0792260542512,-0.0,4.01583977852,3.80939274841,-1.07477915425,map_000000092.png
2.41371651482,0.462081544889,-3.10452397178,0.5,0.0792260542512,-0.0,4.01583977852,3.80939274841,-1.07477915425,map_000000093.png
2.36206997767,0.451934997051,-3.10452920108,0.5,0.0792260542512,-0.0,4.01583977852,3.80939274841,-1.07477915425,map_000000094.png
2.31242882811,0.442159308065,-3.10452367131,0.5,0.0792260542512,-0.0,4.01583977852,3.80939274841,-1.07477915425,map_000000095.png
2.26078229678,0.432012740286,-3.10452865265,0.5,0.0792260542512,-0.0819650888443,4.01583977852,3.80939274841,-1.07477915425,map_000000096.png
2.20914307999,0.421858116889,-3.1045294245,0.5,0.0792260542512,-0.438879042864,4.01583977852,3.80939274841,-1.07477915425,map_000000097.png
2.15946154549,0.412192816691,-3.11226450519,0.5,0.0792260542512,-0.438879042864,4.01583977852,3.80939274841,-1.07477915425,map_000000098.png
2.10761687545,0.402826333936,3.13446452722,0.5,0.0792260542512,-0.663037478924,4.01583977852,3.80939274841,-1.07477915425,map_000000099.png
2.05537946982,0.395740508689,3.07547528956,0.5,0.0792260542512,-0.910122990608,4.01583977852,3.80939274841,-1.07477915425,map_000000100.png
2.00479324969,0.392126504337,2.99957791695,0.5,0.0792260542512,-0.983329236507,4.01583977852,3.80939274841,-1.07477915425,map_000000101.png
1.95202792632,0.392770267212,2.90479052332,0.5,0.0792260542512,-1.0,4.01583977852,3.80939274841,-1.07477915425,map_000000102.png
1.8995845701,0.398575092139,2.80408997135,0.5,0.0792260542512,-1.0,4.01583977852,3.80939274841,-1.07477915425,map_000000103.png
1.84993931917,0.409132058106,2.70574926324,0.5,0.0792260542512,-1.0,4.01583977852,3.80939274841,-1.07477915425,map_000000104.png
1.8015615355,0.424476646833,2.60742613379,0.5,0.0792260542512,-0.470885336399,4.01583977852,3.80939274841,-1.07477915425,map_000000105.png
1.75305054793,0.445150393501,2.54055082214,0.5,0.0792260542512,-0.0224921423942,4.01583977852,3.80939274841,-1.07477915425,map_000000106.png
1.70761154252,0.467475098001,2.51541131544,0.5,0.0792260542512,-0.0,4.01583977852,3.80939274841,-1.07477915425,map_000000107.png
1.66068265755,0.491299256325,2.5138163293,0.5,0.0697653144598,-0.0,4.01583977852,3.80939274841,-1.07477915425,map_000000108.png
1.613865511,0.515285677903,2.51381370359,0.5,0.0697653144598,-0.0,4.01583977852,3.80939274841,-1.07477915425,map_000000109.png
1.56930926756,0.539007155979,2.51380972912,0.5,0.0697653144598,-0.0,4.01583977852,3.80939274841,-1.07477915425,map_000000110.png
1.52298104888,0.563667359449,2.51380707895,0.5,0.0697653144598,-0.0,4.01583977852,3.80939274841,-1.07477915425,map_000000111.png
1.47665289687,0.588327688715,2.5138043548,0.5,0.0697653144598,-0.0,4.01583977852,3.80939274841,-1.07477915425,map_000000112.png
1.43211647589,0.612029798586,2.51380306917,0.5,0.0697653144598,-0.0,4.01583977852,3.80939274841,-1.07477915425,map_000000113.png
1.38578845471,0.636690373791,2.51380034374,0.5,0.0697653144598,-0.0,4.01583977852,3.80939274841,-1.07477915425,map_000000114.png
1.33946050102,0.661351074338,2.51379762001,0.5,0.0697653144598,-0.0,4.01583977852,3.80939274841,-1.07477915425,map_000000115.png
1.29490463758,0.685073267356,2.51379362594,0.5,0.0697653144598,-0.0,4.01583977852,3.80939274841,-1.07477915425,map_000000116.png
1.24857681592,0.709734216182,2.51379099139,0.5,0.0697653144598,-0.0,4.01583977852,3.80939274841,-1.07477915425,map_000000117.png
1.20224905925,0.734395289034,2.51378823874,0.5,0.0697653144598,-0.0819650888443,4.01583977852,3.80939274841,-1.07477915425,map_000000118.png
1.15771026529,0.75813715971,2.50862776834,0.5,0.0697653144598,-1.0,4.01583977852,3.80939274841,-1.07477915425,map_000000119.png
1.11157315104,0.783286151109,2.45689205339,0.5,0.0697653144598,-1.0,4.01583977852,3.80939274841,-1.07477915425,map_000000120.png
1.06746833346,0.811978774032,2.35462576091,0.5,0.0697653144598,-1.0,4.01583977852,3.80939274841,-1.07477915425,map_000000121.png
1.02801844248,0.843663334171,2.25630318547,0.5,0.0697653144598,-1.0,4.01583977852,3.80939274841,-1.07477915425,map_000000122.png
0.990511665532,0.880560047538,2.15404073541,0.5,0.0697653144598,-1.0,4.01583977852,3.80939274841,-1.07477915425,map_000000123.png
0.956971414249,0.921110786969,2.0517734666,0.5,0.0697653144598,-1.0,4.01583977852,3.80939274841,-1.07477915425,map_000000124.png
0.928802697228,0.963135411268,1.95343265772,0.5,0.0697653144598,-1.0,4.01583977852,3.80939274841,-1.07477915425,map_000000125.png
0.904011109327,1.0095425787,1.85116982318,0.5,0.0697653144598,-1.0,4.01583977852,3.80939274841,-1.07477915425,map_000000126.png
0.884086421884,1.05823640586,1.74890753314,0.5,0.0484977252781,-1.0,4.01583977852,3.80939274841,-1.07477915425,map_000000127.png
0.870107798479,1.10676886963,1.65059172694,0.5,0.039036989212,-0.992484807968,4.01583977852,3.80939274841,-1.07477915425,map_000000128.png
0.862535884114,1.15852547501,1.54835499,0.5,-0.0,-0.0865428596735,4.01583977852,3.80939274841,-1.07477915425,map_000000129.png
0.862535884114,1.15852547501,1.54835499,0.5,-0.0,-0.0865428596735,4.01583977852,3.80939274841,-1.07477915425,map_000000130.png
0.861214422094,1.21072157034,1.44685876208,0.5,-0.0,-0.0,4.01583977852,3.80939274841,-1.07477915425,map_000000131.png
0.867445698801,1.26030581088,1.42765208378,0.5,-0.0,-0.0,4.01583977852,3.80939274841,-1.07477915425,map_000000132.png
0.874950133004,1.31174346454,1.42492825045,0.5,-0.0,-0.0,4.01583977852,3.80939274841,-1.07477915425,map_000000133.png
0.882495742844,1.36318301109,1.42493357381,0.5,-0.0,-0.0,4.01583977852,3.80939274841,-1.07477915425,map_000000134.png
0.889760364142,1.41263366112,1.42493317813,0.5,-0.0,-0.0636921301484,4.01583977852,3.80939274841,-1.07477915425,map_000000135.png
0.897309210551,1.46406365205,1.42393025537,0.5,-0.00161366618704,-1.0,4.01583977852,3.80939274841,-1.07477915425,map_000000136.png
0.905015181508,1.51546846729,1.41741092477,0.5,-0.0110744042322,-1.0,4.01583977852,3.80939274841,-1.07477915425,map_000000137.png
0.914091384484,1.564602547,1.32274499174,0.5,-0.0110744042322,-1.0,4.01583977852,3.80939274841,-1.07477915425,map_000000138.png
0.92925803701,1.61429413201,1.22047685583,0.5,-0.0110744042322,-0.525780498981,4.01583977852,3.80939274841,-1.07477915425,map_000000139.png
0.949460688215,1.66219687962,1.14806830025,0.5,-0.0110744042322,-0.0,4.01583977852,3.80939274841,-1.07477915425,map_000000140.png
0.971643046382,1.70697839373,1.11704631988,0.5,-0.0560129098594,-0.0,4.01583977852,3.80939274841,-1.07477915425,map_000000141.png
0.996429327019,1.75271684159,1.11703805598,0.5,-0.0985671579838,-0.0,4.01583977852,3.80939274841,-1.07477915425,map_000000142.png
1.02475154564,1.79673078575,1.11702979471,0.5,-0.119853816926,-0.0,4.01583977852,3.80939274841,-1.07477915425,map_000000143.png
1.05550371059,1.83734011914,1.11702735355,0.5,-0.119853816926,-0.0,4.01583977852,3.80939274841,-1.07477915425,map_000000144.png
1.08795900445,1.8771093623,1.11701235878,0.5,-0.119853816926,-0.0,4.01583977852,3.80939274841,-1.07477915425,map_000000145.png
1.12194116915,1.91836258898,1.11700325775,0.5,-0.119853816926,-0.827761173248,4.01583977852,3.80939274841,-1.07477915425,map_000000146.png
1.1546241525,1.95791908689,1.07793024332,0.5,-0.119853816926,-1.0,4.01583977852,3.80939274841,-1.07477915425,map_000000147.png
1.19107541764,1.99674323172,0.98853508984,0.5,-0.119853816926,-1.0,4.01583977852,3.80939274841,-1.07477915425,map_000000148.png
1.23101583042,2.03192004114,0.886270326793,0.5,-0.119853816926,-0.017914365977,4.01583977852,3.80939274841,-1.07477915425,map_000000149.png
1.27263566342,2.06170862291,0.787924963477,0.5,-0.119853816926,-0.017914365977,4.01583977852,3.80939274841,-1.07477915425,map_000000150.png
1.31826708911,2.08948584833,0.778376814022,0.5,-0.119853816926,-0.0,4.01583977852,3.80939274841,-1.07477915425,map_000000151.png
1.36403172009,2.11709187618,0.777874521795,0.5,-0.119853816926,-0.0,4.01583977852,3.80939274841,-1.07477915425,map_000000152.png
1.40803186779,2.1436384347,0.777872737866,0.5,-0.119853816926,-0.0,4.01583977852,3.80939274841,-1.07477915425,map_000000153.png
1.45380259123,2.1712366088,0.777863832244,0.5,-0.119853816926,-0.0,4.01583977852,3.80939274841,-1.07477915425,map_000000154.png
1.49957356002,2.19883437537,0.777854947608,0.5,-0.119853816926,-0.0,4.01583977852,3.80939274841,-1.07477915425,map_000000155.png
1.54359427233,2.2253608337,0.777839969781,0.5,-0.119853816926,-0.0,4.01583977852,3.80939274841,-1.07477915425,map_000000156.png
1.58936572139,2.25295780239,0.777830712432,0.5,-0.119853816926,-0.0,4.01583977852,3.80939274841,-1.07477915425,map_000000157.png
1.63513741818,2.28055436105,0.777821871467,0.5,-0.119853816926,-0.0,4.01583977852,3.80939274841,-1.07477915425,map_000000158.png
1.67913896443,2.30709859902,0.777819998405,0.5,-0.119853816926,-0.0,4.01583977852,3.80939274841,-1.07477915425,map_000000159.png
1.72491114366,2.33469435829,0.777811093837,0.5,-0.119853816926,-0.0,4.01583977852,3.80939274841,-1.07477915425,map_000000160.png
1.77068356768,2.3622897102,0.777802230971,0.5,-0.119853816926,-0.0,4.01583977852,3.80939274841,-1.07477915425,map_000000161.png
1.81470567867,2.38881384829,0.777786914693,0.5,-0.119853816926,-1.0,4.01583977852,3.80939274841,-1.07477915425,map_000000162.png
1.86047858663,2.41640839979,0.777778251465,0.5,-0.119853816926,-1.0,4.01583977852,3.80939274841,-1.07477915425,map_000000163.png
1.90676861017,2.44271413245,0.683365547844,0.5,-0.119853816926,-1.0,4.01583977852,3.80939274841,-1.07477915425,map_000000164.png
1.95351680317,2.46354040488,0.585039818503,0.5,-0.119853816926,-1.0,4.01583977852,3.80939274841,-1.07477915425,map_000000165.png
2.00405174312,2.48020723436,0.482775729039,0.5,-0.129314556718,-0.0,4.01583977852,3.80939274841,-1.07477915425,map_000000166.png
2.05625838969,2.49131290362,0.419850887236,0.5,-0.129314556718,-0.0,4.01583977852,3.80939274841,-1.07477915425,map_000000167.png
2.1071724613,2.49987194716,0.419837972146,0.5,-0.129314556718,-0.0,4.01583977852,3.80939274841,-1.07477915425,map_000000168.png
2.16011290475,2.50878272766,0.419829902868,0.5,-0.129314556718,-0.0,4.01583977852,3.80939274841,-1.07477915425,map_000000169.png
2.16011290475,2.50878272766,0.419829902868,0.5,-0.129314556718,-0.0,4.01583977852,3.80939274841,-1.07477915425,map_000000170.png
2.21305341607,2.51769310341,0.4198219746,0.5,-0.129314556718,-0.0,4.01583977852,3.80939274841,-1.07477915425,map_000000171.png
2.26394799706,2.52626978749,0.41982108915,0.5,-0.129314556718,-0.0,4.01583977852,3.80939274841,-1.07477915425,map_000000172.png
2.31688864172,2.53517937298,0.419813484535,0.5,-0.129314556718,-0.0,4.01583977852,3.80939274841,-1.07477915425,map_000000173.png
2.36982935455,2.54408855662,0.419805948931,0.5,-0.129314556718,-0.0,4.01583977852,3.80939274841,-1.07477915425,map_000000174.png
2.42074377146,2.55264529877,0.419792787047,0.5,-0.129314556718,-0.0,4.01583977852,3.80939274841,-1.07477915425,map_000000175.png
2.47368461752,2.56155369203,0.419785416735,0.5,-0.129314556718,-0.0,4.01583977852,3.80939274841,-1.07477915425,map_000000176.png
2.52662553025,2.57046168913,0.419777221705,0.5,-0.129314556718,-0.0,4.01583977852,3.80939274841,-1.07477915425,map_000000177.png
2.5775204961,2.57903608454,0.419776103863,0.5,-0.129314556718,-0.0,4.01583977852,3.80939274841,-1.07477915425,map_000000178.png
2.63046154136,2.58794328825,0.419768501117,0.5,-0.129314556718,0.9272133708,4.01583977852,3.80939274841,-1.07477915425,map_000000179.png
2.6834765158,2.59717838652,0.47448213745,0.5,-0.129314556718,1.0,4.01583977852,3.80939274841,-1.07477915425,map_000000180.png
2.73372592518,2.60994551613,0.568519164668,0.5,-0.129314556718,-0.0,4.01583977852,3.80939274841,-1.07477915425,map_000000181.png
2.78438077536,2.62834176183,0.651106071053,0.5,-0.129314556718,-0.0,4.01583977852,3.80939274841,-1.07477915425,map_000000182.png
2.83388214504,2.6491374421,0.651089774529,0.5,-0.129314556718,-0.0,4.01583977852,3.80939274841,-1.07477915425,map_000000183.png
2.8814576721,2.66915394587,0.651088157795,0.5,-0.129314556718,-0.0,4.01583977852,3.80939274841,-1.07477915425,map_000000184.png
2.92905316954,2.68915116273,0.651073819243,0.5,-0.129314556718,-0.0,4.01583977852,3.80939274841,-1.07477915425,map_000000185.png
2.97854236065,2.70995768013,0.651065028711,0.5,-0.129314556718,-0.0,4.01583977852,3.80939274841,-1.07477915425,map_000000186.png
3.02611838734,2.72997299259,0.651063110349,0.5,-0.129314556718,-0.0,4.01583977852,3.80939274841,-1.07477915425,map_000000187.png
3.07560792935,2.75077867658,0.651054532728,0.5,-0.129314556718,-0.0,4.01583977852,3.80939274841,-1.07477915425,map_000000188.png
3.12509764999,2.77158393512,0.651045895536,0.5,-0.129314556718,-0.0,4.01583977852,3.80939274841,-1.07477915425,map_000000189.png
3.17269399189,2.79157914257,0.651031604024,0.5,-0.129314556718,-0.0,4.01583977852,3.80939274841,-1.07477915425,map_000000190.png
3.22218406102,2.81238357081,0.651022817624,0.5,-0.0654736459255,-0.0,4.01583977852,3.80939274841,-1.07477915425,map_000000191.png
3.26889015431,2.83684220424,0.651014254734,0.5,-0.0654736459255,-0.0,4.01583977852,3.80939274841,-1.07477915425,map_000000192.png
3.31260036704,2.86193098215,0.651012409998,0.5,-0.0654736459255,0.282052069902,4.01583977852,3.80939274841,-1.07477915425,map_000000193.png
3.35809028967,2.88800011345,0.659881306081,0.5,-0.0654736459255,0.542870879173,4.01583977852,3.80939274841,-1.07477915425,map_000000194.png
3.40314455473,2.91487305524,0.692829576741,0.5,-0.0654736459255,-0.0,4.01583977852,3.80939274841,-1.07477915425,map_000000195.png
3.44540754937,2.94245338989,0.746210701624,0.5,-0.0654736459255,-0.0,4.01583977852,3.80939274841,-1.07477915425,map_000000196.png
3.4881487524,2.97281232223,0.74834237617,0.5,-0.0654736459255,-0.0,4.01583977852,3.80939274841,-1.07477915425,map_000000197.png
3.530867677,3.00319411935,0.748342084173,0.5,-0.0654736459255,-0.0,4.01583977852,3.80939274841,-1.07477915425,map_000000198.png
3.57194646117,3.03240508258,0.748339989862,0.5,-0.0654736459255,-0.0,4.01583977852,3.80939274841,-1.07477915425,map_000000199.png
3.61467826119,3.06277487478,0.748330788538,0.5,-0.0654736459255,-0.0,4.01583977852,3.80939274841,-1.07477915425,map_000000200.png
3.65739062239,3.09316361028,0.748335462968,0.5,-0.0654736459255,-0.0,4.01583977852,3.80939274841,-1.07477915425,map_000000201.png
3.69846959211,3.12237431205,0.748333266397,0.5,-0.0654736459255,-0.0,4.01583977852,3.80939274841,-1.07477915425,map_000000202.png
3.74118231182,3.15276309262,0.748338391274,0.5,-0.0654736459255,-0.0,4.01583977852,3.80939274841,-1.07477915425,map_000000203.png
3.7839168963,3.18312999355,0.748327476063,0.5,-0.0654736459255,-0.0,4.01583977852,3.80939274841,-1.07477915425,map_000000204.png
3.82499605351,3.21234043239,0.748325440882,0.5,-0.0583780929446,-0.0,4.01583977852,3.80939274841,-1.07477915425,map_000000205.png
3.86744524486,3.24301257153,0.748325111622,0.5,-0.0583780929446,-0.0,4.01583977852,3.80939274841,-1.07477915425,map_000000206.png
3.90967560367,3.27392228866,0.748315834097,0.5,-0.0418218038976,-0.0,4.01583977852,3.80939274841,-1.07477915425,map_000000207.png
3.95009218886,3.30384628644,0.748313781921,0.5,-0.0276306960732,-0.0,4.01583977852,3.80939274841,-1.07477915425,map_000000208.png
3.99113210047,3.33603616612,0.748318625334,-0.0,-0.0110744042322,-0.0,4.01583977852,3.80939274841,-1.07477915425,map_000000209.png
3.99113210047,3.33603616612,0.748318625334,-0.0,-0.0110744042322,-0.0,4.01583977852,3.80939274841,-1.07477915425,map_000000210.png
4.03116851967,3.36930732178,0.74832397152,-0.0,-0.0,-0.0,4.01583977852,3.80939274841,-1.07477915425,map_000000211.png
4.03947223265,3.37505474274,0.748323392935,-0.0,-0.0,-0.0,4.01583977852,3.80939274841,-1.07477915425,map_000000212.png
4.03978570848,3.37471806598,0.74831538627,-0.0,-0.0,-0.0,4.01583977852,3.80939274841,-1.07477915425,map_000000213.png
4.03978313598,3.37472063805,0.748317025671,-0.0,-0.0,-0.0,4.01583977852,3.80939274841,-1.07477915425,map_000000214.png
4.03978315216,3.37472063057,0.748317125706,-0.0,-0.0,-0.0,4.01583977852,3.80939274841,-1.07477915425,map_000000215.png
4.03979281718,3.37471098489,0.74831069468,-0.0,-0.0,0.0350047312677,4.01583977852,3.80939274841,-1.07477915425,map_000000216.png
4.03978322182,3.37472058553,0.748317028639,-0.0,-0.0,0.0350047312677,4.01583977852,3.80939274841,-1.07477915425,map_000000217.png
4.03980391818,3.37469834359,0.751483845025,-0.0,-0.0,1.0,4.01583977852,3.80939274841,-1.07477915425,map_000000218.png
4.04028755582,3.37421083581,0.827203213763,-0.0,-0.0,1.0,4.01583977852,3.80939274841,-1.07477915425,map_000000219.png
4.04103509905,3.37358968772,0.92948084525,-0.0,-0.0,0.442197948694,4.01583977852,3.80939274841,-1.07477915425,map_000000220.png
4.04166263825,3.37315226108,1.00586265388,-0.0,-0.0,-0.0,4.01583977852,3.80939274841,-1.07477915425,map_000000221.png
4.04198369609,3.37294764312,1.04237410148,-0.0,-0.0,-0.0,4.01583977852,3.80939274841,-1.07477915425,map_000000222.png
4.0419739797,3.37295743281,1.04238041572,-0.0,-0.0,-0.0,4.01583977852,3.80939274841,-1.07477915425,map_000000223.png
4.04198368827,3.37294770758,1.04237412549,-0.0,-0.0,-0.0,4.01583977852,3.80939274841,-1.07477915425,map_000000224.png
4.04197163326,3.37295979751,1.04238188997,-0.0,-0.0,-0.0,4.01583977852,3.80939274841,-1.07477915425,map_000000225.png
4.04198368424,3.37294772884,1.04237415736,-0.0,-0.0,-0.0,4.01583977852,3.80939274841,-1.07477915425,map_000000226.png
4.04197162929,3.37295981864,1.04238190186,-0.0,-0.0,-0.0,4.01583977852,3.80939274841,-1.07477915425,map_000000227.png
4.04198368023,3.37294775003,1.04237417413,-0.0,-0.0,-0.0,4.01583977852,3.80939274841,-1.07477915425,map_000000228.png
4.04197396688,3.37295749686,1.04238034465,-0.0,-0.0,0.144795075059,4.01583977852,3.80939274841,-1.07477915425,map_000000229.png
4.04198367612,3.37294777116,1.04237414528,-0.0,-0.0,0.144795075059,4.01583977852,3.80939274841,-1.07477915425,map_000000230.png
4.04208621136,3.37288935947,1.05490454018,-0.0,-0.0,0.433042377234,4.01583977852,3.80939274841,-1.07477915425,map_000000231.png
4.04236485298,3.37273932095,1.09013035285,-0.0,-0.0,0.64808344841,4.01583977852,3.80939274841,-1.07477915425,map_000000232.png
4.04282750121,3.37250943454,1.14370676789,-0.0,-0.0,0.698439002037,4.01583977852,3.80939274841,-1.07477915425,map_000000233.png
4.04343487741,3.3722606107,1.21156621563,-0.0,-0.0,-0.0,4.01583977852,3.80939274841,-1.07477915425,map_000000234.png
4.04399454503,3.37206096872,1.2719974252,-0.0,-0.0,-0.0,4.01583977852,3.80939274841,-1.07477915425,map_000000235.png
4.04398261805,3.3720730495,1.27200452061,-0.0,-0.0,-0.0,4.01583977852,3.80939274841,-1.07477915425,map_000000236.png
4.04399454069,3.37206109111,1.27199751382,-0.0,-0.0,-0.0,4.01583977852,3.80939274841,-1.07477915425,map_000000237.png
4.04398476457,3.37207091487,1.27200324115,-0.0,-0.0,-0.0,4.01583977852,3.80939274841,-1.07477915425,map_000000238.png
4.04399453706,3.3720611106,1.2719975526,-0.0,-0.0,-0.0,4.01583977852,3.80939274841,-1.07477915425,map_000000239.png
4.04398476046,3.37207093439,1.27200320864,-0.0,-0.0,-0.0,4.01583977852,3.80939274841,-1.07477915425,map_000000240.png
4.04398260845,3.37207309903,1.27200452931,-0.0,-0.0,-0.0,4.01583977852,3.80939274841,-1.07477915425,map_000000241.png
4.04398475662,3.37207095382,1.27200320543,-0.0,-0.0,0.0853221192956,4.01583977852,3.80939274841,-1.07477915425,map_000000242.png
4.04398260499,3.37207311834,1.27200456646,-0.0,-0.0,0.0853221192956,4.01583977852,3.80939274841,-1.07477915425,map_000000243.png
4.04405560313,3.37204940078,1.27972187612,-0.0,-0.0,0.881435573101,4.01583977852,3.80939274841,-1.07477915425,map_000000244.png
4.04461048432,3.37189978278,1.3413537766,-0.0,-0.0,1.0,4.01583977852,3.80939274841,-1.07477915425,map_000000245.png
4.04553437687,3.37172828483,1.4375478065,-0.0,-0.0,0.355258345604,4.01583977852,3.80939274841,-1.07477915425,map_000000246.png
4.04631754505,3.37165529683,1.51952549575,-0.0,-0.0,-0.0,4.01583977852,3.80939274841,-1.07477915425,map_000000247.png
4.04662208082,3.3716348875,1.55026250498,-0.0,-0.0,-0.0,4.01583977852,3.80939274841,-1.07477915425,map_000000248.png
4.04661223923,3.37164480653,1.5502669697,-0.0,-0.0,-0.0,4.01583977852,3.80939274841,-1.07477915425,map_000000249.png
4.04661223923,3.37164480653,1.5502669697,-0.0,-0.0,-0.0,4.01583977852,3.80939274841,-1.07477915425,map_000000250.png
4.04661029456,3.37164676319,1.55026792877,-0.0,-0.0,-0.0,4.01583977852,3.80939274841,-1.07477915425,map_000000251.png
4.04661223521,3.37164482348,1.55026698665,-0.0,-0.0,-0.0,4.01583977852,3.80939274841,-1.07477915425,map_000000252.png
4.04661029023,3.37164678004,1.55026791159,0.271225631237,-0.0,-0.0,4.01583977852,3.80939274841,-1.07477915425,map_000000253.png
4.04686695512,3.38356114074,1.55026206597,0.5,-0.0,-0.0,4.01583977852,3.80939274841,-1.07477915425,map_000000254.png
4.04750567123,3.41525107463,1.55026788368,0.5,-0.0,-0.0,4.01583977852,3.80939274841,-1.07477915425,map_000000255.png
4.04858448452,3.46720584587,1.5502618554,0.5,-0.0,-0.0,4.01583977852,3.80939274841,-1.07477915425,map_000000256.png
4.04964170109,3.51918233089,1.5502669725,0.5,-0.0,-0.0,4.01583977852,3.80939274841,-1.07477915425,map_000000257.png
4.05067757345,3.5691407234,1.550261752,0.5,-0.0,-0.0,4.01583977852,3.80939274841,-1.07477915425,map_000000258.png
4.0517347904,3.62111720895,1.55026696554,0.5,-0.0,-0.0,4.01583977852,3.80939274841,-1.07477915425,map_000000259.png
4.05279995668,3.6730863544,1.55026789287,0.5,-0.0,-0.0,4.01583977852,3.80939274841,-1.07477915425,map_000000260.png
4.05382787983,3.72305208699,1.55026702055,0.5,-0.0,-0.0,4.01583977852,3.80939274841,-1.07477915425,map_000000261.png
4.05489304608,3.77502123245,1.55026791896,0.103335671127,-0.0,-0.0,4.01583977852,3.80939274841,-1.07477915425,map_000000262.png
4.05597185828,3.82697600356,1.55026183772,-0.0,-0.0,-0.0,4.01583977852,3.80939274841,-1.07477915425,map_000000263.png
4.05620469224,3.83890067774,1.55026788729,-0.0,-0.0,-0.0,4.01583977852,3.80939274841,-1.07477915425,map_000000264.png
4.05625751862,3.84137721668,1.55026697577,-0.0,-0.0,-0.0,4.01583977852,3.80939274841,-1.07477915425,map_000000265.png
4.05625557413,3.84137917321,1.55026794879,-0.0,-0.0,-0.0,4.01583977852,3.80939274841,-1.07477915425,map_000000266.png
4.05625751472,3.84137723352,1.55026700214,-0.0,-0.0,-0.0,4.01583977852,3.80939274841,-1.07477915425,map_000000267.png
4.0562555699,3.84137919008,1.55026794404,-0.0,-0.0,-0.0,4.01583977852,3.80939274841,-1.07477915425,map_000000268.png
4.05626734324,3.84136737025,1.55026225473,-0.0,-0.0,-0.0,4.01583977852,3.80939274841,-1.07477915425,map_000000269.png
4.05625556566,3.84137920691,1.5502679338,-0.0,-0.0,-0.0,4.01583977852,3.80939274841,-1.07477915425,map_000000270.png
4.05626733962,3.84136738753,1.5502623585,-0.0,-0.0,-0.823183357716,4.01583977852,3.80939274841,-1.07477915425,map_000000271.png
4.05577747451,3.84139673641,1.4984518839,-0.0,-0.0,-1.0,4.01583977852,3.80939274841,-1.07477915425,map_000000272.png
4.05493542948,3.84149226599,1.40985046445,-0.0,-0.0,-1.0,4.01583977852,3.80939274841,-1.07477915425,map_000000273.png
4.05398249242,3.84168624948,1.30757351911,-0.0,-0.0,-1.0,4.01583977852,3.80939274841,-1.07477915425,map_000000274.png
4.05305432917,3.84197850189,1.20529701629,-0.0,-0.0,-1.0,4.01583977852,3.80939274841,-1.07477915425,map_000000275.png
4.05217432809,3.84236087443,1.10696522546,-0.0,-0.0,-1.0,4.01583977852,3.80939274841,-1.07477915425,map_000000276.png
4.05131403318,3.84285063267,1.00469591311,-0.0,-0.0,-1.0,4.01583977852,3.80939274841,-1.07477915425,map_000000277.png
4.0505184065,3.84340725317,0.902418073737,-0.0,-0.0,-1.0,4.01583977852,3.80939274841,-1.07477915425,map_000000278.png
4.04981642279,3.84401626089,0.804071413262,-0.0,-0.0,-1.0,4.01583977852,3.80939274841,-1.07477915425,map_000000279.png
4.04914215518,3.84472966071,0.701798381234,-0.0,-0.0,-1.0,4.01583977852,3.80939274841,-1.07477915425,map_000000280.png
4.04853605972,3.84550874604,0.599528002373,-0.0,-0.0,-1.0,4.01583977852,3.80939274841,-1.07477915425,map_000000281.png
4.04804030823,3.84632449124,0.50119408126,-0.0,-0.0,-1.0,4.01583977852,3.80939274841,-1.07477915425,map_000000282.png
4.04760755655,3.84721065821,0.398923808678,-0.0,-0.0,-1.0,4.01583977852,3.80939274841,-1.07477915425,map_000000283.png
4.0472702258,3.84813263114,0.296651857786,-0.0,-0.0,-1.0,4.01583977852,3.80939274841,-1.07477915425,map_000000284.png
4.0470400998,3.84902831568,0.198304483009,-0.0,-0.0,-1.0,4.01583977852,3.80939274841,-1.07477915425,map_000000285.png
4.04688971928,3.85000014772,0.0960347519331,-0.0,-0.0,-1.0,4.01583977852,3.80939274841,-1.07477915425,map_000000286.png
4.04683730527,3.85098400936,-0.00623355906449,-0.0,-0.0,-1.0,4.01583977852,3.80939274841,-1.07477915425,map_000000287.png
4.04688070946,3.85195173722,-0.104557985332,-0.0,-0.0,-1.0,4.01583977852,3.80939274841,-1.07477915425,map_000000288.png
4.0470160012,3.85290774699,-0.206836179232,-0.0,-0.0,-1.0,4.01583977852,3.80939274841,-1.07477915425,map_000000289.png
4.04726995997,3.85385319996,-0.309109713209,-0.0,-0.0,-1.0,4.01583977852,3.80939274841,-1.07477915425,map_000000290.png
4.04758261126,3.85472273213,-0.407458293033,-0.0,-0.0,-1.0,4.01583977852,3.80939274841,-1.07477915425,map_000000291.png
4.04758261126,3.85472273213,-0.407458293033,-0.0,-0.0,-1.0,4.01583977852,3.80939274841,-1.07477915425,map_000000292.png
4.04801892023,3.85560507961,-0.509729776536,-0.0,-0.0,-1.0,4.01583977852,3.80939274841,-1.07477915425,map_000000293.png
4.04852925888,3.85643576956,-0.612006036804,-0.0,-0.0,-1.0,4.01583977852,3.80939274841,-1.07477915425,map_000000294.png
4.04911784592,3.85719738591,-0.710336628803,-0.0,-0.0,-1.0,4.01583977852,3.80939274841,-1.07477915425,map_000000295.png
4.04979269815,3.85790864,-0.812610230409,-0.0,-0.0,-1.0,4.01583977852,3.80939274841,-1.07477915425,map_000000296.png
4.05053896668,3.8585494573,-0.914882237425,-0.0,-0.0,-1.0,4.01583977852,3.80939274841,-1.07477915425,map_000000297.png
4.05129843114,3.85908083859,-1.01322961921,-0.0,-0.0,-0.57155829668,4.01583977852,3.80939274841,-1.07477915425,map_000000298.png
4.05196786408,3.85946313337,-1.08851305591,-0.0,-0.0,-0.333628356457,4.01583977852,3.80939274841,-1.07477915425,map_000000299.png
4.05236137504,3.85966855023,-1.13573829474,-0.0,-0.0,-0.0,4.01583977852,3.80939274841,-1.07477915425,map_000000300.png
