-4.28375687597,1.54928187328,0.122989007042,-0.0,-0.0,-0.0,4.6202368176,1.46114181009,1.60208040804,map_000000000.png
-4.28375687597,1.54928187328,0.122989007042,-0.0,-0.0,-0.0,4.6202368176,1.46114181009,1.60208040804,map_000000001.png
-4.28374937391,1.54927073535,0.122983494843,-0.0,-0.0,-0.0,4.6202368176,1.46114181009,1.60208040804,map_000000002.png
-4.28375869659,1.54928002586,0.122988309062,-0.0,-0.0,-0.0,4.6202368176,1.46114181009,1.60208040804,map_000000003.png
-4.2837685926,1.54927016316,0.122984237255,-0.0,-0.0,-0.0,4.6202368176,1.46114181009,1.60208040804,map_000000004.png
-4.28375870324,1.54928004529,0.12298832089,-0.0,-0.0,-0.0,4.6202368176,1.46114181009,1.60208040804,map_000000005.png
-4.28374933007,1.54927072063,0.122983449716,-0.0,-0.0,-0.0,4.6202368176,1.46114181009,1.60208040804,map_000000006.png
-4.28375864059,1.54928002724,0.122988402039,-0.0,-0.0,-0.0,4.6202368176,1.46114181009,1.60208040804,map_000000007.png
-4.28375679878,1.54928184612,0.122989086516,-0.0,-0.0,-0.0,4.6202368176,1.46114181009,1.60208040804,map_000000008.png
-4.28375865951,1.54928002993,0.12298836419,-0.0,-0.0,-0.0,4.6202368176,1.46114181009,1.60208040804,map_000000009.png
-4.28375861945,1.54927999895,0.122988362157,-0.0,-0.0,-0.0,4.6202368176,1.46114181009,1.60208040804,map_000000010.png
-4.2837685153,1.54927013602,0.122984326255,-0.0,-0.0,-0.0,4.6202368176,1.46114181009,1.60208040804,map_000000011.png
-4.28375675488,1.54928183024,0.122989192276,-0.0,-0.0,-0.0,4.6202368176,1.46114181009,1.60208040804,map_000000012.png
-4.28375675488,1.54928183024,0.122989192276,-0.0,-0.0,-0.0,4.6202368176,1.46114181009,1.60208040804,map_000000013.png
-4.28374925312,1.54927069253,0.12298367087,-0.0,-0.0,-0.0,4.6202368176,1.46114181009,1.60208040804,map_000000014.png
-4.28375856335,1.54927999968,0.122988524418,-0.0,-0.0,-0.0,4.6202368176,1.46114181009,1.60208040804,map_000000015.png
-4.28376847181,1.54927012084,0.12298432845,-0.0,-0.0,-0.0,4.6202368176,1.46114181009,1.60208040804,map_000000016.png
-4.28375858231,1.54928000272,0.122988447974,-0.0,-0.0,-0.0,4.6202368176,1.46114181009,1.60208040804,map_000000017.png
-4.2837585423,1.5492799721,0.12298841084,-0.0,-0.0,-0.0,4.6202368176,1.46114181009,1.60208040804,map_000000018.png
-4.28375851971,1.54927998507,0.122988486542,-0.0,-0.0,-0.0,4.6202368176,1.46114181009,1.60208040804,map_000000019.png
-4.28375667779,1.5492818033,0.122989243705,-0.0,-0.0,-0.0,4.6202368176,1.46114181009,1.60208040804,map_000000020.png
-4.28374917589,1.54927066577,0.122983698023,-0.0,-0.0,-0.0,4.6202368176,1.46114181009,1.60208040804,map_000000021.png
-4.28375849855,1.54927995666,0.122988460729,-0.0,-0.0,-0.0,4.6202368176,1.46114181009,1.60208040804,map_000000022.png
-4.28376839453,1.54927009376,0.122984409674,-0.0,-0.0229003261775,-0.0,4.6202368176,1.46114181009,1.60208040804,map_000000023.png
-4.28375850518,1.549279976,0.122988482591,-0.0,-0.0229003261775,-0.0,4.6202368176,1.46114181009,1.60208040804,map_000000024.png
-4.28349078987,1.54718068485,0.122983554212,-0.0,-0.181329533458,-0.0,4.6202368176,1.46114181009,1.60208040804,map_000000025.png
-4.28173164239,1.53288332438,0.122987885494,-0.0,-0.479266494513,-0.0,4.6202368176,1.46114181009,1.60208040804,map_000000026.png
-4.27722534428,1.49644444403,0.12298756537,-0.0,-0.5,-0.0,4.6202368176,1.46114181009,1.60208040804,map_000000027.png
-4.27100441713,1.44616594674,0.122980735094,-0.0,-0.5,-0.0,4.6202368176,1.46114181009,1.60208040804,map_000000028.png
-4.26463766494,1.39459189362,0.122983349559,-0.0,-0.0,-0.0,4.6202368176,1.46114181009,1.60208040804,map_000000029.png
-4.25876202178,1.34696621692,0.122977779719,-0.0,-0.0,-0.0,4.6202368176,1.46114181009,1.60208040804,map_000000030.png
-4.25875213245,1.34697609921,0.122981845837,-0.0,-0.0,-0.0,4.6202368176,1.46114181009,1.60208040804,map_000000031.png
-4.25875209239,1.34697606823,0.122981846157,0.252304136753,-0.0,-0.0,4.6202368176,1.46114181009,1.60208040804,map_000000032.png
-4.24273411453,1.34895597136,0.122981165681,0.5,-0.00161366618704,-0.0,4.6202368176,1.46114181009,1.60208040804,map_000000033.png
-4.20489868427,1.35355609715,0.122980584933,0.5,-0.169503614306,-0.0,4.6202368176,1.46114181009,1.60208040804,map_000000034.png
-4.15262815871,1.35442492327,0.122972393905,0.5,-0.178964361548,-0.0,4.6202368176,1.46114181009,1.60208040804,map_000000035.png
-4.10095476579,1.34371244268,0.122974870928,0.5,-0.178964361548,-0.0,4.6202368176,1.46114181009,1.60208040804,map_000000036.png
-4.0470989442,1.33161483687,0.122967810996,0.5,-0.178964361548,-0.0,4.6202368176,1.46114181009,1.60208040804,map_000000037.png
-3.99322333915,1.31953684789,0.122969999001,0.5,-0.178964361548,-0.0,4.6202368176,1.46114181009,1.60208040804,map_000000038.png
-3.94141969097,1.3079043751,0.122962338635,0.5,-0.178964361548,-0.0,4.6202368176,1.46114181009,1.60208040804,map_000000039.png
-3.88756367487,1.29582557813,0.122964624103,0.5,-0.178964361548,-0.0,4.6202368176,1.46114181009,1.60208040804,map_000000040.png
-3.83369558655,1.28373892483,0.122962936393,0.5,-0.178964361548,-0.0,4.6202368176,1.46114181009,1.60208040804,map_000000041.png
-3.7819038784,1.27211371038,0.122959782493,0.5,-0.178964361548,-0.0,4.6202368176,1.46114181009,1.60208040804,map_000000042.png
-3.72803796169,1.26002503758,0.122956862431,0.5,-0.178964361548,-0.0,4.6202368176,1.46114181009,1.60208040804,map_000000043.png
-3.67418235753,1.24792646198,0.122949761853,0.5,-0.178964361548,-0.0,4.6202368176,1.46114181009,1.60208040804,map_000000044.png
-3.62237648983,1.23631415911,0.122952752057,0.5,-0.178964361548,-0.0,4.6202368176,1.46114181009,1.60208040804,map_000000045.png
-3.56850353082,1.22421409696,0.122944363722,0.5,-0.178964361548,-0.0,4.6202368176,1.46114181009,1.60208040804,map_000000046.png
-3.51464773243,1.21213433017,0.122946665601,0.5,-0.178964361548,-0.0,4.6202368176,1.46114181009,1.60208040804,map_000000047.png
-3.46286362791,1.20050006848,0.122939603216,0.5,-0.178964361548,-0.0,4.6202368176,1.46114181009,1.60208040804,map_000000048.png
-3.40898836303,1.1884205601,0.122941789708,0.5,-0.178964361548,-0.0,4.6202368176,1.46114181009,1.60208040804,map_000000049.png
-3.40898836303,1.1884205601,0.122941789708,0.5,-0.178964361548,-0.0,4.6202368176,1.46114181009,1.60208040804,map_000000050.png
-3.35512266561,1.17633091737,0.122938842806,0.5,-0.178964361548,-0.0,4.6202368176,1.46114181009,1.60208040804,map_000000051.png
-3.30332936956,1.16470630863,0.122936468115,0.5,-0.178964361548,-0.0,4.6202368176,1.46114181009,1.60208040804,map_000000052.png
-3.24946162187,1.152618135,0.122934847186,0.5,-0.178964361548,-0.0,4.6202368176,1.46114181009,1.60208040804,map_000000053.png
-3.19558888036,1.14051710539,0.12292620635,0.5,-0.178964361548,-0.0,4.6202368176,1.46114181009,1.60208040804,map_000000054.png
-3.1438046671,1.12890126832,0.122928653108,0.5,-0.178964361548,-0.0,4.6202368176,1.46114181009,1.60208040804,map_000000055.png
-3.08994940482,1.11680117325,0.122921591333,0.5,-0.178964361548,-0.0,4.6202368176,1.46114181009,1.60208040804,map_000000056.png
-3.03607435789,1.10472069436,0.122923780162,0.5,-0.0,-0.0,4.6202368176,1.46114181009,1.60208040804,map_000000057.png
-2.98427124779,1.09308582813,0.122916076711,0.5,-0.0,-0.0,4.6202368176,1.46114181009,1.60208040804,map_000000058.png
-2.93234584031,1.09662729113,0.122918821034,0.5,-0.0,-0.0,4.6202368176,1.46114181009,1.60208040804,map_000000059.png
-2.88075929734,1.10300183578,0.122917852293,0.5,-0.0,-0.0,4.6202368176,1.46114181009,1.60208040804,map_000000060.png
-2.83116128615,1.10912751259,0.122915293305,0.5,-0.0,-0.0,4.6202368176,1.46114181009,1.60208040804,map_000000061.png
-2.77957680414,1.11550000741,0.122912990743,0.5,-0.0,-0.0,4.6202368176,1.46114181009,1.60208040804,map_000000062.png
-2.72800258487,1.12186251625,0.122906681885,0.5,-0.0,-0.0,4.6202368176,1.46114181009,1.60208040804,map_000000063.png
-2.67839032751,1.12800142868,0.122909947085,0.5,-0.0,-0.0,4.6202368176,1.46114181009,1.60208040804,map_000000064.png
-2.62679864526,1.13436253327,0.122902154239,0.5,-0.0,-0.0,4.6202368176,1.46114181009,1.60208040804,map_000000065.png
-2.57522408497,1.14074386054,0.122905236723,0.5,-0.0,-0.0,4.6202368176,1.46114181009,1.60208040804,map_000000066.png
-2.52363745351,1.14711769605,0.122904129615,0.486400187016,-0.306646168232,-0.0,4.6202368176,1.46114181009,1.60208040804,map_000000067.png
-2.47098605009,1.1400205737,0.122896113786,0.486400187016,-0.316106915474,-0.0,4.6202368176,1.46114181009,1.60208040804,map_000000068.png
-2.41895895374,1.11534516474,0.122897813306,0.486400187016,-0.316106915474,-0.0,4.6202368176,1.46114181009,1.60208040804,map_000000069.png
-2.36475951138,1.08892131543,0.122890162933,0.493495732546,-0.316106915474,-0.0,4.6202368176,1.46114181009,1.60208040804,map_000000070.png
-2.31054034317,1.0625170475,0.122892121113,0.493495732546,-0.316106915474,-0.0,4.6202368176,1.46114181009,1.60208040804,map_000000071.png
-2.2577588167,1.03718917567,0.122884127179,0.5,-0.131679743528,-0.0,4.6202368176,1.46114181009,1.60208040804,map_000000072.png
-2.20398965089,1.02410456402,0.122886346307,0.5,-0.131679743528,-0.0,4.6202368176,1.46114181009,1.60208040804,map_000000073.png
-2.15072501575,1.01689204084,0.122884844159,0.5,-0.131679743528,-0.0,4.6202368176,1.46114181009,1.60208040804,map_000000074.png
-2.09951352328,1.00995342158,0.122881799655,0.5,-0.131679743528,-0.0,4.6202368176,1.46114181009,1.60208040804,map_000000075.png
-2.04625102687,1.00273887126,0.122879040495,0.5,-0.0110744042322,-0.0,4.6202368176,1.46114181009,1.60208040804,map_000000076.png
-1.99299882691,0.995514396,0.122872208147,0.5,-0.0,-0.0,4.6202368176,1.46114181009,1.60208040804,map_000000077.png
-1.94325068908,1.00055299311,0.122875500299,0.5,-0.0,-0.0,4.6202368176,1.46114181009,1.60208040804,map_000000078.png
-1.89162622646,1.00664865264,0.122867580306,0.5,0.00119403668214,-0.0,4.6202368176,1.46114181009,1.60208040804,map_000000079.png
-1.8400608072,1.01310400223,0.122870648069,0.5,0.00119403668214,-0.0,4.6202368176,1.46114181009,1.60208040804,map_000000080.png
-1.79048460419,1.01933779201,0.122864301819,0.5,0.00119403668214,-0.0,4.6202368176,1.46114181009,1.60208040804,map_000000081.png
-1.73890548505,1.02584097012,0.122866917352,0.5,0.00119403668214,-0.0,4.6202368176,1.46114181009,1.60208040804,map_000000082.png
-1.68733590714,1.0323341591,0.122864614255,0.5,0.00119403668214,-0.0,4.6202368176,1.46114181009,1.60208040804,map_000000083.png
-1.63775035339,1.03857748509,0.122862930401,0.5,0.00119403668214,-0.0,4.6202368176,1.46114181009,1.60208040804,map_000000084.png
-1.586178664,1.04507232557,0.122861696661,0.5,0.00119403668214,-0.0,4.6202368176,1.46114181009,1.60208040804,map_000000085.png
-1.53460188449,1.05155412583,0.122853708889,0.5,0.00119403668214,-0.0,4.6202368176,1.46114181009,1.60208040804,map_000000086.png
-1.48502530659,1.05780645334,0.122856839513,0.5,0.00119403668214,-0.0,4.6202368176,1.46114181009,1.60208040804,map_000000087.png
-1.48502530659,1.05780645334,0.122856839513,0.5,0.00119403668214,-0.0,4.6202368176,1.46114181009,1.60208040804,map_000000088.png
-1.4334659413,1.06428925361,0.122850561573,0.5,0.00119403668214,-0.0,4.6202368176,1.46114181009,1.60208040804,map_000000089.png
-1.38188673487,1.0707917229,0.122853204821,0.5,0.00119403668214,-0.0,4.6202368176,1.46114181009,1.60208040804,map_000000090.png
-1.33229113695,1.07702522889,0.122846045246,0.5,0.00119403668214,-0.0,4.6202368176,1.46114181009,1.60208040804,map_000000091.png
-1.28073142974,1.0835268477,0.122849100588,0.5,0.00119403668214,-0.0,4.6202368176,1.46114181009,1.60208040804,map_000000092.png
-1.22915965173,1.09002097658,0.122848029715,0.5,0.00119403668214,-0.0,4.6202368176,1.46114181009,1.60208040804,map_000000093.png
-1.1795758361,1.09626163655,0.122845407633,0.5,0.00119403668214,-0.0,4.6202368176,1.46114181009,1.60208040804,map_000000094.png
-1.12800611678,1.10275371439,0.122843087118,0.5,0.00119403668214,-0.0,4.6202368176,1.46114181009,1.60208040804,map_000000095.png
-1.07644666075,1.1092358055,0.122836853608,0.5,0.00119403668214,-0.0,4.6202368176,1.46114181009,1.60208040804,map_000000096.png
-1.02684859923,1.1154897014,0.122840161406,0.5,0.00119403668214,-0.0,4.6202368176,1.46114181009,1.60208040804,map_000000097.png
-0.975271679906,1.12197039029,0.122832293884,0.5,0.00119403668214,-0.0,4.6202368176,1.46114181009,1.60208040804,map_000000098.png
-0.923711882196,1.12847130114,0.122835276954,0.5,0.00119403668214,-0.0,4.6202368176,1.46114181009,1.60208040804,map_000000099.png
-0.874135460419,1.13470333999,0.122829017627,0.5,0.00119403668214,-0.0,4.6202368176,1.46114181009,1.60208040804,map_000000100.png
-0.822556114058,1.14120469853,0.122831631144,0.5,0.00119403668214,-0.0,4.6202368176,1.46114181009,1.60208040804,map_000000101.png
-0.770986307479,1.14769606722,0.122829335095,0.5,0.00119403668214,-0.0,4.6202368176,1.46114181009,1.60208040804,map_000000102.png
-0.719426763691,1.1541774496,0.122823031838,0.5,0.00119403668214,-0.0,4.6202368176,1.46114181009,1.60208040804,map_000000103.png
-0.667847379137,1.16067850048,0.122825701117,0.5,0.00119403668214,-0.0,4.6202368176,1.46114181009,1.60208040804,map_000000104.png
-0.61825160947,1.16691064383,0.12281843205,0.5,0.00119403668214,-0.0,4.6202368176,1.46114181009,1.60208040804,map_000000105.png
-0.566691723518,1.17341084279,0.122821650729,0.5,0.00119403668214,-0.0,4.6202368176,1.46114181009,1.60208040804,map_000000106.png
-0.515119765329,1.17990355506,0.122820477042,0.5,0.00119403668214,-0.0,4.6202368176,1.46114181009,1.60208040804,map_000000107.png
-0.465535777943,1.18614285058,0.122817906149,0.5,0.00119403668214,-0.0,4.6202368176,1.46114181009,1.60208040804,map_000000108.png
-0.413965881419,1.1926335105,0.122815598974,0.5,0.00119403668214,-0.0,4.6202368176,1.46114181009,1.60208040804,map_000000109.png
-0.36240624665,1.19911418352,0.122809329434,0.5,0.00119403668214,-0.0,4.6202368176,1.46114181009,1.60208040804,map_000000110.png
-0.312808012533,1.20536671471,0.12281276944,0.5,0.00119403668214,-0.0,4.6202368176,1.46114181009,1.60208040804,map_000000111.png
-0.261230915781,1.2118459856,0.122804907209,0.5,0.00119403668214,-0.0,4.6202368176,1.46114181009,1.60208040804,map_000000112.png
-0.209670940522,1.21834547818,0.122807859662,0.5,0.00119403668214,-0.0,4.6202368176,1.46114181009,1.60208040804,map_000000113.png
-0.160094347097,1.22457615444,0.12280152374,0.5,0.00119403668214,-0.0,4.6202368176,1.46114181009,1.60208040804,map_000000114.png
-0.108514822249,1.23107609475,0.122804159331,0.5,0.00119403668214,-0.0,4.6202368176,1.46114181009,1.60208040804,map_000000115.png
-0.0569448381691,1.23756604524,0.12280183269,0.5,0.00119403668214,-0.0,4.6202368176,1.46114181009,1.60208040804,map_000000116.png
-0.00735889404776,1.24380626008,0.122799952345,0.5,0.00119403668214,-0.0,4.6202368176,1.46114181009,1.60208040804,map_000000117.png
0.0442132029489,1.25029785961,0.12279891872,0.5,0.00119403668214,-0.0,4.6202368176,1.46114181009,1.60208040804,map_000000118.png
0.0957903894303,1.25677642031,0.122791117348,0.5,0.00119403668214,-0.0,4.6202368176,1.46114181009,1.60208040804,map_000000119.png
0.145367360625,1.2630256356,0.12279405716,0.5,0.00119403668214,-0.0,4.6202368176,1.46114181009,1.60208040804,map_000000120.png
0.196927134746,1.26950519778,0.12278775542,0.5,0.00119403668214,-0.0,4.6202368176,1.46114181009,1.60208040804,map_000000121.png
0.248506750303,1.27600442907,0.122790396726,0.5,0.00119403668214,-0.0,4.6202368176,1.46114181009,1.60208040804,map_000000122.png
0.29810274172,1.28223482111,0.122783283742,0.5,0.00119403668214,-0.0,4.6202368176,1.46114181009,1.60208040804,map_000000123.png
0.34966285709,1.28873320145,0.122786387047,0.5,0.00119403668214,-0.0,4.6202368176,1.46114181009,1.60208040804,map_000000124.png
0.34966285709,1.28873320145,0.122786387047,0.5,0.00119403668214,-0.0,4.6202368176,1.46114181009,1.60208040804,map_000000125.png
0.401235043005,1.29522409301,0.122785264534,0.5,0.00119403668214,-0.0,4.6202368176,1.46114181009,1.60208040804,map_000000126.png
0.450819249833,1.30146163988,0.122782620392,0.5,0.00119403668214,-0.0,4.6202368176,1.46114181009,1.60208040804,map_000000127.png
0.502389375236,1.30795047968,0.122780297832,0.5,0.00119403668214,-0.0,4.6202368176,1.46114181009,1.60208040804,map_000000128.png
0.553949237021,1.31442933293,0.122774043458,0.5,0.00119403668214,-0.0,4.6202368176,1.46114181009,1.60208040804,map_000000129.png
0.60354768947,1.32068011439,0.122777420984,0.5,0.00119403668214,-0.0,4.6202368176,1.46114181009,1.60208040804,map_000000130.png
0.655125015111,1.32715756515,0.122769578089,0.5,0.00119403668214,-0.0,4.6202368176,1.46114181009,1.60208040804,map_000000131.png
0.7066852198,1.33365523831,0.122772449469,0.5,-0.0,-0.0,4.6202368176,1.46114181009,1.60208040804,map_000000132.png
0.756273141541,1.33979413988,0.122766243882,0.5,-0.0,-0.0,4.6202368176,1.46114181009,1.60208040804,map_000000133.png
0.807868095361,1.34616907104,0.122768855139,0.5,-0.0,-0.0,4.6202368176,1.46114181009,1.60208040804,map_000000134.png
0.859453509864,1.35253401153,0.122766544738,0.5,-0.0,-0.0,4.6202368176,1.46114181009,1.60208040804,map_000000135.png
0.90905429114,1.35865402459,0.122764728256,0.5,-0.0,-0.0,4.6202368176,1.46114181009,1.60208040804,map_000000136.png
0.960641816343,1.36502061443,0.122763570942,0.5,-0.0,-0.0,4.6202368176,1.46114181009,1.60208040804,map_000000137.png
1.01223443082,1.37137416547,0.122755708183,0.5,-0.0,-0.0,4.6202368176,1.46114181009,1.60208040804,map_000000138.png
1.06182623617,1.37750317801,0.122758722789,0.5,-0.0,-0.0,4.6202368176,1.46114181009,1.60208040804,map_000000139.png
1.11340143803,1.38385772981,0.122752436985,0.5,-0.0,-0.0,4.6202368176,1.46114181009,1.60208040804,map_000000140.png
1.1649964803,1.39023195024,0.122755077099,0.5,-0.0,-0.0,4.6202368176,1.46114181009,1.60208040804,map_000000141.png
1.21658198191,1.39659618,0.122752771302,0.5,-0.0,-0.0,4.6202368176,1.46114181009,1.60208040804,map_000000142.png
1.26815722117,1.40295042393,0.122746435187,0.5,-0.0,-0.0,4.6202368176,1.46114181009,1.60208040804,map_000000143.png
1.31777046082,1.40908138705,0.122749930982,0.5,-0.0,-0.0,4.6202368176,1.46114181009,1.60208040804,map_000000144.png
1.36936316312,1.41543422885,0.122741942121,0.5,-0.0,-0.0,4.6202368176,1.46114181009,1.60208040804,map_000000145.png
1.42093874306,1.42180729226,0.122744898557,0.5,-0.0,-0.0,4.6202368176,1.46114181009,1.60208040804,map_000000146.png
1.47053034147,1.42791639878,0.122738663696,0.5,-0.0,-0.0,4.6202368176,1.46114181009,1.60208040804,map_000000147.png
1.52212547151,1.43428990843,0.122741317586,0.5,-0.0,-0.0,4.6202368176,1.46114181009,1.60208040804,map_000000148.png
1.5737110613,1.44065342748,0.122738995202,0.5,-0.0,-0.0,4.6202368176,1.46114181009,1.60208040804,map_000000149.png
1.62331200965,1.44677207462,0.122737100427,0.5,-0.0,-0.0,4.6202368176,1.46114181009,1.60208040804,map_000000150.png
1.67489971034,1.45313724255,0.122735940556,0.5,-0.0,-0.0,4.6202368176,1.46114181009,1.60208040804,map_000000151.png
1.72649250104,1.45948937176,0.122728166237,0.5,-0.0,-0.0,4.6202368176,1.46114181009,1.60208040804,map_000000152.png
1.77608447523,1.46561701726,0.122731164487,0.5,-0.0,-0.0,4.6202368176,1.46114181009,1.60208040804,map_000000153.png
1.82765985155,1.47197014773,0.122724879942,0.5,-0.0134395882487,-0.0,4.6202368176,1.46114181009,1.60208040804,map_000000154.png
1.87930111377,1.47796964809,0.122727504354,0.5,-0.0134395882487,-0.0,4.6202368176,1.46114181009,1.60208040804,map_000000155.png
1.92907655603,1.48274521807,0.122720305828,0.5,-0.0134395882487,-0.0,4.6202368176,1.46114181009,1.60208040804,map_000000156.png
1.98082329802,1.4877305991,0.122723392502,0.5,-0.0134395882487,-0.0,4.6202368176,1.46114181009,1.60208040804,map_000000157.png
2.0325821113,1.49270846289,0.122722178329,0.5,-0.063108459115,-0.0,4.6202368176,1.46114181009,1.60208040804,map_000000158.png
2.0827833203,1.49394354389,0.122719412196,0.5,-0.063108459115,-0.0,4.6202368176,1.46114181009,1.60208040804,map_000000159.png
2.13517209015,1.49379494291,0.122716889856,0.5,-0.0962019711733,-0.0,4.6202368176,1.46114181009,1.60208040804,map_000000160.png
2.1877125447,1.49232319142,0.122710228056,0.5,-0.105662710965,-0.0,4.6202368176,1.46114181009,1.60208040804,map_000000161.png
2.23852155251,1.48875862545,0.1227134755,0.5,-0.148216962814,-0.0,4.6202368176,1.46114181009,1.60208040804,map_000000162.png
2.23852155251,1.48875862545,0.1227134755,0.5,-0.223883792758,-0.0,4.6202368176,1.46114181009,1.60208040804,map_000000163.png
2.29145893245,1.4842082679,0.122705210955,0.5,-0.223883792758,-0.0,4.6202368176,1.46114181009,1.60208040804,map_000000164.png
2.34492061576,1.47528783963,0.122707521804,0.5,-0.223883792758,-0.0,4.6202368176,1.46114181009,1.60208040804,map_000000165.png
2.39710336856,1.46038611268,0.122700300636,0.5,-0.304280996323,-0.0,4.6202368176,1.46114181009,1.60208040804,map_000000166.png
2.45217673373,1.43855495244,0.122702234605,0.5,-0.335028380156,-0.0,4.6202368176,1.46114181009,1.60208040804,map_000000167.png
2.50781448109,1.41205916737,0.122698804452,0.5,-0.335028380156,-0.0,4.6202368176,1.46114181009,1.60208040804,map_000000168.png
2.56151414251,1.3849402016,0.122695845774,0.5,-0.290108948946,-0.0,4.6202368176,1.46114181009,1.60208040804,map_000000169.png
2.61732052802,1.35709412083,0.122693666695,0.5,-0.290108948946,-0.0,4.6202368176,1.46114181009,1.60208040804,map_000000170.png
2.67260431636,1.33351318682,0.122685045465,0.5,-0.290108948946,-0.0,4.6202368176,1.46114181009,1.60208040804,map_000000171.png
2.72574528353,1.31085894846,0.122686830469,0.5,-0.290108948946,-0.0,4.6202368176,1.46114181009,1.60208040804,map_000000172.png
2.7810115301,1.28727890999,0.122679254122,0.5,-0.290108948946,-0.0,4.6202368176,1.46114181009,1.60208040804,map_000000173.png
2.83629751506,1.26371845418,0.122681214867,0.5,-0.117488630116,-0.0,4.6202368176,1.46114181009,1.60208040804,map_000000174.png
2.88869716926,1.24720992324,0.122673058603,0.5,-0.0,-0.0,4.6202368176,1.46114181009,1.60208040804,map_000000175.png
2.94148029757,1.24378903782,0.122675683526,0.5,-0.0,-0.0,4.6202368176,1.46114181009,1.60208040804,map_000000176.png
2.99306838923,1.25015103478,0.122674580175,0.5,-0.0,-0.0,4.6202368176,1.46114181009,1.60208040804,map_000000177.png
3.04466157025,1.25649999455,0.12266658657,0.5,-0.0,-0.0,4.6202368176,1.46114181009,1.60208040804,map_000000178.png
3.0962376297,1.26286917525,0.122669676064,0.5,-0.0,-0.0,4.6202368176,1.46114181009,1.60208040804,map_000000179.png
3.14582968855,1.26897454951,0.122663427259,0.5,-0.0,-0.0,4.6202368176,1.46114181009,1.60208040804,map_000000180.png
3.19742529679,1.27534417758,0.12266604137,0.5,-0.0,-0.0,4.6202368176,1.46114181009,1.60208040804,map_000000181.png
3.24901136511,1.28170381494,0.122663737067,0.5,-0.0,-0.0,4.6202368176,1.46114181009,1.60208040804,map_000000182.png
3.29861277498,1.28781872799,0.122661971324,0.5,-0.0,-0.0,4.6202368176,1.46114181009,1.60208040804,map_000000183.png
3.350200955,1.29418001414,0.122660848713,0.5,-0.0,-0.0,4.6202368176,1.46114181009,1.60208040804,map_000000184.png
3.40179422276,1.30052826194,0.122653035047,0.5,-0.0,-0.0,4.6202368176,1.46114181009,1.60208040804,map_000000185.png
3.45138665708,1.30665217617,0.122655921577,0.5,-0.0,-0.0,4.6202368176,1.46114181009,1.60208040804,map_000000186.png
3.50296251242,1.31300142471,0.122649607519,0.5,-0.0,-0.0,4.6202368176,1.46114181009,1.60208040804,map_000000187.png
3.55455820904,1.31937034188,0.122652271641,0.5,-0.0,-0.0,4.6202368176,1.46114181009,1.60208040804,map_000000188.png
3.60416966187,1.32547543166,0.12264506395,0.5,-0.0,-0.0,4.6202368176,1.46114181009,1.60208040804,map_000000189.png
3.65574585818,1.33184349967,0.122648057,0.5,-0.0,-0.0,4.6202368176,1.46114181009,1.60208040804,map_000000190.png
3.70733412604,1.33820407406,0.122647019049,0.5,-0.0,-0.0,4.6202368176,1.46114181009,1.60208040804,map_000000191.png
3.75693379537,1.34431631729,0.122644485638,0.5,-0.0,-0.0,4.6202368176,1.46114181009,1.60208040804,map_000000192.png
3.80852000056,1.350674841,0.122642150114,0.5,-0.0,-0.0,4.6202368176,1.46114181009,1.60208040804,map_000000193.png
3.86009594345,1.35702337894,0.122635870265,0.5,-0.0,-0.0,4.6202368176,1.46114181009,1.60208040804,map_000000194.png
3.90970985896,1.36314885649,0.12263922486,0.5,-0.0,-0.0,4.6202368176,1.46114181009,1.60208040804,map_000000195.png
3.96130326526,1.36949599206,0.122631254314,0.5,-0.0,-0.0,4.6202368176,1.46114181009,1.60208040804,map_000000196.png
4.01287954903,1.37586334736,0.122634408164,0.5,-0.0,-0.0,4.6202368176,1.46114181009,1.60208040804,map_000000197.png
4.06247182346,1.38196696886,0.122628042078,0.5,-0.0,-0.0,4.6202368176,1.46114181009,1.60208040804,map_000000198.png
4.1140676569,1.38833477237,0.122630686574,0.5,-0.0,-0.0,4.6202368176,1.46114181009,1.60208040804,map_000000199.png
4.16565395078,1.3946925855,0.122628379371,0.5,-0.0,-0.0,4.6202368176,1.46114181009,1.60208040804,map_000000200.png
4.16565395078,1.3946925855,0.122628379371,0.5,-0.0,-0.0,4.6202368176,1.46114181009,1.60208040804,map_000000201.png
4.21525557586,1.40080574543,0.122626526808,0.5,-0.0,-0.0,4.6202368176,1.46114181009,1.60208040804,map_000000202.png
4.26684398026,1.40716520634,0.122625491268,0.5,-0.0,-0.0,4.6202368176,1.46114181009,1.60208040804,map_000000203.png
4.3184374736,1.41351163033,0.122617632043,0.5,-0.0,-0.0,4.6202368176,1.46114181009,1.60208040804,map_000000204.png
4.36803012475,1.41963378968,0.122620569066,0.5,-0.0,-0.0,4.6202368176,1.46114181009,1.60208040804,map_000000205.png
4.41960620443,1.42598121411,0.122614257891,0.5,-0.0,-0.0,4.6202368176,1.46114181009,1.60208040804,map_000000206.png
4.4712021252,1.43234830671,0.122616902389,0.5,-0.0,-0.0,4.6202368176,1.46114181009,1.60208040804,map_000000207.png
4.52081379477,1.43845164256,0.122609713768,0.5,-0.0,-0.0,4.6202368176,1.46114181009,1.60208040804,map_000000208.png
4.57239021686,1.44481788516,0.122612776024,0.5,-0.0,-0.0,4.6202368176,1.46114181009,1.60208040804,map_000000209.png
4.62397870839,1.45117663688,0.122611616242,-0.0,-0.0,-0.0,4.6202368176,1.46114181009,1.60208040804,map_000000210.png
4.67357859338,1.45728712542,0.122609113637,-0.0,-0.0,-0.0,4.6202368176,1.46114181009,1.60208040804,map_000000211.png
4.67754701249,1.45777610092,0.122608614503,-0.0,-0.0,-0.0,4.6202368176,1.46114181009,1.60208040804,map_000000212.png
4.6775371167,1.45776623794,0.122604586718,-0.0,-0.0,-0.0,4.6202368176,1.46114181009,1.60208040804,map_000000213.png
4.6775488772,1.45777793248,0.122609433118,-0.0,-0.0,-1.0,4.6202368176,1.46114181009,1.60208040804,map_000000214.png
4.67751949866,1.45813968599,0.0832680277402,-0.0,-0.0,-1.0,4.6202368176,1.46114181009,1.60208040804,map_000000215.png
4.67747741558,1.45912815713,-0.0189984774512,-0.0,-0.0,-1.0,4.6202368176,1.46114181009,1.60208040804,map_000000216.png
4.67747741558,1.45912815713,-0.0189984774512,-0.0,-0.0,-1.0,4.6202368176,1.46114181009,1.60208040804,map_000000217.png
4.67770330734,1.46107352396,-0.223542322445,-0.0,-0.0,-1.0,4.6202368176,1.46114181009,1.60208040804,map_000000218.png
4.67793329603,1.46194995576,-0.321899027351,-0.0,-0.0,-1.0,4.6202368176,1.46114181009,1.60208040804,map_000000219.png
4.67828867499,1.46286739382,-0.424171007808,-0.0,-0.0,-1.0,4.6202368176,1.46114181009,1.60208040804,map_000000220.png
4.67873473703,1.46374283035,-0.526443690056,-0.0,-0.0,-1.0,4.6202368176,1.46114181009,1.60208040804,map_000000221.png
4.67926074742,1.46455475006,-0.624771998143,-0.0,-0.0,-1.0,4.6202368176,1.46114181009,1.60208040804,map_000000222.png
4.6798713108,1.46532304577,-0.727045227611,-0.0,-0.0,-1.0,4.6202368176,1.46114181009,1.60208040804,map_000000223.png
4.68055670404,1.46602457732,-0.829318756379,-0.0,-0.0,-1.0,4.6202368176,1.46114181009,1.60208040804,map_000000224.png
4.68126519028,1.46661197083,-0.927669348627,-0.0,-0.0,-1.0,4.6202368176,1.46114181009,1.60208040804,map_000000225.png
4.68207624665,1.46716222146,-1.02994266732,-0.0,-0.0,-1.0,4.6202368176,1.46114181009,1.60208040804,map_000000226.png
4.68293947493,1.46762698903,-1.13221566017,-0.0,-0.0,-1.0,4.6202368176,1.46114181009,1.60208040804,map_000000227.png
4.68383103053,1.4679980739,-1.2305437804,-0.0,-0.0,-1.0,4.6202368176,1.46114181009,1.60208040804,map_000000228.png
4.68477202833,1.46828181385,-1.33281497926,-0.0,-0.0,-1.0,4.6202368176,1.46114181009,1.60208040804,map_000000229.png
4.68574628751,1.46847772921,-1.43508081737,-0.0,-0.0,-1.0,4.6202368176,1.46114181009,1.60208040804,map_000000230.png
4.68667114184,1.46856596282,-1.533424778,-0.0,-0.0,-1.0,4.6202368176,1.46114181009,1.60208040804,map_000000231.png
4.68764740009,1.46856260619,-1.63569794842,-0.0,-0.0,-1.0,4.6202368176,1.46114181009,1.60208040804,map_000000232.png
4.68863106256,1.46844576437,-1.73796672382,-0.0,-0.0,-1.0,4.6202368176,1.46114181009,1.60208040804,map_000000233.png
4.68956352417,1.46825164829,-1.83630143562,-0.0,-0.0,-1.0,4.6202368176,1.46114181009,1.60208040804,map_000000234.png
4.69048964711,1.46795614153,-1.93857831062,-0.0,-0.0,-1.0,4.6202368176,1.46114181009,1.60208040804,map_000000235.png
4.6913843674,1.4675621378,-2.04085311986,-0.0,-0.0,-1.0,4.6202368176,1.46114181009,1.60208040804,map_000000236.png
4.6921899668,1.46710495964,-2.13920115802,-0.0,-0.0,-1.0,4.6202368176,1.46114181009,1.60208040804,map_000000237.png
4.69299260371,1.46653733211,-2.24147382337,-0.0,-0.0,-1.0,4.6202368176,1.46114181009,1.60208040804,map_000000238.png
4.69299260371,1.46653733211,-2.24147382337,-0.0,-0.0,-1.0,4.6202368176,1.46114181009,1.60208040804,map_000000239.png
4.69373134403,1.46589270832,-2.34374738117,-0.0,-0.0,-1.0,4.6202368176,1.46114181009,1.60208040804,map_000000240.png
4.69438902267,1.46518945222,-2.44207767635,-0.0,-0.0,-1.0,4.6202368176,1.46114181009,1.60208040804,map_000000241.png
4.69499239599,1.46440760451,-2.54434801652,-0.0,-0.0,-1.0,4.6202368176,1.46114181009,1.60208040804,map_000000242.png
4.69549407165,1.46357241817,-2.64662398331,-0.0,-0.0,-1.0,4.6202368176,1.46114181009,1.60208040804,map_000000243.png
4.69590913244,1.46273902132,-2.74496938752,-0.0,-0.0,-1.0,4.6202368176,1.46114181009,1.60208040804,map_000000244.png
4.69623850786,1.46181154552,-2.84724063914,-0.0,-0.0,-1.0,4.6202368176,1.46114181009,1.60208040804,map_000000245.png
4.69647994988,1.46085994592,-2.94951204358,-0.0,-0.0,-1.0,4.6202368176,1.46114181009,1.60208040804,map_000000246.png
4.69663165306,1.45990385396,-3.04783769289,-0.0,-0.0,-1.0,4.6202368176,1.46114181009,1.60208040804,map_000000247.png
4.69667720736,1.45893472689,3.13307181789,-0.0,-0.0,-1.0,4.6202368176,1.46114181009,1.60208040804,map_000000248.png
4.69662425652,1.45795634326,3.03080050266,-0.0,-0.0,-1.0,4.6202368176,1.46114181009,1.60208040804,map_000000249.png
4.69647455603,1.45700507193,2.93247011886,-0.0,-0.0,-1.0,4.6202368176,1.46114181009,1.60208040804,map_000000250.png
4.69624023016,1.4560710902,2.83018900986,-0.0,-0.0,-1.0,4.6202368176,1.46114181009,1.60208040804,map_000000251.png
4.69589196117,1.45514994373,2.72791754232,-0.0,-0.0,-1.0,4.6202368176,1.46114181009,1.60208040804,map_000000252.png
4.69544948119,1.45427182344,2.62564537055,-0.0,-0.0,-1.0,4.6202368176,1.46114181009,1.60208040804,map_000000253.png
4.69493262337,1.45344606225,2.52336899216,-0.0,-0.0,-1.0,4.6202368176,1.46114181009,1.60208040804,map_000000254.png
4.69435818278,1.45271281381,2.42502346429,-0.0,-0.0,-1.0,4.6202368176,1.46114181009,1.60208040804,map_000000255.png
4.69368094676,1.45200562462,2.32274894381,-0.0,-0.0,-1.0,4.6202368176,1.46114181009,1.60208040804,map_000000256.png
4.692934167,1.45136378298,2.22047760172,-0.0,-0.0,-1.0,4.6202368176,1.46114181009,1.60208040804,map_000000257.png
4.69214104196,1.45082282987,2.12214598201,-0.0,-0.0,-1.0,4.6202368176,1.46114181009,1.60208040804,map_000000258.png
4.69128238729,1.45035128427,2.01987259419,-0.0,-0.0,-1.0,4.6202368176,1.46114181009,1.60208040804,map_000000259.png
4.69037700353,1.44996687548,1.91760130395,-0.0,-0.0,-1.0,4.6202368176,1.46114181009,1.60208040804,map_000000260.png
4.68949368023,1.44969199763,1.81925396579,-0.0,-0.0,-1.0,4.6202368176,1.46114181009,1.60208040804,map_000000261.png
4.68852429525,1.4494866797,1.71698687927,-0.0,-0.0,-0.0,4.6202368176,1.46114181009,1.60208040804,map_000000262.png
4.68771011128,1.44939267298,1.63439687885,-0.0,-0.0,-0.0,5.93779019589,6.99814838926,1.06169072696,map_000000263.png
4.68771996107,1.44938289796,1.6343926438,-0.0,-0.0,-0.0,5.93779019589,6.99814838926,1.06169072696,map_000000264.png
4.68771011016,1.44939280085,1.63439683369,-0.0,-0.0,-0.0,5.93779019589,6.99814838926,1.06169072696,map_000000265.png
4.68770822029,1.4493947021,1.63439771522,-0.0,-0.0,-0.0,5.93779019589,6.99814838926,1.06169072696,map_000000266.png
4.68771010608,1.44939281687,1.63439686767,-0.0,-0.0,-0.0,5.93779019589,6.99814838926,1.06169072696,map_000000267.png
4.68770821572,1.4493947181,1.63439769873,-0.0,-0.0,-0.0,5.93779019589,6.99814838926,1.06169072696,map_000000268.png
4.68771994931,1.44938293894,1.63439259216,-0.0,-0.0,-0.0,5.93779019589,6.99814838926,1.06169072696,map_000000269.png
4.6877082114,1.44939473412,1.63439770758,-0.0,-0.0,-0.0,5.93779019589,6.99814838926,1.06169072696,map_000000270.png
4.68771994513,1.449382955,1.634392618,-0.0,-0.0,-0.0,5.93779019589,6.99814838926,1.06169072696,map_000000271.png
4.68771009467,1.44939285734,1.63439683734,-0.0,-0.0,-0.0,5.93779019589,6.99814838926,1.06169072696,map_000000272.png
4.68771994035,1.44938297075,1.63439255666,-0.0,-0.0,-0.0,5.93779019589,6.99814838926,1.06169072696,map_000000273.png
4.68771009089,1.44939287337,1.63439690292,-0.0,-0.0,-0.0,5.93779019589,6.99814838926,1.06169072696,map_000000274.png
4.68771009089,1.44939287337,1.63439690292,-0.0,-0.0,-0.0,5.93779019589,6.99814838926,1.06169072696,map_000000275.png
4.68770820022,1.44939477459,1.63439770286,-0.0,-0.0,-0.0,5.93779019589,6.99814838926,1.06169072696,map_000000276.png
4.68771008674,1.44939288939,1.63439692984,-0.0,-0.0,-0.0,5.93779019589,6.99814838926,1.06169072696,map_000000277.png
4.68770819597,1.44939479059,1.63439771616,-0.0,-0.0,-0.0,5.93779019589,6.99814838926,1.06169072696,map_000000278.png
4.68771992966,1.44938301164,1.63439264,-0.0,-0.0,-0.0,5.93779019589,6.99814838926,1.06169072696,map_000000279.png
4.68770819178,1.44939480661,1.63439773829,-0.0,-0.0,-0.0,5.93779019589,6.99814838926,1.06169072696,map_000000280.png
4.68771992502,1.44938302728,1.63439258087,-0.0,-0.0,-0.0,5.93779019589,6.99814838926,1.06169072696,map_000000281.png
4.68771007612,1.44939292991,1.63439698255,-0.0,-0.0,-0.0,5.93779019589,6.99814838926,1.06169072696,map_000000282.png
4.68771992068,1.44938304344,1.63439260202,-0.0,-0.0,-0.0,5.93779019589,6.99814838926,1.06169072696,map_000000283.png
4.68771007097,1.44939294587,1.63439690352,-0.0,-0.0,-0.0,5.93779019589,6.99814838926,1.06169072696,map_000000284.png
4.68770818016,1.44939484707,1.63439768956,-0.0,-0.0,-0.0,5.93779019589,6.99814838926,1.06169072696,map_000000285.png
4.6877100661,1.44939296184,1.63439685447,-0.0,-0.0,-0.0,5.93779019589,6.99814838926,1.06169072696,map_000000286.png
4.68770817632,1.4493948631,1.63439774558,-0.0,-0.0,-0.0,5.93779019589,6.99814838926,1.06169072696,map_000000287.png
4.68771990922,1.44938308359,1.63439253767,-0.0,-0.0,-0.0,5.93779019589,6.99814838926,1.06169072696,map_000000288.png
4.68770817164,1.44939487908,1.63439771629,-0.0,-0.0,-0.0,5.93779019589,6.99814838926,1.06169072696,map_000000289.png
4.68771990535,1.44938309998,1.63439262719,-0.0,-0.0,-0.0,5.93779019589,6.99814838926,1.06169072696,map_000000290.png
4.68771005545,1.44939300235,1.63439690464,-0.0,-0.0,-0.0,5.93779019589,6.99814838926,1.06169072696,map_000000291.png
4.68770816528,1.44939490358,1.63439775449,-0.0,-0.0,-0.0,5.93779019589,6.99814838926,1.06169072696,map_000000292.png
4.68771989844,1.4493831244,1.63439260397,-0.0,-0.0,-0.0,5.93779019589,6.99814838926,1.06169072696,map_000000293.png
4.68770816089,1.44939491957,1.63439775354,-0.0,-0.0,-0.0,5.93779019589,6.99814838926,1.06169072696,map_000000294.png
