
-5.59388847497,1.25358762818,-1.36009784531,-0.0,-0.0,-0.0,2.74117471531,2.19564058732,-2.29710773733,map_000000033.png
-5.59388846674,1.2535876153,-1.36009784397,-0.124126404524,-0.0,-0.0,2.74117471531,2.19564058732,-2.29710773733,map_000000034.png
-5.59389031728,1.25358946071,-1.36009872478,-0.3582033813,-0.0,-0.0,2.74117471531,2.19564058732,-2.29710773733,map_000000035.png
-5.59647601911,1.26571326818,-1.36009501058,-0.3582033813,-0.0,-0.0,2.74117471531,2.19564058732,-2.29710773733,map_000000036.png
-5.60279000723,1.29523554747,-1.36009516274,-0.0,-0.0,-0.0,2.74117471531,2.19564058732,-2.29710773733,map_000000037.png
-5.60609409744,1.3106506338,-1.36009768995,-0.0,-0.0,-0.0,2.74117471531,2.19564058732,-2.29710773733,map_000000038.png
-5.6061039488,1.31066052297,-1.36010137945,-0.0,-0.0,-0.0,2.74117471531,2.19564058732,-2.29710773733,map_000000039.png
-5.60610394083,1.31066051003,-1.36010134994,-0.0,-0.0,-0.0,2.74117471531,2.19564058732,-2.29710773733,map_000000040.png
-5.60609225162,1.31064876831,-1.36009707653,-0.431505024433,-0.0,-0.0,2.74117471531,2.19564058732,-2.29710773733,map_000000041.png
-5.60609410302,1.31065061355,-1.36009786785,-0.431505024433,-0.0,-0.0,2.74117471531,2.19564058732,-2.29710773733,map_000000042.png
-5.61403240323,1.34776757389,-1.36009771334,-0.5,-0.0,-0.0,2.74117471531,2.19564058732,-2.29710773733,map_000000043.png
-5.6244358925,1.39644477651,-1.36009437666,-0.5,-0.0,-0.0,2.74117471531,2.19564058732,-2.29710773733,map_000000044.png
-5.63531601238,1.447282663,-1.36009672795,-0.5,-0.0,-0.0,2.74117471531,2.19564058732,-2.29710773733,map_000000045.png
-5.64619686253,1.49812150682,-1.36009948578,-0.5,-0.0,-0.0,2.74117471531,2.19564058732,-2.29710773733,map_000000046.png
-5.65664974146,1.54699532318,-1.36009890174,-0.5,-0.0,-0.0,2.74117471531,2.19564058732,-2.29710773733,map_000000047.png
-5.66750909379,1.59781253364,-1.36009452212,-0.5,-0.0,-0.0,2.74117471531,2.19564058732,-2.29710773733,map_000000048.png
-5.67838194485,1.64864274829,-1.36009461006,-0.414967805147,-0.0,-0.0,2.74117471531,2.19564058732,-2.29710773733,map_000000049.png
-5.68741275376,1.69086719362,-1.36009427924,-0.0,-0.0,-0.0,2.74117471531,2.19564058732,-2.29710773733,map_000000050.png
-5.69087364703,1.70708278183,-1.36009075247,-0.0,-0.0,-0.0,2.74117471531,2.19564058732,-2.29710773733,map_000000051.png
-5.69088281206,1.70709198122,-1.36009423951,-0.0,-0.0,-0.0,2.74117471531,2.19564058732,-2.29710773733,map_000000052.png
-5.69088280403,1.7070919683,-1.36009421699,0.12698751688,0.5,-0.0,2.74117471531,2.19564058732,-2.29710773733,map_000000053.png
-5.68883133886,1.70702347532,-1.36009701988,0.0607814267278,0.5,-0.0,2.74117471531,2.19564058732,-2.29710773733,map_000000054.png
-5.63522970257,1.70497357058,-1.36009448235,0.0607814267278,0.5,-0.0,2.74117471531,2.19564058732,-2.29710773733,map_000000055.png
-5.58491908717,1.70870868195,-1.36009544672,0.0607814267278,0.5,-0.0,2.74117471531,2.19564058732,-2.29710773733,map_000000056.png
-5.53277105358,1.71340252778,-1.36009723759,0.0607814267278,0.5,-0.0,2.74117471531,2.19564058732,-2.29710773733,map_000000057.png
-5.48061134053,1.71808531601,-1.3600949533,0.0607814267278,0.5,-0.0,2.74117471531,2.19564058732,-2.29710773733,map_000000058.png
-5.43046679562,1.72259680287,-1.36009610709,0.0607814267278,0.5,-0.0,2.74117471531,2.19564058732,-2.29710773733,map_000000059.png
-5.37832575139,1.72729788367,-1.36010060863,0.0607814267278,0.5,-0.0,2.74117471531,2.19564058732,-2.29710773733,map_000000060.png
-5.32618510544,1.73199965098,-1.36010452751,0.0607814267278,0.5,-0.0,2.74117471531,2.19564058732,-2.29710773733,map_000000061.png
-5.32618510544,1.73199965098,-1.36010452751,0.0607814267278,0.5,-0.0,2.74117471531,2.19564058732,-2.29710773733,map_000000062.png
-5.22387833499,1.7411910004,-1.36010292874,0.0607814267278,0.5,-0.0,2.74117471531,2.19564058732,-2.29710773733,map_000000063.png
-5.22387833499,1.7411910004,-1.36010292874,0.0607814267278,0.5,-0.0,2.74117471531,2.19564058732,-2.29710773733,map_000000064.png
-5.17173026828,1.74588445857,-1.36010451322,0.0607814267278,0.5,-0.0,2.74117471531,2.19564058732,-2.29710773733,map_000000065.png
-5.11957051707,1.75056686131,-1.36010258905,0.0394947677851,0.5,-0.0,2.74117471531,2.19564058732,-2.29710773733,map_000000066.png
-5.0695327387,1.7555773565,-1.36010367074,0.0300340279937,0.5,-0.0,2.74117471531,2.19564058732,-2.29710773733,map_000000067.png
-5.01787027334,1.76251598343,-1.36010800023,0.0300340279937,0.5,-0.0,2.74117471531,2.19564058732,-2.29710773733,map_000000068.png
-4.96639806713,1.77034308897,-1.36011163946,0.0300340279937,0.5,-0.0,2.74117471531,2.19564058732,-2.29710773733,map_000000069.png
-4.91689623315,1.77785954188,-1.36011267276,0.0300340279937,0.5,-0.0,2.74117471531,2.19564058732,-2.29710773733,map_000000070.png
-4.86540245261,1.7856649101,-1.3601102242,0.0300340279937,0.5,-0.0,2.74117471531,2.19564058732,-2.29710773733,map_000000071.png
-4.81392280997,1.7934836796,-1.36011184199,0.0300340279937,0.5,-0.0,2.74117471531,2.19564058732,-2.29710773733,map_000000072.png
-4.76442095316,1.80099998027,-1.36011288225,0.0300340279937,0.5,-0.0,2.74117471531,2.19564058732,-2.29710773733,map_000000073.png
-4.71292961989,1.80880768073,-1.36011097085,0.0300340279937,0.5,-0.0,2.74117471531,2.19564058732,-2.29710773733,map_000000074.png
-4.66145696312,1.81663370999,-1.36011506878,0.0300340279937,0.5,-0.0,2.74117471531,2.19564058732,-2.29710773733,map_000000075.png
-4.611955083,1.824149858,-1.3601161175,0.0300340279937,0.5,-0.0,2.74117471531,2.19564058732,-2.29710773733,map_000000076.png
-4.56048281011,1.83197654179,-1.36012010516,0.0300340279937,0.5,-0.0,2.74117471531,2.19564058732,-2.29710773733,map_000000077.png
-4.50898897467,1.83978153755,-1.36011740003,0.0300340279937,0.5,-0.0,2.74117471531,2.19564058732,-2.29710773733,map_000000078.png
-4.4594870719,1.84729753304,-1.36011838639,0.0300340279937,0.5,-0.0,2.74117471531,2.19564058732,-2.29710773733,map_000000079.png
-4.40800736631,1.85511587942,-1.36011987065,0.0442251339555,0.5,-0.0,2.74117471531,2.19564058732,-2.29710773733,map_000000080.png
-4.35649224404,1.86281224619,-1.36011837088,0.0442251339555,0.5,-0.0,2.74117471531,2.19564058732,-2.29710773733,map_000000081.png
-4.30471102549,1.8691952641,-1.36012230413,0.0442251339555,0.5,-0.0,2.74117471531,2.19564058732,-2.29710773733,map_000000082.png
-4.25491245173,1.87532389826,-1.36012334891,0.214480265975,0.5,-0.0,2.74117471531,2.19564058732,-2.29710773733,map_000000083.png
-4.20042690845,1.86905960744,-1.36012776319,0.240478217602,0.5,-0.0,2.74117471531,2.19564058732,-2.29710773733,map_000000084.png
-4.14461899846,1.85669055689,-1.36012492914,0.264130055904,0.5,-0.0,2.74117471531,2.19564058732,-2.29710773733,map_000000085.png
-4.09054017796,1.84280329861,-1.3601262473,0.264130055904,0.5,-0.0,2.74117471531,2.19564058732,-2.29710773733,map_000000086.png
-4.03397146866,1.82682363412,-1.36012801485,0.264130055904,0.5,-0.0,2.74117471531,2.19564058732,-2.29710773733,map_000000087.png
-3.97739107072,1.81083266761,-1.36012639456,0.283051550388,0.478846848011,-0.0,2.74117471531,2.19564058732,-2.29710773733,map_000000088.png
-3.92299590467,1.79546558709,-1.36012734781,0.283051550388,0.478846848011,-0.0,2.74117471531,2.19564058732,-2.29710773733,map_000000089.png
-3.86783886721,1.77756796907,-1.36013197285,0.327970981598,0.45756021142,-0.0,2.74117471531,2.19564058732,-2.29710773733,map_000000090.png
-3.81379313203,1.75592425191,-1.36013662276,0.327970981598,0.45756021142,-0.0,2.74117471531,2.19564058732,-2.29710773733,map_000000091.png
-3.76221203693,1.73342953709,-1.36013792623,0.327970981598,0.45756021142,-0.0,2.74117471531,2.19564058732,-2.29710773733,map_000000092.png
-3.70855587124,1.71002316563,-1.36013507945,0.186098054051,0.5,-0.0,2.74117471531,2.19564058732,-2.29710773733,map_000000093.png
-3.65477190655,1.6884011157,-1.36013681944,0.12698751688,0.5,-0.0,2.74117471531,2.19564058732,-2.29710773733,map_000000094.png
-3.60200785555,1.68066114342,-1.36013795854,0.12698751688,0.5,-0.0,2.74117471531,2.19564058732,-2.29710773733,map_000000095.png
-3.5482605119,1.677917977,-1.36013595713,0.12698751688,0.5,-0.0,2.74117471531,2.19564058732,-2.29710773733,map_000000096.png
-3.49468012188,1.67588657397,-1.36014073172,0.12698751688,0.5,-0.0,2.74117471531,2.19564058732,-2.29710773733,map_000000097.png
-3.44315158935,1.67392439207,-1.36014180626,0.12698751688,0.5,-0.0,2.74117471531,2.19564058732,-2.29710773733,map_000000098.png
-3.38957160467,1.67189357256,-1.36014560565,0.12698751688,0.5,-0.0,2.74117471531,2.19564058732,-2.29710773733,map_000000099.png
-3.38957160467,1.67189357256,-1.36014560565,0.093874938786,0.5,-0.0,2.74117471531,2.19564058732,-2.29710773733,map_000000100.png
-3.33597006599,1.66984105791,-1.36014312195,0.093874938786,0.5,-0.0,2.74117471531,2.19564058732,-2.29710773733,map_000000101.png
-3.28241036523,1.66793149006,-1.36014497892,0.0536858737469,0.5,-0.0,2.74117471531,2.19564058732,-2.29710773733,map_000000102.png
-3.23157392389,1.66920578677,-1.36014608631,0.0536858737469,0.5,-0.0,2.74117471531,2.19564058732,-2.29710773733,map_000000103.png
-3.1794002187,1.67382167201,-1.36014388294,-0.0,0.5,-0.0,2.74117471531,2.19564058732,-2.29710773733,map_000000104.png
-3.1281761966,1.68281004648,-1.36014833355,-0.0,0.5,-0.0,2.74117471531,2.19564058732,-2.29710773733,map_000000105.png
-3.07930179879,1.69326034384,-1.36014924589,-0.0,0.5,-0.0,2.74117471531,2.19564058732,-2.29710773733,map_000000106.png
-3.0284821068,1.70413855506,-1.36015292609,-0.0,0.5,-0.0,2.74117471531,2.19564058732,-2.29710773733,map_000000107.png
-2.97764084553,1.71499508303,-1.3601504755,-0.0,0.5,-0.0,2.74117471531,2.19564058732,-2.29710773733,map_000000108.png
-2.9287664158,1.72544523413,-1.36015144879,-0.0,0.5,-0.0,2.74117471531,2.19564058732,-2.29710773733,map_000000109.png
-2.87793927472,1.7363150817,-1.36015306535,-0.0,0.5,-0.0,2.74117471531,2.19564058732,-2.29710773733,map_000000110.png
-2.82710045442,1.74717394757,-1.36015093438,-0.0,0.5,-0.0,2.74117471531,2.19564058732,-2.29710773733,map_000000111.png
-2.77822599305,1.75762395317,-1.36015194173,-0.0,0.5,-0.0,2.74117471531,2.19564058732,-2.29710773733,map_000000112.png
-2.72740583015,1.76850108567,-1.36015630931,-0.0,0.5,-0.0,2.74117471531,2.19564058732,-2.29710773733,map_000000113.png
-2.67658606251,1.77937894238,-1.36015998525,-0.0,0.5,-0.0,2.74117471531,2.19564058732,-2.29710773733,map_000000114.png
-2.62771156977,1.78982880162,-1.36016104435,-0.0,0.5,-0.0,2.74117471531,2.19564058732,-2.29710773733,map_000000115.png
-2.57687022284,1.80068492287,-1.36015838723,-0.0,0.5,-0.0,2.74117471531,2.19564058732,-2.29710773733,map_000000116.png
-2.52604300637,1.81155441547,-1.3601599496,-0.0,0.5,-0.0,2.74117471531,2.19564058732,-2.29710773733,map_000000117.png
-2.47716848278,1.82200412787,-1.36016092134,-0.0,0.5,-0.0,2.74117471531,2.19564058732,-2.29710773733,map_000000118.png
-2.42632957219,1.83286259086,-1.36015924122,-0.0,0.5,-0.0,2.74117471531,2.19564058732,-2.29710773733,map_000000119.png
-2.37550933586,1.84373936466,-1.3601632058,-0.0,0.5,-0.0,2.74117471531,2.19564058732,-2.29710773733,map_000000120.png
-2.32468948996,1.85461686548,-1.36016714558,-0.0,0.5,-0.0,2.74117471531,2.19564058732,-2.29710773733,map_000000121.png
-2.27581492482,1.86506638248,-1.36016812349,0.0442251339555,0.5,-0.0,2.74117471531,2.19564058732,-2.29710773733,map_000000122.png
-2.22497350252,1.87592214789,-1.3601653865,0.0442251339555,0.5,-0.0,2.74117471531,2.19564058732,-2.29710773733,map_000000123.png
-2.17336984498,1.88316002833,-1.36016687994,0.110431224108,0.5,-0.0,2.74117471531,2.19564058732,-2.29710773733,map_000000124.png
-2.12274082163,1.88540347219,-1.36016793937,0.12698751688,0.5,-0.0,2.74117471531,2.19564058732,-2.29710773733,map_000000125.png
-2.06934940661,1.88432310318,-1.36016627661,0.12698751688,0.5,-0.0,2.74117471531,2.19564058732,-2.29710773733,map_000000126.png
-2.01576908132,1.88229008831,-1.36017057771,0.12698751688,0.5,-0.0,2.74117471531,2.19564058732,-2.29710773733,map_000000127.png
-1.96424060834,1.88032635987,-1.36017165587,0.150620281696,0.5,-0.0,2.74117471531,2.19564058732,-2.29710773733,map_000000128.png
-1.91066068079,1.87829393448,-1.36017606619,0.150620281696,0.5,-0.0,2.74117471531,2.19564058732,-2.29710773733,map_000000129.png
-1.85660483263,1.87411451869,-1.36017324094,0.195558801293,0.5,-0.0,2.74117471531,2.19564058732,-2.29710773733,map_000000130.png
-1.80390631121,1.86667775558,-1.36017440925,0.202654346824,0.5,-0.0,2.74117471531,2.19564058732,-2.29710773733,map_000000131.png
-1.74874564813,1.85727781269,-1.36017606076,0.202654346824,0.5,-0.0,2.74117471531,2.19564058732,-2.29710773733,map_000000132.png
-1.69350212025,1.84753372299,-1.36017422837,0.202654346824,0.5,-0.0,2.74117471531,2.19564058732,-2.29710773733,map_000000133.png
-1.64039239252,1.838173246,-1.36017567091,0.202654346824,0.5,-0.0,2.74117471531,2.19564058732,-2.29710773733,map_000000134.png
-1.58516757628,1.82844750187,-1.36018004436,0.202654346824,0.5,-0.0,2.74117471531,2.19564058732,-2.29710773733,map_000000135.png
-1.58516757628,1.82844750187,-1.36018004436,0.202654346824,0.5,-0.0,2.74117471531,2.19564058732,-2.29710773733,map_000000136.png
-1.52994316711,1.81872235722,-1.36018430688,0.202654346824,0.5,-0.0,2.74117471531,2.19564058732,-2.29710773733,map_000000137.png
-1.47469721654,1.80897550756,-1.36018166654,0.202654346824,0.5,-0.0,2.74117471531,2.19564058732,-2.29710773733,map_000000138.png
-1.42158753433,1.7996147738,-1.3601828196,0.202654346824,0.5,-0.0,2.74117471531,2.19564058732,-2.29710773733,map_000000139.png
-1.36635577711,1.78988144942,-1.36018459876,0.202654346824,0.5,-0.0,2.74117471531,2.19564058732,-2.29710773733,map_000000140.png
-1.31111233277,1.78013689524,-1.36018249915,0.131717890501,0.5,-0.0,2.74117471531,2.19564058732,-2.29710773733,map_000000141.png
-1.25812126211,1.77133065319,-1.36018370412,0.0796838253736,0.5,-0.0,2.74117471531,2.19564058732,-2.29710773733,map_000000142.png
-1.20443816508,1.76881580304,-1.36018838826,0.0796838253736,0.5,-0.0,2.74117471531,2.19564058732,-2.29710773733,map_000000143.png
-1.15179931327,1.77118442917,-1.36019231268,0.0584162436426,0.5,-0.0,2.74117471531,2.19564058732,-2.29710773733,map_000000144.png
-1.10157934602,1.77534046593,-1.36019342063,0.0584162436426,0.5,-0.0,2.74117471531,2.19564058732,-2.29710773733,map_000000145.png
-1.04946812308,1.78025635255,-1.36019075257,0.0489555038512,0.5,-0.0,2.74117471531,2.19564058732,-2.29710773733,map_000000146.png
-0.997450120902,1.78555558543,-1.36019254781,0.0489555038512,0.5,-0.0,2.74117471531,2.19564058732,-2.29710773733,map_000000147.png
-0.947552270967,1.7912183286,-1.36019348517,0.0489555038512,0.5,-0.0,2.74117471531,2.19564058732,-2.29710773733,map_000000148.png
-0.895649106397,1.79709832199,-1.36019138472,0.0489555038512,0.5,-0.0,2.74117471531,2.19564058732,-2.29710773733,map_000000149.png
-0.843764616981,1.80299665415,-1.36019577695,0.0489555038512,0.5,-0.0,2.74117471531,2.19564058732,-2.29710773733,map_000000150.png
-0.793866748076,1.80865924218,-1.36019689693,0.0489555038512,0.5,-0.0,2.74117471531,2.19564058732,-2.29710773733,map_000000151.png
-0.741982650593,1.81455821402,-1.36020054667,0.0489555038512,0.5,-0.0,2.74117471531,2.19564058732,-2.29710773733,map_000000152.png
-0.690076988015,1.82043549883,-1.36019812589,0.0489555038512,0.5,-0.0,2.74117471531,2.19564058732,-2.29710773733,map_000000153.png
-0.640179101765,1.82609792836,-1.36019912249,0.0489555038512,0.5,-0.0,2.74117471531,2.19564058732,-2.29710773733,map_000000154.png
-0.588287575476,1.83198858288,-1.36020088669,0.0489555038512,0.5,-0.0,2.74117471531,2.19564058732,-2.29710773733,map_000000155.png
-0.536384367988,1.83786819469,-1.36019872428,0.0489555038512,0.5,-0.0,2.74117471531,2.19564058732,-2.29710773733,map_000000156.png
-0.484499834844,1.84376614515,-1.36020318222,0.0489555038512,0.5,-0.0,2.74117471531,2.19564058732,-2.29710773733,map_000000157.png
-0.434601925459,1.84942836576,-1.36020414279,0.0489555038512,0.5,-0.0,2.74117471531,2.19564058732,-2.29710773733,map_000000158.png
-0.382717782869,1.85532695827,-1.3602080516,0.0489555038512,0.5,-0.0,2.74117471531,2.19564058732,-2.29710773733,map_000000159.png
-0.330812078331,1.86120385928,-1.36020540518,0.0489555038512,0.5,-0.0,2.74117471531,2.19564058732,-2.29710773733,map_000000160.png
-0.280914150086,1.8668659235,-1.36020645922,0.0489555038512,0.5,-0.0,2.74117471531,2.19564058732,-2.29710773733,map_000000161.png
-0.22902258208,1.87275619623,-1.36020803408,0.0489555038512,0.5,-0.0,2.74117471531,2.19564058732,-2.29710773733,map_000000162.png
-0.177119327986,1.87863542928,-1.36020636534,0.0489555038512,0.5,-0.0,2.74117471531,2.19564058732,-2.29710773733,map_000000163.png
-0.127221382477,1.8842973353,-1.36020731844,0.0489555038512,0.5,-0.0,2.74117471531,2.19564058732,-2.29710773733,map_000000164.png
-0.0753368017863,1.89019485109,-1.36021147179,0.0489555038512,0.5,-0.0,2.74117471531,2.19564058732,-2.29710773733,map_000000165.png
-0.0234526154259,1.89609306186,-1.36021547126,0.0489555038512,0.5,-0.0,2.74117471531,2.19564058732,-2.29710773733,map_000000166.png
0.0264453480514,1.90175481187,-1.3602164706,0.0489555038512,0.5,-0.0,2.74117471531,2.19564058732,-2.29710773733,map_000000167.png
0.078351100807,1.90763127942,-1.36021374828,0.0489555038512,0.5,-0.0,2.74117471531,2.19564058732,-2.29710773733,map_000000168.png
0.130242712024,1.91352117059,-1.36021527755,0.0489555038512,0.5,-0.0,2.74117471531,2.19564058732,-2.29710773733,map_000000169.png
0.180140693906,1.91918276444,-1.36021634636,0.0489555038512,0.5,-0.0,2.74117471531,2.19564058732,-2.29710773733,map_000000170.png
0.232043998211,1.92506156338,-1.36021474369,0.0489555038512,0.5,-0.0,2.74117471531,2.19564058732,-2.29710773733,map_000000171.png
0.283928620987,1.93095869767,-1.36021876251,0.0489555038512,0.5,-0.0,2.74117471531,2.19564058732,-2.29710773733,map_000000172.png
0.333826619339,1.93662013414,-1.36021966653,0.0489555038512,0.5,-0.0,2.74117471531,2.19564058732,-2.29710773733,map_000000173.png
0.385710856071,1.94251791143,-1.36022376994,0.0489555038512,0.5,-0.0,2.74117471531,2.19564058732,-2.29710773733,map_000000174.png
0.385710856071,1.94251791143,-1.36022376994,0.0489555038512,0.5,-0.0,2.74117471531,2.19564058732,-2.29710773733,map_000000175.png
0.437616653108,1.94839399893,-1.36022115553,0.0489555038512,0.5,-0.0,2.74117471531,2.19564058732,-2.29710773733,map_000000176.png
0.48950830745,1.95428350917,-1.36022265795,0.0489555038512,0.5,-0.0,2.74117471531,2.19564058732,-2.29710773733,map_000000177.png
0.539406331861,1.95994473618,-1.36022383981,0.0489555038512,0.5,-0.0,2.74117471531,2.19564058732,-2.29710773733,map_000000178.png
0.591309677583,1.9658231537,-1.36022207899,0.0489555038512,0.5,-0.0,2.74117471531,2.19564058732,-2.29710773733,map_000000179.png
0.643194343993,1.97171990697,-1.36022616442,0.0489555038512,0.5,-0.0,2.74117471531,2.19564058732,-2.29710773733,map_000000180.png
0.693092384139,1.97738097769,-1.360227169,0.0489555038512,0.5,-0.0,2.74117471531,2.19564058732,-2.29710773733,map_000000181.png
0.744976662954,1.98327837417,-1.36023110654,0.0489555038512,0.5,-0.0,2.74117471531,2.19564058732,-2.29710773733,map_000000182.png
0.796882503124,1.98915408022,-1.36022848918,0.0489555038512,0.5,-0.0,2.74117471531,2.19564058732,-2.29710773733,map_000000183.png
0.846780560874,1.9948149936,-1.36022946264,0.0489555038512,0.5,-0.0,2.74117471531,2.19564058732,-2.29710773733,map_000000184.png
0.898672267405,2.00070407086,-1.3602313385,0.0489555038512,0.5,-0.0,2.74117471531,2.19564058732,-2.29710773733,map_000000185.png
0.950575653021,2.00658210587,-1.36022912275,0.0489555038512,0.5,-0.0,2.74117471531,2.19564058732,-2.29710773733,map_000000186.png
1.00047372979,2.01224286478,-1.36023026643,0.0489555038512,0.5,-0.0,2.74117471531,2.19564058732,-2.29710773733,map_000000187.png
1.05235844784,2.01813918545,-1.36023463818,0.0489555038512,0.5,-0.0,2.74117471531,2.19564058732,-2.29710773733,map_000000188.png
1.1042427683,2.02403620043,-1.36023850281,0.0489555038512,0.5,-0.0,2.74117471531,2.19564058732,-2.29710773733,map_000000189.png
1.15414086186,2.02969680104,-1.36023944772,0.0489555038512,0.5,-0.0,2.74117471531,2.19564058732,-2.29710773733,map_000000190.png
1.20604675088,2.03557207311,-1.36023680211,0.0489555038512,0.5,-0.0,2.74117471531,2.19564058732,-2.29710773733,map_000000191.png
1.2579384998,2.04146076915,-1.3602385603,0.0489555038512,0.5,-0.0,2.74117471531,2.19564058732,-2.29710773733,map_000000192.png
1.30783661157,2.04712121322,-1.36023957878,0.0489555038512,0.5,-0.0,2.74117471531,2.19564058732,-2.29710773733,map_000000193.png
1.35974004686,2.05299881425,-1.36023746276,0.0489555038512,0.5,-0.0,2.74117471531,2.19564058732,-2.29710773733,map_000000194.png
1.41162480842,2.05889475556,-1.36024197109,0.0489555038512,0.5,-0.0,2.74117471531,2.19564058732,-2.29710773733,map_000000195.png
1.46350917126,2.0647913883,-1.36024561876,0.0489555038512,0.5,-0.0,2.74117471531,2.19564058732,-2.29710773733,map_000000196.png
1.5134073078,2.07045162382,-1.36024682281,0.0489555038512,0.5,-0.0,2.74117471531,2.19564058732,-2.29710773733,map_000000197.png
1.5653132411,2.0763265148,-1.3602441974,0.0489555038512,0.5,-0.0,2.74117471531,2.19564058732,-2.29710773733,map_000000198.png
1.61720503239,2.08221482959,-1.36024586153,0.0489555038512,0.5,-0.0,2.74117471531,2.19564058732,-2.29710773733,map_000000199.png
1.66710318481,2.08787490731,-1.36024680476,0.0489555038512,0.5,-0.0,2.74117471531,2.19564058732,-2.29710773733,map_000000200.png
1.71900666367,2.09375212585,-1.36024463274,0.0489555038512,0.5,-0.0,2.74117471531,2.19564058732,-2.29710773733,map_000000201.png
1.7708914687,2.09964768605,-1.36024921471,0.0489555038512,0.5,-0.0,2.74117471531,2.19564058732,-2.29710773733,map_000000202.png
1.82078963956,2.10530760735,-1.36025020539,0.0489555038512,0.5,-0.0,2.74117471531,2.19564058732,-2.29710773733,map_000000203.png
1.87267405474,2.1112038086,-1.36025432238,0.0489555038512,0.5,-0.0,2.74117471531,2.19564058732,-2.29710773733,map_000000204.png
1.92458002948,2.11707831851,-1.36025153436,0.0489555038512,0.5,-0.0,2.74117471531,2.19564058732,-2.29710773733,map_000000205.png
1.9744782187,2.12273808249,-1.36025253924,0.0489555038512,0.5,-0.0,2.74117471531,2.19564058732,-2.29710773733,map_000000206.png
2.02637005764,2.12862596367,-1.36025404708,0.0489555038512,0.5,-0.0,2.74117471531,2.19564058732,-2.29710773733,map_000000207.png
2.07827358305,2.13450280352,-1.36025239033,0.0489555038512,0.5,-0.0,2.74117471531,2.19564058732,-2.29710773733,map_000000208.png
2.128171788,2.14016241022,-1.36025317881,0.0489555038512,0.5,-0.0,2.74117471531,2.19564058732,-2.29710773733,map_000000209.png
2.18005664081,2.14605753524,-1.36025754534,0.0489555038512,0.5,-0.0,2.74117471531,2.19564058732,-2.29710773733,map_000000210.png
2.23194109862,2.15195335454,-1.36026154592,0.0489555038512,0.5,-0.0,2.74117471531,2.19564058732,-2.29710773733,map_000000211.png
2.23194109862,2.15195335454,-1.36026154592,0.0489555038512,0.5,-0.0,2.74117471531,2.19564058732,-2.29710773733,map_000000212.png
2.28384711686,2.15782748357,-1.36025882056,0.0489555038512,0.5,-0.0,2.74117471531,2.19564058732,-2.29710773733,map_000000213.png
2.33374534844,2.1634868824,-1.36025994711,0.0489555038512,0.5,-0.0,2.74117471531,2.19564058732,-2.29710773733,map_000000214.png
2.3856372303,2.16937438211,-1.36026141877,0.0489555038512,0.5,-0.0,2.74117471531,2.19564058732,-2.29710773733,map_000000215.png
2.43754079952,2.17525084251,-1.36025981656,0.0489555038512,0.5,-0.0,2.74117471531,2.19564058732,-2.29710773733,map_000000216.png
2.48743904802,2.18091008459,-1.36026087047,0.0489555038512,0.5,-0.0,2.74117471531,2.19564058732,-2.29710773733,map_000000217.png
2.53932394054,2.18680482614,-1.36026474139,0.0489555038512,0.5,-0.0,2.74117471531,2.19564058732,-2.29710773733,map_000000218.png
2.59120844263,2.19270026499,-1.36026884252,0.0489555038512,0.5,-0.0,2.74117471531,2.19564058732,-2.29710773733,map_000000219.png
2.64110670742,2.1983593485,-1.3602696764,0.0489555038512,0.5,-0.0,2.74117471531,2.19564058732,-2.29710773733,map_000000220.png
2.69301277718,2.204233045,-1.36026725367,0.0489555038512,0.5,-0.0,2.74117471531,2.19564058732,-2.29710773733,map_000000221.png
2.7449047038,2.21012016393,-1.36026891275,-0.0,-0.0,-0.0,2.74117471531,2.19564058732,-2.29710773733,map_000000222.png
2.79480298581,2.21577909152,-1.3602697623,-0.0,-0.0,-0.0,2.74117471531,2.19564058732,-2.29710773733,map_000000223.png
2.79880413999,2.21622256029,-1.36026692192,-0.0,-0.0,-0.0,2.74117471531,2.19564058732,-2.29710773733,map_000000224.png
2.79879497283,2.21623175925,-1.36027017909,-0.0,-0.0,-1.0,2.74117471531,2.19564058732,-2.29710773733,map_000000225.png
2.79935448689,2.21633240968,-1.41926967596,-0.0,-0.0,-1.0,2.74117471531,2.19564058732,-2.29710773733,map_000000226.png
2.80030276357,2.21644111391,-1.52155028243,-0.0,-0.0,-1.0,2.74117471531,2.19564058732,-2.29710773733,map_000000227.png
2.80128220105,2.21644623572,-1.62382223119,-0.0,-0.0,-1.0,2.74117471531,2.19564058732,-2.29710773733,map_000000228.png
2.80225051292,2.21634169511,-1.7221471858,-0.0,-0.0,-1.0,2.74117471531,2.19564058732,-2.29710773733,map_000000229.png
2.80320585394,2.21615408939,-1.82442359078,-0.0,-0.0,-1.0,2.74117471531,2.19564058732,-2.29710773733,map_000000230.png
2.80413327494,2.2158625778,-1.92670025893,-0.0,-0.0,-0.873538911343,2.74117471531,2.19564058732,-2.29710773733,map_000000231.png
2.80496158731,2.21551986698,-2.02001815131,-0.0,-0.0,-0.855227828026,2.74117471531,2.19564058732,-2.29710773733,map_000000232.png
2.80566667531,2.21514596945,-2.1049925682,-0.0,-0.0,-0.855227828026,2.74117471531,2.19564058732,-2.29710773733,map_000000233.png
2.80636905305,2.2146932538,-2.19246034755,-0.0,-0.0,-0.855227828026,2.74117471531,2.19564058732,-2.29710773733,map_000000234.png
2.80703415079,2.21417529403,-2.27992472007,-0.0,-0.0,-0.855227828026,2.74117471531,2.19564058732,-2.29710773733,map_000000235.png
2.80763972842,2.21361349972,-2.36401774307,-0.0,-0.0,-0.855227828026,2.74117471531,2.19564058732,-2.29710773733,map_000000236.png
2.80820998807,2.21298992138,-2.45148125054,-0.0,-0.0,-0.0,2.74117471531,2.19564058732,-2.29710773733,map_000000237.png
