-2.09320427623,3.77742141226,-2.44781880258,-0.0,-0.0,-0.0,-6.06040915124,6.94331228993,-2.13521525588,map_000000060.png
-2.09320427623,3.77742141226,-2.44781880258,-0.0,-0.0,-0.0591143518686,-6.06040915124,6.94331228993,-2.13521525588,map_000000061.png
-2.09320424547,3.77742137301,-2.44781876159,-0.0,-0.0,-0.0591143518686,-6.06040915124,6.94331228993,-2.13521525588,map_000000062.png
-2.09317103755,3.77738322928,-2.45176555989,-0.0,-0.0,-0.406834632158,-6.06040915124,6.94331228993,-2.13521525588,map_000000063.png
-2.09304592128,3.77722646003,-2.47399670807,-0.0,-0.0,-0.534936070442,-6.06040915124,6.94331228993,-2.13521525588,map_000000064.png
-2.0927821235,3.77688189672,-2.51963512626,-0.0,-0.0,-0.57155829668,-6.06040915124,6.94331228993,-2.13521525588,map_000000065.png
-2.09248539437,3.77643895812,-2.57477148428,-0.0,-0.0,-0.612720131874,-6.06040915124,6.94331228993,-2.13521525588,map_000000066.png
-2.0922046515,3.77597308466,-2.6309725996,-0.0,-0.0,-0.612720131874,-6.06040915124,6.94331228993,-2.13521525588,map_000000067.png
-2.09193648673,3.77545640495,-2.69331674753,-0.0,-0.0,-0.649342298508,-6.06040915124,6.94331228993,-2.13521525588,map_000000068.png
-2.09167751532,3.77487233679,-2.75870847419,-0.0,-0.0,-0.649342298508,-6.06040915124,6.94331228993,-2.13521525588,map_000000069.png
-2.09146295081,3.77429412213,-2.82255806475,-0.0,-0.0,-0.429723501205,-6.06040915124,6.94331228993,-2.13521525588,map_000000070.png
-2.09130148158,3.7737608964,-2.88032418513,-0.0,-0.0,-0.429723501205,-6.06040915124,6.94331228993,-2.13521525588,map_000000071.png
-2.09120841169,3.77336733919,-2.92427883199,-0.0,-0.0,-0.530358314514,-6.06040915124,6.94331228993,-2.13521525588,map_000000072.png
-2.09112734604,3.77295972464,-2.96652985722,-0.0,-0.0,-0.777443766594,-6.06040915124,6.94331228993,-2.13521525588,map_000000073.png
-2.09104991688,3.77245028787,-3.02077008241,-0.0,-0.0,-0.777443766594,-6.06040915124,6.94331228993,-2.13521525588,map_000000074.png
-2.0909889031,3.77173411511,-3.09639181376,-0.0,-0.0,-0.992484807968,-6.06040915124,6.94331228993,-2.13521525588,map_000000075.png
-2.09098662644,3.77089441557,3.09679849509,-0.0,-0.0,-0.992484807968,-6.06040915124,6.94331228993,-2.13521525588,map_000000076.png
-2.09107259135,3.76991061317,2.99530142553,-0.0,-0.0,-0.992484807968,-6.06040915124,6.94331228993,-2.13521525588,map_000000077.png
-2.09125498084,3.76895778201,2.8937954959,-0.0,-0.0,-0.493774235249,-6.06040915124,6.94331228993,-2.13521525588,map_000000078.png
-2.0915182014,3.76807866861,2.80012812733,-0.0,-0.0,-0.0,-6.06040915124,6.94331228993,-2.13521525588,map_000000079.png
-2.09170043892,3.7676182224,2.7496365227,-0.0,-0.0,-0.0,-6.06040915124,6.94331228993,-2.13521525588,map_000000080.png
-2.09171661047,3.76758524355,2.74575184391,-0.0,-0.0,-0.0,-6.06040915124,6.94331228993,-2.13521525588,map_000000081.png
-2.09171489454,3.76758353302,2.7457522444,-0.0,-0.0,-0.0,-6.06040915124,6.94331228993,-2.13521525588,map_000000082.png
-2.09171662977,3.76758525651,2.74575182935,-0.0,-0.0,-0.0,-6.06040915124,6.94331228993,-2.13521525588,map_000000083.png
-2.09170498407,3.76757364488,2.74575476059,-0.0,-0.0,-0.127742856741,-6.06040915124,6.94331228993,-2.13521525588,map_000000084.png
-2.09172318335,3.76756365855,2.7432388314,-0.0,-0.0,-0.626453459263,-6.06040915124,6.94331228993,-2.13521525588,map_000000085.png
-2.09177368277,3.76742160745,2.72821644356,-0.0,-0.0,-0.850650072098,-6.06040915124,6.94331228993,-2.13521525588,map_000000086.png
-2.09203981777,3.7668871712,2.66414329004,-0.0,-0.0,-0.850650072098,-6.06040915124,6.94331228993,-2.13521525588,map_000000087.png
-2.09242026019,3.76620939055,2.58402561219,-0.0,-0.0,-1.0,-6.06040915124,6.94331228993,-2.13521525588,map_000000088.png
-2.09293304801,3.76545819109,2.48703034439,-0.0,-0.0,-1.0,-6.06040915124,6.94331228993,-2.13521525588,map_000000089.png
-2.09356728026,3.76471025748,2.38475678576,-0.0,-0.0,-1.0,-6.06040915124,6.94331228993,-2.13521525588,map_000000090.png
-2.09427516781,3.76403050618,2.28248369022,-0.0,-0.0,-1.0,-6.06040915124,6.94331228993,-2.13521525588,map_000000091.png
-2.09504930852,3.76341848545,2.18021297823,-0.0,-0.0,-1.0,-6.06040915124,6.94331228993,-2.13521525588,map_000000092.png
-2.09583037732,3.76293251248,2.08186254194,-0.0,-0.0,-1.0,-6.06040915124,6.94331228993,-2.13521525588,map_000000093.png
-2.09670999063,3.76249078012,1.97959126047,-0.0,-0.0,-1.0,-6.06040915124,6.94331228993,-2.13521525588,map_000000094.png
-2.09762612869,3.76214435062,1.87731832256,-0.0,-0.0,-0.0,-6.06040915124,6.94331228993,-2.13521525588,map_000000095.png
-2.09802366632,3.76201359782,1.83800183632,-0.0,-0.0,-0.0,-6.06040915124,6.94331228993,-2.13521525588,map_000000096.png
-2.09802364589,3.76201359204,1.83800186463,-0.0,-0.0,-0.0,-6.06040915124,6.94331228993,-2.13521525588,map_000000097.png
-2.09802362286,3.76201357298,1.83800181706,-0.0,-0.0,-0.0,-6.06040915124,6.94331228993,-2.13521525588,map_000000098.png
-2.09802362286,3.76201357298,1.83800181706,-0.0,-0.0,-0.287888735533,-6.06040915124,6.94331228993,-2.13521525588,map_000000099.png
-2.09801371783,3.76200363318,1.83799852911,-0.0,-0.0,-0.287888735533,-6.06040915124,6.94331228993,-2.13521525588,map_000000100.png
-2.09801369459,3.7620036141,1.83799850016,-0.0,-0.0,-0.287888735533,-6.06040915124,6.94331228993,-2.13521525588,map_000000101.png
-2.09825904141,3.761950709,1.81195437968,-0.0,-0.0,-0.960440397263,-6.06040915124,6.94331228993,-2.13521525588,map_000000102.png
-2.09895049024,3.76180264708,1.73867454251,-0.0,-0.0,-0.548669397831,-6.06040915124,6.94331228993,-2.13521525588,map_000000103.png
-2.09968897225,3.76171088236,1.66150895083,-0.0,-0.0,-0.0,-6.06040915124,6.94331228993,-2.13521525588,map_000000104.png
-2.1000607989,3.7616844169,1.62266332358,-0.0,-0.0,-0.0,-6.06040915124,6.94331228993,-2.13521525588,map_000000105.png
-2.10005096568,3.76167456068,1.62265902201,-0.0,-0.0,-0.0,-6.06040915124,6.94331228993,-2.13521525588,map_000000106.png
-2.10006081329,3.76168446158,1.62266341102,-0.0,-0.0,-0.0,-6.06040915124,6.94331228993,-2.13521525588,map_000000107.png
-2.10006271122,3.76168637023,1.62266422877,-0.0,-0.0,-0.0,-6.06040915124,6.94331228993,-2.13521525588,map_000000108.png
-2.10006081812,3.76168447768,1.62266336149,-0.0,-0.0,-0.0,-6.06040915124,6.94331228993,-2.13521525588,map_000000109.png
-2.10006271548,3.76168638637,1.62266423992,-0.0,-0.0,-0.0,-6.06040915124,6.94331228993,-2.13521525588,map_000000110.png
-2.1000509767,3.76167460172,1.6226590434,-0.0,-0.0,-0.0,-6.06040915124,6.94331228993,-2.13521525588,map_000000111.png
-2.10006271999,3.76168640249,1.62266422567,0.408368170261,-0.0,-0.0,-6.06040915124,6.94331228993,-2.13521525588,map_000000112.png
-2.10013562708,3.76330535373,1.62265862061,0.5,-0.0,-0.0,-6.06040915124,6.94331228993,-2.13521525588,map_000000113.png
-2.10234629965,3.80571012358,1.62266344067,0.5,-0.0,-0.0,-6.06040915124,6.94331228993,-2.13521525588,map_000000114.png
-2.10485149572,3.8541482762,1.62265870849,0.5,-0.0,-0.0,-6.06040915124,6.94331228993,-2.13521525588,map_000000115.png
-2.10755600482,3.90606583235,1.62266347325,0.5,-0.0,-0.0,-6.06040915124,6.94331228993,-2.13521525588,map_000000116.png
-2.11025254768,3.95797598478,1.62266428589,0.5,-0.0,-0.0,-6.06040915124,6.94331228993,-2.13521525588,map_000000117.png
-2.11284168816,4.00788509132,1.6226634838,0.5,-0.0,-0.0,-6.06040915124,6.94331228993,-2.13521525588,map_000000118.png
-2.11553823115,4.05979524372,1.62266430351,0.5,-0.0,-0.0,-6.06040915124,6.94331228993,-2.13521525588,map_000000119.png
-2.118221166,4.11169110753,1.62265866057,0.5,-0.0,-0.0,-6.06040915124,6.94331228993,-2.13521525588,map_000000120.png
-2.12082391506,4.1616145027,1.62266428267,0.5,-0.0,-0.0,-6.06040915124,6.94331228993,-2.13521525588,map_000000121.png
-2.12350684804,4.21351036667,1.62265872131,0.5,-0.0,-0.0,-6.06040915124,6.94331228993,-2.13521525588,map_000000122.png
-2.12621135769,4.26542792281,1.62266347889,0.5,-0.0,-0.0,-6.06040915124,6.94331228993,-2.13521525588,map_000000123.png
-2.12879253277,4.31532962529,1.62265863068,0.5,-0.0,-0.0,-6.06040915124,6.94331228993,-2.13521525588,map_000000124.png
-2.1314970421,4.36724718176,1.62266345206,0.5,-0.0,-0.0,-6.06040915124,6.94331228993,-2.13521525588,map_000000125.png
-2.13419358526,4.41915733419,1.62266428207,0.5,-0.0,-0.0,-6.06040915124,6.94331228993,-2.13521525588,map_000000126.png
-2.13678272688,4.46906644073,1.62266346045,0.5,-0.0,-0.0,-6.06040915124,6.94331228993,-2.13521525588,map_000000127.png
-2.13947927003,4.52097659317,1.62266429319,0.5,-0.0,-0.0,-6.06040915124,6.94331228993,-2.13521525588,map_000000128.png
-2.14216220464,4.57287245701,1.62265869963,0.5,-0.0,-0.0,-6.06040915124,6.94331228993,-2.13521525588,map_000000129.png
-2.14486671446,4.62479001324,1.62266342474,0.5,-0.0,-0.0,-6.06040915124,6.94331228993,-2.13521525588,map_000000130.png
-2.14756325686,4.67670016571,1.62266433423,0.5,-0.0,-0.0,-6.06040915124,6.94331228993,-2.13521525588,map_000000131.png
-2.15015239869,4.72660927223,1.62266349239,0.5,-0.0,-0.0,-6.06040915124,6.94331228993,-2.13521525588,map_000000132.png
-2.15284894251,4.77851942467,1.6226643043,0.5,-0.0,-0.0,-6.06040915124,6.94331228993,-2.13521525588,map_000000133.png
-2.15553187789,4.8304152884,1.62265864848,0.5,-0.0,-0.0,-6.06040915124,6.94331228993,-2.13521525588,map_000000134.png
-2.16352207107,4.98415210372,1.62266346353,0.5,-0.0,-0.0,-6.06040915124,6.94331228993,-2.13521525588,map_000000135.png
-2.16610324596,5.03405380606,1.62265862043,0.5,-0.0,-0.0,-6.06040915124,6.94331228993,-2.13521525588,map_000000136.png
-2.16880775521,5.0859713627,1.62266351535,0.5,-0.0,-0.0,-6.06040915124,6.94331228993,-2.13521525588,map_000000137.png
-2.17150429912,5.13788151512,1.62266431575,0.5,-0.0,-0.0,-6.06040915124,6.94331228993,-2.13521525588,map_000000138.png
-2.17409344108,5.18779062163,1.62266343495,0.5,-0.0,-0.0,-6.06040915124,6.94331228993,-2.13521525588,map_000000139.png
-2.17678998371,5.23970077408,1.62266429709,0.5,-0.0,-0.0,-6.06040915124,6.94331228993,-2.13521525588,map_000000140.png
-2.17947291843,5.29159663787,1.62265868814,0.5,-0.0,-0.0,-6.06040915124,6.94331228993,-2.13521525588,map_000000141.png
-2.17947291843,5.29159663787,1.62265868814,0.5,-0.0,-0.0,-6.06040915124,6.94331228993,-2.13521525588,map_000000142.png
-2.18207566788,5.34152003304,1.62266434087,0.5,-0.0,-0.0,-6.06040915124,6.94331228993,-2.13521525588,map_000000143.png
-2.18475860332,5.39341589667,1.62265864651,0.5,-0.0,-0.0,-6.06040915124,6.94331228993,-2.13521525588,map_000000144.png
-2.18746311303,5.44533345317,1.62266352686,0.5,-0.0,-0.0,-6.06040915124,6.94331228993,-2.13521525588,map_000000145.png
-2.19004428769,5.49523515601,1.62265873181,0.5,-0.0,-0.0,-6.06040915124,6.94331228993,-2.13521525588,map_000000146.png
-2.19274879867,5.5471527121,1.62266347089,0.5,-0.0,-0.0,-6.06040915124,6.94331228993,-2.13521525588,map_000000147.png
-2.19544534202,5.59906286454,1.62266435307,0.5,-0.0,-0.0,-6.06040915124,6.94331228993,-2.13521525588,map_000000148.png
-2.19803448516,5.64897197104,1.62266342488,0.5,-0.0,-0.0,-6.06040915124,6.94331228993,-2.13521525588,map_000000149.png
-2.20073102756,5.70088212351,1.62266433408,0.5,-0.0,-0.0,-6.06040915124,6.94331228993,-2.13521525588,map_000000150.png
-2.20341396351,5.7527779871,1.62265865502,0.5,-0.0,-0.0,-6.06040915124,6.94331228993,-2.13521525588,map_000000151.png
-2.20601671309,5.80270138246,1.62266429226,0.5,-0.0,-0.0,-6.06040915124,6.94331228993,-2.13521525588,map_000000152.png
-2.20869964843,5.8545972463,1.62265869741,0.5,-0.0,-0.0,-6.06040915124,6.94331228993,-2.13521525588,map_000000153.png
-2.21140415946,5.90651480254,1.62266342063,0.5,-0.0,-0.0,-6.06040915124,6.94331228993,-2.13521525588,map_000000154.png
-2.21398533389,5.95641650523,1.62265870593,0.5,-0.0,-0.0,-6.06040915124,6.94331228993,-2.13521525588,map_000000155.png
-2.2166898439,6.00833406156,1.62266354063,0.5,-0.0,-0.0,-6.06040915124,6.94331228993,-2.13521525588,map_000000156.png
-2.21938638827,6.06024421398,1.62266434336,0.5,-0.0,-0.0,-6.06040915124,6.94331228993,-2.13521525588,map_000000157.png
-2.22197552934,6.11015332054,1.62266358005,0.5,-0.0,-0.0,-6.06040915124,6.94331228993,-2.13521525588,map_000000158.png
-2.22467207412,6.16206347292,1.62266431493,0.5,-0.0,-0.0,-6.06040915124,6.94331228993,-2.13521525588,map_000000159.png
-2.22735500885,6.21395933688,1.62265872186,0.5,-0.0,-0.0,-6.06040915124,6.94331228993,-2.13521525588,map_000000160.png
-2.2299577591,6.26388273189,1.62266432754,0.5,-0.0,-0.0,-6.06040915124,6.94331228993,-2.13521525588,map_000000161.png
-2.23264069481,6.3157785957,1.62265871654,0.5,-0.0,-0.0,-6.06040915124,6.94331228993,-2.13521525588,map_000000162.png
-2.23534520565,6.36769615199,1.62266348998,0.5,-0.0,-0.0,-6.06040915124,6.94331228993,-2.13521525588,map_000000163.png
-2.23804174916,6.41960630443,1.62266435589,0.5,-0.0,-0.0,-6.06040915124,6.94331228993,-2.13521525588,map_000000164.png
-2.2407246849,6.47150216827,1.62265872234,0.5,-0.0,-0.0,-6.06040915124,6.94331228993,-2.13521525588,map_000000165.png
-2.24332743583,6.52142556338,1.62266429602,0.5,-0.0,-0.0,-6.06040915124,6.94331228993,-2.13521525588,map_000000166.png
-2.24601037176,6.57332142717,1.6226586845,0.5,-0.0,-0.0,-6.06040915124,6.94331228993,-2.13521525588,map_000000167.png
-2.24871488316,6.62523898345,1.62266342324,0.5,-0.0,-0.0,-6.06040915124,6.94331228993,-2.13521525588,map_000000168.png
-2.25129605768,6.6751406861,1.62265869517,0.209749907255,-0.0,-0.0,-6.06040915124,6.94331228993,-2.13521525588,map_000000169.png
-2.25382007789,6.72358141365,1.62266352039,-0.0,-0.0,-0.0,-6.06040915124,6.94331228993,-2.13521525588,map_000000170.png
-2.25495238142,6.74535882093,1.62266434363,-0.0,-0.0,-0.0,-6.06040915124,6.94331228993,-2.13521525588,map_000000171.png
-2.25595048122,6.76461964701,1.62266334599,-0.0,-0.0,0.0670110136271,-6.06040915124,6.94331228993,-2.13521525588,map_000000172.png
-2.25589995047,6.76462238051,1.62793472351,-0.0,-0.0,0.854007065296,-6.06040915124,6.94331228993,-2.13521525588,map_000000173.png
-2.25539043833,6.76466442539,1.68121974322,-0.0,-0.0,0.963797390461,-6.06040915124,6.94331228993,-2.13521525588,map_000000174.png
-2.25455315499,6.76479368494,1.76951408013,-0.0,-0.0,1.0,-6.06040915124,6.94331228993,-2.13521525588,map_000000175.png
-2.25364821217,6.76500482128,1.86894924986,-0.0,-0.0,1.0,-6.06040915124,6.94331228993,-2.13521525588,map_000000176.png
-2.25272118902,6.76534225472,1.97121993161,-0.0,-0.0,1.0,-6.06040915124,6.94331228993,-2.13521525588,map_000000177.png
-2.25188911041,6.76573884822,2.06956994816,-0.0,-0.0,1.0,-6.06040915124,6.94331228993,-2.13521525588,map_000000178.png
-2.25188911041,6.76573884822,2.06956994816,-0.0,-0.0,1.0,-6.06040915124,6.94331228993,-2.13521525588,map_000000179.png
-2.25104647058,6.76625459739,2.17183995274,-0.0,-0.0,1.0,-6.06040915124,6.94331228993,-2.13521525588,map_000000180.png
-2.25026215406,6.76684575421,2.27411276572,-0.0,-0.0,1.0,-6.06040915124,6.94331228993,-2.13521525588,map_000000181.png
-2.2495566548,6.76749911586,2.37244405416,-0.0,-0.0,0.84485155344,-6.06040915124,6.94331228993,-2.13521525588,map_000000182.png
-2.24893990778,6.76820265522,2.47044706414,-0.0,-0.0,0.767067492008,-6.06040915124,6.94331228993,-2.13521525588,map_000000183.png
-2.24845040942,6.76887058673,2.55593022973,-0.0,-0.0,-0.0,-6.06040915124,6.94331228993,-2.13521525588,map_000000184.png
-2.24806203518,6.76948759534,2.63135878003,-0.0,-0.0,-0.0,-6.06040915124,6.94331228993,-2.13521525588,map_000000185.png
-2.24801560362,6.76957881029,2.64040277123,-0.0,-0.0,-0.0,-6.06040915124,6.94331228993,-2.13521525588,map_000000186.png
-2.24801730555,6.76958050138,2.64040240875,-0.0,0.0248458813876,-0.0,-6.06040915124,6.94331228993,-2.13521525588,map_000000187.png
-2.24868383547,6.76835910236,2.64040278288,-0.0,0.296765804291,-0.0,-6.06040915124,6.94331228993,-2.13521525588,map_000000188.png
-2.25515032343,6.75656047961,2.64040246019,-0.0,0.5,-0.0,-6.06040915124,6.94331228993,-2.13521525588,map_000000189.png
-2.2723038484,6.72521691159,2.64040587618,-0.0,0.5,-0.0,-6.06040915124,6.94331228993,-2.13521525588,map_000000190.png
-2.29632867968,6.68139647465,2.64040445168,-0.0,0.5,-0.0,-6.06040915124,6.94331228993,-2.13521525588,map_000000191.png
-2.321290519,6.63579992442,2.64040863643,-0.0,0.5,-0.0,-6.06040915124,6.94331228993,-2.13521525588,map_000000192.png
-2.34627384138,6.59022482168,2.64040748727,0.0253036599606,0.5,-0.0,-6.06040915124,6.94331228993,-2.13521525588,map_000000193.png
-2.37169661684,6.54716055555,2.64041135371,0.0442251339555,0.5,-0.0,-6.06040915124,6.94331228993,-2.13521525588,map_000000194.png
-2.39978294811,6.50328540151,2.64041025933,0.22155675292,0.5,-0.0,-6.06040915124,6.94331228993,-2.13521525588,map_000000195.png
-2.43252116941,6.46195428408,2.64041125598,0.290147095919,0.5,-0.0,-6.06040915124,6.94331228993,-2.13521525588,map_000000196.png
-2.4766759811,6.42915651257,2.64041287687,0.356353193521,0.5,-0.0,-6.06040915124,6.94331228993,-2.13521525588,map_000000197.png
-2.52810420258,6.39806437454,2.640413946,0.356353193521,0.5,-0.0,-6.06040915124,6.94331228993,-2.13521525588,map_000000198.png
-2.5850901977,6.37001168034,2.64041830017,0.474574267864,0.346434682608,-0.0,-6.06040915124,6.94331228993,-2.13521525588,map_000000199.png
-2.64262554208,6.35785121373,2.6404164611,0.375255584717,0.230559706688,-0.0,-6.06040915124,6.94331228993,-2.13521525588,map_000000200.png
-2.69519206851,6.35297547092,2.64041984114,-0.0,-0.0,-0.0,-6.06040915124,6.94331228993,-2.13521525588,map_000000201.png
-2.72334247741,6.35158364271,2.64041798377,-0.0,-0.0,-0.0,-6.06040915124,6.94331228993,-2.13521525588,map_000000202.png
-2.72334417761,6.35158533315,2.64041765994,-0.0,-0.0,-0.0,-6.06040915124,6.94331228993,-2.13521525588,map_000000203.png
-2.72333256269,6.35157374446,2.64041981634,-0.0,-0.0,-0.0,-6.06040915124,6.94331228993,-2.13521525588,map_000000204.png
-2.72334418929,6.35158533965,2.6404176395,-0.0,-0.0,-0.0,-6.06040915124,6.94331228993,-2.13521525588,map_000000205.png
-2.72333257483,6.35157375054,2.64041972851,0.108066044748,-0.0,-0.0,-6.06040915124,6.94331228993,-2.13521525588,map_000000206.png
-2.7301634567,6.35532036748,2.6404179711,0.476939439774,0.358241528273,-0.0,-6.06040915124,6.94331228993,-2.13521525588,map_000000207.png
-2.76340706873,6.35392921312,2.64042028724,0.476939439774,0.358241528273,-0.0,-6.06040915124,6.94331228993,-2.13521525588,map_000000208.png
-2.82479251502,6.34509914581,2.64041873797,0.5,0.29203543067,-0.0,-6.06040915124,6.94331228993,-2.13521525588,map_000000209.png
-2.88598514485,6.33736649615,2.64041954919,0.5,0.225829333067,-0.0,-6.06040915124,6.94331228993,-2.13521525588,map_000000210.png
-2.94384017823,6.33577612946,2.64042062313,0.5,0.225829333067,-0.0,-6.06040915124,6.94331228993,-2.13521525588,map_000000211.png
-3.00096145546,6.33969721019,2.64042094917,0.5,0.216368600726,-0.0,-6.06040915124,6.94331228993,-2.13521525588,map_000000212.png
-3.05745090224,6.34473284118,2.64042417057,0.5,0.216368600726,-0.0,-6.06040915124,6.94331228993,-2.13521525588,map_000000213.png
-3.1116860548,6.3497888913,2.64042211335,0.5,0.216368600726,-0.0,-6.06040915124,6.94331228993,-2.13521525588,map_000000214.png
-3.16806646477,6.3550235055,2.64042534763,0.5,0.216368600726,-0.0,-6.06040915124,6.94331228993,-2.13521525588,map_000000215.png
-3.16806646477,6.3550235055,2.64042534763,0.5,0.216368600726,-0.0,-6.06040915124,6.94331228993,-2.13521525588,map_000000216.png
-3.2244684359,6.36027957544,2.64042366444,0.5,0.169083982706,-0.0,-6.06040915124,6.94331228993,-2.13521525588,map_000000217.png
-3.2786820396,6.3653140396,2.64042650168,0.5,0.169083982706,-0.0,-6.06040915124,6.94331228993,-2.13521525588,map_000000218.png
-3.33508401445,6.37057004418,2.64042483491,0.5,0.169083982706,-0.0,-6.06040915124,6.94331228993,-2.13521525588,map_000000219.png
-3.38948007092,6.37946559318,2.64042499057,0.5,0.169083982706,-0.0,-6.06040915124,6.94331228993,-2.13521525588,map_000000220.png
-3.44143048948,6.38865333526,2.6404257392,0.5,0.169083982706,-0.0,-6.06040915124,6.94331228993,-2.13521525588,map_000000221.png
-3.49546321479,6.3982120818,2.64042594685,0.5,0.169083982706,-0.0,-6.06040915124,6.94331228993,-2.13521525588,map_000000222.png
-3.54948201568,6.4077574693,2.64042891343,0.5,0.169083982706,-0.0,-6.06040915124,6.94331228993,-2.13521525588,map_000000223.png
-3.60144637557,6.41695847376,2.64042680415,0.5,0.169083982706,-0.0,-6.06040915124,6.94331228993,-2.13521525588,map_000000224.png
-3.65546518201,6.42650381223,2.64042981019,0.5,0.169083982706,-0.0,-6.06040915124,6.94331228993,-2.13521525588,map_000000225.png
-3.70950555141,6.43607061763,2.64042803665,0.5,0.169083982706,-0.0,-6.06040915124,6.94331228993,-2.13521525588,map_000000226.png
-3.76144836813,6.44525005865,2.64043071044,0.5,0.169083982706,-0.0,-6.06040915124,6.94331228993,-2.13521525588,map_000000227.png
-3.81548874765,6.45481681462,2.64042895328,0.5,0.169083982706,-0.0,-6.06040915124,6.94331228993,-2.13521525588,map_000000228.png
-3.86952150383,6.46437538834,2.64042913563,0.5,0.169083982706,-0.0,-6.06040915124,6.94331228993,-2.13521525588,map_000000229.png
-3.92147196021,6.4735629165,2.64042984584,0.5,0.169083982706,-0.0,-6.06040915124,6.94331228993,-2.13521525588,map_000000230.png
-3.97550472451,6.48312144119,2.64043007712,0.5,0.169083982706,-0.0,-6.06040915124,6.94331228993,-2.13521525588,map_000000231.png
-4.0295235635,6.49266660602,2.64043304763,0.5,0.169083982706,-0.0,-6.06040915124,6.94331228993,-2.13521525588,map_000000232.png
-4.0814879603,6.50186739724,2.64043099473,0.5,0.169083982706,-0.0,-6.06040915124,6.94331228993,-2.13521525588,map_000000233.png
-4.13550680738,6.51141251448,2.64043404162,0.5,0.169083982706,-0.0,-6.06040915124,6.94331228993,-2.13521525588,map_000000234.png
-4.18954721814,6.52097909758,2.64043222564,0.5,0.169083982706,-0.0,-6.06040915124,6.94331228993,-2.13521525588,map_000000235.png
-4.24149007226,6.53015832514,2.6404349233,0.5,0.169083982706,-0.0,-6.06040915124,6.94331228993,-2.13521525588,map_000000236.png
-4.29553048949,6.53972485852,2.64043318561,0.5,0.169083982706,-0.0,-6.06040915124,6.94331228993,-2.13521525588,map_000000237.png
-4.34956328358,6.5492832081,2.64043326105,0.5,0.169083982706,-0.0,-6.06040915124,6.94331228993,-2.13521525588,map_000000238.png
-4.40358215333,6.55882820013,2.64043623383,0.5,0.169083982706,-0.0,-6.06040915124,6.94331228993,-2.13521525588,map_000000239.png
-4.45762258479,6.56839465954,2.64043454311,0.5,0.169083982706,-0.0,-6.06040915124,6.94331228993,-2.13521525588,map_000000240.png
-4.50956545934,6.57757376768,2.64043720436,0.5,0.169083982706,-0.0,-6.06040915124,6.94331228993,-2.13521525588,map_000000241.png
-4.56360589926,6.58714017752,2.6404354554,0.5,0.169083982706,-0.0,-6.06040915124,6.94331228993,-2.13521525588,map_000000242.png
-4.61763871712,6.59669840235,2.64043559504,0.5,0.169083982706,-0.0,-6.06040915124,6.94331228993,-2.13521525588,map_000000243.png
-4.66958922949,6.60588559672,2.64043635945,0.5,0.169083982706,-0.0,-6.06040915124,6.94331228993,-2.13521525588,map_000000244.png
-4.72362205403,6.61544377243,2.64043649673,0.5,0.169083982706,-0.0,-6.06040915124,6.94331228993,-2.13521525588,map_000000245.png
-4.77764095427,6.62498859084,2.64043954338,0.5,0.169083982706,-0.0,-6.06040915124,6.94331228993,-2.13521525588,map_000000246.png
-4.8296054119,6.63418904553,2.64043740585,0.5,0.169083982706,-0.0,-6.06040915124,6.94331228993,-2.13521525588,map_000000247.png
-4.88362432256,6.64373381416,2.64044038644,0.5,0.169083982706,-0.0,-6.06040915124,6.94331228993,-2.13521525588,map_000000248.png
-4.93766479323,6.65330004906,2.64043867565,0.5,0.169083982706,-0.0,-6.06040915124,6.94331228993,-2.13521525588,map_000000249.png
-4.98960770709,6.66247894112,2.6404413383,0.5,0.0981475263834,-0.0,-6.06040915124,6.94331228993,-2.13521525588,map_000000250.png
-5.0436481876,6.67204512488,2.64043946885,0.5,0.0981475263834,-0.0,-6.06040915124,6.94331228993,-2.13521525588,map_000000251.png
-5.0942744389,6.68782182819,2.64043957856,-0.0,-0.0,-0.0,-6.06040915124,6.94331228993,-2.13521525588,map_000000252.png
-5.10398179215,6.69090160249,2.64044030192,-0.0,-0.0,-0.0,-6.06040915124,6.94331228993,-2.13521525588,map_000000253.png
-5.10398179215,6.69090160249,2.64044030192,-0.0,-0.0,-0.0,-6.06040915124,6.94331228993,-2.13521525588,map_000000254.png
-5.10398349253,6.69090329261,2.64043994045,-0.0,-0.0,-0.0,-6.06040915124,6.94331228993,-2.13521525588,map_000000255.png
-5.10397187772,6.6908917039,2.64044208719,-0.0,-0.0,-0.0,-6.06040915124,6.94331228993,-2.13521525588,map_000000256.png
-5.103983504,6.69090329949,2.64043996606,-0.0,-0.0,-0.0,-6.06040915124,6.94331228993,-2.13521525588,map_000000257.png
-5.10397188937,6.69089171049,2.64044207624,-0.0,-0.0,-0.0,-6.06040915124,6.94331228993,-2.13521525588,map_000000258.png
-5.10398182137,6.69090161948,2.64044031861,-0.0,-0.0,-0.0,-6.06040915124,6.94331228993,-2.13521525588,map_000000259.png
-5.10397190091,6.69089171718,2.64044208177,-0.0,-0.0,-0.0,-6.06040915124,6.94331228993,-2.13521525588,map_000000260.png
-5.10398183281,6.69090162639,2.64044034961,-0.0,-0.0,-0.0,-6.06040915124,6.94331228993,-2.13521525588,map_000000261.png
-5.10398353333,6.69090331627,2.64043995853,-0.0,-0.0,-0.0,-6.06040915124,6.94331228993,-2.13521525588,map_000000262.png
-5.1039818449,6.69090163213,2.6404402388,-0.0,-0.0,-0.00875881221145,-6.06040915124,6.94331228993,-2.13521525588,map_000000263.png
-5.10398407063,6.69090250203,2.64033662633,-0.0,-0.0,-0.438879042864,-6.06040915124,6.94331228993,-2.13521525588,map_000000264.png
-5.10397656754,6.69088335551,2.63944303034,-0.0,-0.0,-0.438879042864,-6.06040915124,6.94331228993,-2.13521525588,map_000000265.png
-5.10417466434,6.69056181587,2.59796939514,-0.0,-0.0,-1.0,-6.06040915124,6.94331228993,-2.13521525588,map_000000266.png
-5.10459817777,6.68990928687,2.51333969593,-0.0,-0.0,-1.0,-6.06040915124,6.94331228993,-2.13521525588,map_000000267.png
-5.10521978444,6.68913408814,2.41107203689,-0.0,-0.0,-1.0,-6.06040915124,6.94331228993,-2.13521525588,map_000000268.png
-5.10589241574,6.68844644292,2.31274089119,-0.0,-0.0,-0.0,-6.06040915124,6.94331228993,-2.13521525588,map_000000269.png
-5.10651625723,6.6879225899,2.23014589755,-0.0,-0.0,-0.0,-6.06040915124,6.94331228993,-2.13521525588,map_000000270.png
-5.1065048101,6.68791115222,2.23014496098,-0.0,-0.0,-0.0,-6.06040915124,6.94331228993,-2.13521525588,map_000000271.png
-5.10651638907,6.68792274443,2.23014590669,-0.0,-0.0,-0.0,-6.06040915124,6.94331228993,-2.13521525588,map_000000272.png
-5.10650481842,6.68791116249,2.23014493886,-0.0,-0.0,-0.0,-6.06040915124,6.94331228993,-2.13521525588,map_000000273.png
-5.10651473766,6.68792109626,2.23014575631,-0.0,-0.0,-0.0,-6.06040915124,6.94331228993,-2.13521525588,map_000000274.png
-5.10650482603,6.68791117279,2.23014497658,-0.0,-0.0,-0.0,-6.06040915124,6.94331228993,-2.13521525588,map_000000275.png
-5.10651474508,6.68792110663,2.23014581324,-0.0,-0.0,-0.0,-6.06040915124,6.94331228993,-2.13521525588,map_000000276.png
-5.10651640876,6.68792276997,2.23014592999,-0.0,-0.0,-0.0,-6.06040915124,6.94331228993,-2.13521525588,map_000000277.png
-5.10650483803,6.68791118816,2.23014497883,-0.0,-0.0,-0.0,-6.06040915124,6.94331228993,-2.13521525588,map_000000278.png
-5.10651475709,6.687921122,2.23014581479,-0.0,-0.0,-0.0,-6.06040915124,6.94331228993,-2.13521525588,map_000000279.png
-5.1065048461,6.68791119798,2.230144946,-0.0,-0.0,-0.0,-6.06040915124,6.94331228993,-2.13521525588,map_000000280.png
-5.10651476535,6.68792113173,2.23014576105,-0.0,-0.0,-0.0,-6.06040915124,6.94331228993,-2.13521525588,map_000000281.png
-5.10651642873,6.68792279531,2.23014591862,-0.0,-0.0,-0.759132683277,-6.06040915124,6.94331228993,-2.13521525588,map_000000282.png
-5.10662685802,6.68783534521,2.21521483868,-0.0,-0.0,-1.0,-6.06040915124,6.94331228993,-2.13521525588,map_000000283.png
-5.1072479902,6.68740430729,2.13663316716,-0.0,-0.0,-1.0,-6.06040915124,6.94331228993,-2.13521525588,map_000000284.png
-5.1080824759,6.68693717023,2.03434920282,-0.0,-0.0,-1.0,-6.06040915124,6.94331228993,-2.13521525588,map_000000285.png
-5.10892896707,6.6865604732,1.93600211429,-0.0,-0.0,-0.0,-6.06040915124,6.94331228993,-2.13521525588,map_000000286.png
-5.10927228474,6.68641126463,1.90061595215,-0.0,-0.0,-0.0,-6.06040915124,6.94331228993,-2.13521525588,map_000000287.png
-5.10927226605,6.68641125491,1.90061593713,-0.0,-0.0,-0.0,-6.06040915124,6.94331228993,-2.13521525588,map_000000288.png
-5.10928213429,6.68642116261,1.90061883542,-0.0,-0.0,-0.0,-6.06040915124,6.94331228993,-2.13521525588,map_000000289.png
-5.10928211244,6.686421143,1.90061869197,-0.0,-0.0,-0.0,-6.06040915124,6.94331228993,-2.13521525588,map_000000290.png
-5.10928211244,6.686421143,1.90061869197,-0.0,-0.0,-0.0,-6.06040915124,6.94331228993,-2.13521525588,map_000000291.png
-5.10928208888,6.68642112398,1.90061873577,-0.0,-0.0,-0.310739457607,-6.06040915124,6.94331228993,-2.13521525588,map_000000292.png
-5.10927217643,6.68641117944,1.90061581049,-0.0,-0.0,-0.310739457607,-6.06040915124,6.94331228993,-2.13521525588,map_000000293.png
-5.10948706186,6.68635195106,1.87739304115,-0.0,-0.0,-0.159749135375,-6.06040915124,6.94331228993,-2.13521525588,map_000000294.png
-5.10969300984,6.68627677134,1.85452327166,-0.0,-0.0,-0.0,-6.06040915124,6.94331228993,-2.13521525588,map_000000295.png
-5.10979658899,6.68626111887,1.84447301965,0.0229384750128,-0.0,-0.0,-6.06040915124,6.94331228993,-2.13521525588,map_000000296.png
-5.10992057986,6.68670261682,1.84447302299,0.5,0.0106547744945,-0.0,-6.06040915124,6.94331228993,-2.13521525588,map_000000297.png
-5.11112152076,6.69082307481,1.84447294304,0.5,0.0721304938197,-0.0,-6.06040915124,6.94331228993,-2.13521525588,map_000000298.png
-5.12564490606,6.73864410519,1.84446952427,0.5,0.0721304938197,-0.0,-6.06040915124,6.94331228993,-2.13521525588,map_000000299.png
-5.14597553537,6.78693633255,1.84447324203,0.5,0.0721304938197,-0.0,-6.06040915124,6.94331228993,-2.13521525588,map_000000300.png
-5.16724489503,6.8349552062,1.84447401204,0.5,0.0721304938197,-0.0,-6.06040915124,6.94331228993,-2.13521525588,map_000000301.png
-5.18769247812,6.88112301506,1.84447367604,0.5,0.0721304938197,-0.0,-6.06040915124,6.94331228993,-2.13521525588,map_000000302.png
-5.20896185795,6.92914188052,1.84447436536,-0.0,-0.0,-0.0,-6.06040915124,6.94331228993,-2.13521525588,map_000000303.png
-5.22776371181,6.97160636564,1.84447055102,-0.0,-0.0,-0.0,-6.06040915124,6.94331228993,-2.13521525588,map_000000304.png
-5.22777536564,6.97161806773,1.84447432574,-0.0,-0.0,-0.0,-6.06040915124,6.94331228993,-2.13521525588,map_000000305.png
-5.22776371662,6.9716063799,1.84447062696,-0.0,-0.0,-0.0,-6.06040915124,6.94331228993,-2.13521525588,map_000000306.png
-5.22777359726,6.97161630521,1.84447380158,-0.0,-0.0,-0.0,-6.06040915124,6.94331228993,-2.13521525588,map_000000307.png
-5.2277637223,6.97160639347,1.84447056937,-0.0,-0.0,-0.0,-6.06040915124,6.94331228993,-2.13521525588,map_000000308.png
-5.22777360337,6.97161631884,1.84447371185,-0.0,-0.0,-0.0,-6.06040915124,6.94331228993,-2.13521525588,map_000000309.png
-5.22777537861,6.97161810288,1.84447436794,-0.0,-0.0,-0.0,-6.06040915124,6.94331228993,-2.13521525588,map_000000310.png
-5.22777360825,6.97161633282,1.8444737577,-0.0,-0.0,-0.0,-6.06040915124,6.94331228993,-2.13521525588,map_000000311.png
-5.22777538428,6.97161811664,1.8444743286,-0.0,-0.0,-0.0,-6.06040915124,6.94331228993,-2.13521525588,map_000000312.png
-5.2277637356,6.97160642855,1.84447057906,-0.0,-0.0,-0.0,-6.06040915124,6.94331228993,-2.13521525588,map_000000313.png
-5.22777361577,6.97161635418,1.84447381999,-0.0,-0.0,-0.0,-6.06040915124,6.94331228993,-2.13521525588,map_000000314.png
-5.22777539225,6.9716181379,1.84447434354,0.0229384750128,-0.0,-0.0,-6.06040915124,6.94331228993,-2.13521525588,map_000000315.png
-5.22797192275,6.97232276932,1.84447376409,0.0300340279937,-0.0,-0.0,-6.06040915124,6.94331228993,-2.13521525588,map_000000316.png
-5.22864886044,6.97472966495,1.84447437097,0.046590320766,-0.0,-0.0,-6.06040915124,6.94331228993,-2.13521525588,map_000000317.png
-5.22948105651,6.97772397099,1.8444706361,0.046590320766,-0.0,-0.0,-6.06040915124,6.94331228993,-2.13521525588,map_000000318.png
-5.2303041036,6.98062607418,1.84447441403,0.115161597729,-0.0,-0.0,-6.06040915124,6.94331228993,-2.13521525588,map_000000319.png
-5.23306557471,6.99049296943,1.84447052365,0.439115583897,-0.0,-0.0,-6.06040915124,6.94331228993,-2.13521525588,map_000000320.png
-5.24156217847,7.02073484113,1.84447377586,0.33743172884,-0.0,-0.0,-6.06040915124,6.94331228993,-2.13521525588,map_000000321.png
-5.25231653149,7.05906998698,1.84447038653,-0.0,-0.0,-0.0,-6.06040915124,6.94331228993,-2.13521525588,map_000000322.png
-5.25961915465,7.08505857,1.84447384981,-0.0,-0.0,-0.0,-6.06040915124,6.94331228993,-2.13521525588,map_000000323.png
-5.25962093112,7.0850603537,1.84447437449,-0.0,-0.0,-0.0,-6.06040915124,6.94331228993,-2.13521525588,map_000000324.png
-5.25961916062,7.08505858366,1.84447377565,-0.0,-0.0,-0.0,-6.06040915124,6.94331228993,-2.13521525588,map_000000325.png
-5.2596209363,7.08506036758,1.84447438538,-0.0,-0.0,-0.0,-6.06040915124,6.94331228993,-2.13521525588,map_000000326.png
-5.25960928731,7.08504867976,1.84447068445,-0.0,-0.0,-0.0,-6.06040915124,6.94331228993,-2.13521525588,map_000000327.png
-5.25962094118,7.08506038154,1.84447442738,-0.0,-0.0,-0.0,-6.06040915124,6.94331228993,-2.13521525588,map_000000328.png
-5.25960929338,7.08504869308,1.84447057326,-0.0,-0.0,-0.0,-6.06040915124,6.94331228993,-2.13521525588,map_000000329.png
-5.25960929338,7.08504869308,1.84447057326,-0.0,-0.0,-0.0,-6.06040915124,6.94331228993,-2.13521525588,map_000000330.png
-5.25960929861,7.08504870699,1.84447058387,0.0394947677851,0.365337073803,-0.0,-6.06040915124,6.94331228993,-2.13521525588,map_000000331.png
-5.25960929861,7.08504870699,1.84447058387,0.0394947677851,0.365337073803,-0.0,-6.06040915124,6.94331228993,-2.13521525588,map_000000332.png
-5.29439611303,7.0792323919,1.84447481119,0.0820490121841,0.5,-0.0,-6.06040915124,6.94331228993,-2.13521525588,map_000000333.png
-5.34336066741,7.07328810521,1.84447657021,0.089144565165,0.5,-0.0,-6.06040915124,6.94331228993,-2.13521525588,map_000000334.png
-5.39380868081,7.06808427473,1.84447735131,0.089144565165,0.5,-0.0,-6.06040915124,6.94331228993,-2.13521525588,map_000000335.png
-5.44635879233,7.0629597668,1.84447927546,0.0986053049564,0.5,-0.0,-6.06040915124,6.94331228993,-2.13521525588,map_000000336.png
-5.49893575747,7.0579674947,1.844477424,0.112796410918,0.5,-0.0,-6.06040915124,6.94331228993,-2.13521525588,map_000000337.png
-5.54973005894,7.05396044303,1.84448197309,0.0394947677851,0.159623250365,-0.0,-6.06040915124,6.94331228993,-2.13521525588,map_000000338.png
-5.60293066282,7.05118956845,1.84448005482,0.0394947677851,0.159623250365,-0.0,-6.06040915124,6.94331228993,-2.13521525588,map_000000339.png
-5.62558439675,7.05032477361,1.84448339688,-0.0,-0.0,-0.0,-6.06040915124,6.94331228993,-2.13521525588,map_000000340.png
-5.63083183416,7.05015113604,1.84448027464,-0.0,-0.0,-0.0,-6.06040915124,6.94331228993,-2.13521525588,map_000000341.png
-5.63084171366,7.05016106196,1.84448359649,-0.0,-0.0,-0.0,-6.06040915124,6.94331228993,-2.13521525588,map_000000342.png
-5.63084349089,7.05016284546,1.84448403842,-0.0,-0.0,-0.0,-6.06040915124,6.94331228993,-2.13521525588,map_000000343.png
-5.63084171963,7.05016107563,1.8444835235,-0.0,-0.0,-0.0,-6.06040915124,6.94331228993,-2.13521525588,map_000000344.png
-5.63084349609,7.05016285933,1.84448404794,-0.0,-0.0,-0.0,-6.06040915124,6.94331228993,-2.13521525588,map_000000345.png
-5.63083184709,7.05015117148,1.84448034462,-0.0,-0.0,-0.0,-6.06040915124,6.94331228993,-2.13521525588,map_000000346.png
-5.63084350096,7.0501628733,1.8444840911,-0.0,-0.0,-0.0,-6.06040915124,6.94331228993,-2.13521525588,map_000000347.png
-5.63083185276,7.05015118505,1.8444802889,0.202654346824,0.232924893498,-0.0,-6.06040915124,6.94331228993,-2.13521525588,map_000000348.png
-5.64199789995,7.05544498478,1.84448379417,0.209749907255,0.405545204878,-0.0,-6.06040915124,6.94331228993,-2.13521525588,map_000000349.png
-5.67189564018,7.06816737684,1.84448135465,0.209749907255,0.5,-0.0,-6.06040915124,6.94331228993,-2.13521525588,map_000000350.png
-5.71838832011,7.0777755933,1.84448539912,0.209749907255,0.5,-0.0,-6.06040915124,6.94331228993,-2.13521525588,map_000000351.png
-5.77432713002,7.08472169907,1.84448724304,0.209749907255,0.5,-0.0,-6.06040915124,6.94331228993,-2.13521525588,map_000000352.png
-5.83025188573,7.09165422131,1.84448532651,0.141178622842,0.426831871271,-0.0,-6.06040915124,6.94331228993,-2.13521525588,map_000000353.png
-5.88015026352,7.09546515654,1.84448941311,-0.0,-0.0,-0.0,-6.06040915124,6.94331228993,-2.13521525588,map_000000354.png
-5.90348397878,7.09652372036,1.84448722116,-0.0,-0.0,-0.0,-6.06040915124,6.94331228993,-2.13521525588,map_000000355.png
-5.90349386033,7.09653364545,1.84449029984,-0.0,-0.0,-0.0,-6.06040915124,6.94331228993,-2.13521525588,map_000000356.png
-5.90349563576,7.09653542944,1.84449093659,-0.0,-0.0,-0.0,-6.06040915124,6.94331228993,-2.13521525588,map_000000357.png
-5.90349386522,7.09653365942,1.84449034494,-0.0,-0.0,-0.0,-6.06040915124,6.94331228993,-2.13521525588,map_000000358.png
-5.90349564112,7.09653544327,1.84449092932,-0.0,-0.0,-0.0,-6.06040915124,6.94331228993,-2.13521525588,map_000000359.png
-5.90348399261,7.09652375496,1.84448714623,-0.0,-0.0,-0.0,-6.06040915124,6.94331228993,-2.13521525588,map_000000360.png
-5.90349564632,7.09653545717,1.84449093958,-0.0,-0.0,-0.0,-6.06040915124,6.94331228993,-2.13521525588,map_000000361.png
-5.90348399778,7.09652376903,1.84448717445,-0.0,-0.0,-0.0,-6.06040915124,6.94331228993,-2.13521525588,map_000000362.png
-5.90349387873,7.09653369445,1.84449033158,-0.0,-0.0,-0.0,-6.06040915124,6.94331228993,-2.13521525588,map_000000363.png
-5.90348400266,7.09652378316,1.84448723156,-0.0,-0.0,-0.0,-6.06040915124,6.94331228993,-2.13521525588,map_000000364.png
-5.90349388423,7.09653370825,1.84449030822,-0.0,-0.0,-0.0,-6.06040915124,6.94331228993,-2.13521525588,map_000000365.png
-5.90349388423,7.09653370825,1.84449030822,-0.0,-0.0,0.286629855633,-6.06040915124,6.94331228993,-2.13521525588,map_000000366.png
-5.90349565961,7.09653549225,1.84449094926,-0.0,-0.0,0.84485155344,-6.06040915124,6.94331228993,-2.13521525588,map_000000367.png
-5.90330900798,7.09657666368,1.8636535676,-0.0,-0.0,0.84485155344,-6.06040915124,6.94331228993,-2.13521525588,map_000000368.png
-5.9028112549,7.09674794369,1.9215253734,-0.0,-0.0,1.0,-6.06040915124,6.94331228993,-2.13521525588,map_000000369.png
-5.90200659024,7.09707922897,2.01281412726,-0.0,-0.0,1.0,-6.06040915124,6.94331228993,-2.13521525588,map_000000370.png
-5.90116575322,7.09752507858,2.11114940874,-0.0,-0.0,1.0,-6.06040915124,6.94331228993,-2.13521525588,map_000000371.png
-5.90034630627,7.09807081589,2.21342112112,-0.0,-0.0,1.0,-6.06040915124,6.94331228993,-2.13521525588,map_000000372.png
-5.89958934351,7.09869476465,2.31569451799,-0.0,-0.0,1.0,-6.06040915124,6.94331228993,-2.13521525588,map_000000373.png
-5.89894500566,7.09934750865,2.41404660395,-0.0,-0.0,1.0,-6.06040915124,6.94331228993,-2.13521525588,map_000000374.png
-5.89832489283,7.1001127214,2.51631799523,-0.0,-0.0,1.0,-6.06040915124,6.94331228993,-2.13521525588,map_000000375.png
-5.89778807549,7.10093464147,2.61859061898,-0.0,-0.0,1.0,-6.06040915124,6.94331228993,-2.13521525588,map_000000376.png
-5.89734501676,7.10179044054,2.71691997241,-0.0,-0.0,1.0,-6.06040915124,6.94331228993,-2.13521525588,map_000000377.png
-5.8969874323,7.10270009346,2.81919390119,-0.0,-0.0,1.0,-6.06040915124,6.94331228993,-2.13521525588,map_000000378.png
-5.89671775381,7.10364887318,2.92146372118,-0.0,-0.0,1.0,-6.06040915124,6.94331228993,-2.13521525588,map_000000379.png
-5.89654462932,7.10457164265,3.01980416915,-0.0,-0.0,1.0,-6.06040915124,6.94331228993,-2.13521525588,map_000000380.png
-5.89647935855,7.10554286195,3.12207750569,-0.0,-0.0,1.0,-6.06040915124,6.94331228993,-2.13521525588,map_000000381.png
-5.89651558086,7.10653213149,-3.05884216119,-0.0,-0.0,1.0,-6.06040915124,6.94331228993,-2.13521525588,map_000000382.png
-5.89662174371,7.10748612435,-2.96051215133,-0.0,-0.0,1.0,-6.06040915124,6.94331228993,-2.13521525588,map_000000383.png
-5.89683332974,7.10843071961,-2.85823325186,-0.0,-0.0,1.0,-6.06040915124,6.94331228993,-2.13521525588,map_000000384.png
-5.89715628533,7.10935356018,-2.75595893812,-0.0,-0.0,1.0,-6.06040915124,6.94331228993,-2.13521525588,map_000000385.png
-5.89754056259,7.11019376424,-2.65761040259,-0.0,-0.0,1.0,-6.06040915124,6.94331228993,-2.13521525588,map_000000386.png
-5.89803025977,7.11103929674,-2.55533520812,-0.0,-0.0,1.0,-6.06040915124,6.94331228993,-2.13521525588,map_000000387.png
-5.89861159541,7.11183118309,-2.45306236757,-0.0,-0.0,-0.0,-6.06040915124,6.94331228993,-2.13521525588,map_000000388.png
-5.89903226162,7.11231141218,-2.39014121563,-0.0,-0.0,-0.0,-6.06040915124,6.94331228993,-2.13521525588,map_000000389.png
-5.89903224858,7.11231133745,-2.39014115845,-0.0,-0.0,-0.0,-6.06040915124,6.94331228993,-2.13521525588,map_000000390.png
-5.89904187916,7.11232095516,-2.39014738277,-0.0,-0.0,-0.0,-6.06040915124,6.94331228993,-2.13521525588,map_000000391.png
-5.8990418421,7.11232091233,-2.39014738513,-0.0,-0.0,-0.0,-6.06040915124,6.94331228993,-2.13521525588,map_000000392.png
-5.89904180517,7.11232086961,-2.39014737024,-0.0,-0.0,-0.0,-6.06040915124,6.94331228993,-2.13521525588,map_000000393.png
-5.89903210297,7.1123111689,-2.390141323,-0.0,-0.0,0.378147214651,-6.06040915124,6.94331228993,-2.13521525588,map_000000394.png
-5.89916966179,7.11245528054,-2.37081150569,-0.0,-0.0,1.0,-6.06040915124,6.94331228993,-2.13521525588,map_000000395.png
-5.89955127202,7.11282730902,-2.31255855957,-0.0,-0.0,1.0,-6.06040915124,6.94331228993,-2.13521525588,map_000000396.png
-5.9002586014,7.11341792203,-2.21420856252,-0.0,-0.0,1.0,-6.06040915124,6.94331228993,-2.13521525588,map_000000397.png
-5.90106952047,7.11396842471,-2.11193521558,-0.0,-0.0,1.0,-6.06040915124,6.94331228993,-2.13521525588,map_000000398.png
-5.90193262525,7.11443344827,-2.00966226526,-0.0,-0.0,1.0,-6.06040915124,6.94331228993,-2.13521525588,map_000000399.png
-5.90282407659,7.1148047828,-1.91133411484,-0.0,-0.0,0.401036113501,-6.06040915124,6.94331228993,-2.13521525588,map_000000400.png
-5.90345443075,7.11501793303,-1.84441428836,-0.0,-0.0,-0.0,-6.06040915124,6.94331228993,-2.13521525588,map_000000401.png
-5.90367377485,7.11507658921,-1.82075285174,-0.0,-0.0,-0.0,-6.06040915124,6.94331228993,-2.13521525588,map_000000402.png
-5.90367377485,7.11507658921,-1.82075285174,-0.0,-0.0,-0.0,-6.06040915124,6.94331228993,-2.13521525588,map_000000403.png
-5.90366430885,7.11506707766,-1.82074768251,-0.0,-0.0,-0.0,-6.06040915124,6.94331228993,-2.13521525588,map_000000404.png
-5.90366430885,7.11506707766,-1.82074768251,-0.0,-0.0,-0.0,-6.06040915124,6.94331228993,-2.13521525588,map_000000405.png
-5.90367363232,7.11507642117,-1.82075285852,-0.0,-0.0,-0.0,-6.06040915124,6.94331228993,-2.13521525588,map_000000406.png
-5.90367363232,7.11507642117,-1.82075285852,-0.0,-0.0,-0.0,-6.06040915124,6.94331228993,-2.13521525588,map_000000407.png
-5.903673596,7.11507637983,-1.82075285066,-0.0,-0.0,-0.0,-6.06040915124,6.94331228993,-2.13521525588,map_000000408.png
-5.90367355961,7.11507633848,-1.82075284938,-0.0,-0.0,-0.0,-6.06040915124,6.94331228993,-2.13521525588,map_000000409.png
-5.90366412797,7.11506687417,-1.82074793801,-0.0,-0.0,-0.0,-6.06040915124,6.94331228993,-2.13521525588,map_000000410.png
-5.90366409163,7.11506683282,-1.82074793052,-0.0,-0.0,-0.0911206379533,-6.06040915124,6.94331228993,-2.13521525588,map_000000411.png
-5.90366405804,7.11506679125,-1.82074749093,-0.0,-0.0,-0.800332665443,-6.06040915124,6.94331228993,-2.13521525588,map_000000412.png
-5.90359017586,7.11505467498,-1.82971291764,-0.0,-0.0,-0.800332665443,-6.06040915124,6.94331228993,-2.13521525588,map_000000413.png
-5.90299100374,7.11487567645,-1.89481917574,-0.0,-0.0,-1.0,-6.06040915124,6.94331228993,-2.13521525588,map_000000414.png
-5.90218895183,7.11457952512,-1.98847224567,-0.0,-0.0,-1.0,-6.06040915124,6.94331228993,-2.13521525588,map_000000415.png
-5.90132673194,7.114148013,-2.08680214738,-0.0,-0.0,-0.859805583954,-6.06040915124,6.94331228993,-2.13521525588,map_000000416.png
-5.90051925974,7.11363653184,-2.1857635748,-0.0,-0.0,-0.0,-6.06040915124,6.94331228993,-2.13521525588,map_000000417.png
-5.89988746185,7.11314998054,-2.26692481612,-0.0,-0.0,-0.0,-6.06040915124,6.94331228993,-2.13521525588,map_000000418.png
-5.89989207676,7.11314105315,-2.26692368523,-0.0,-0.0,-0.0,-6.06040915124,6.94331228993,-2.13521525588,map_000000419.png
-5.8998758731,7.11313808347,-2.26691727576,-0.0,-0.0,-0.0,-6.06040915124,6.94331228993,-2.13521525588,map_000000420.png
-5.89988545107,7.11314762187,-2.26692353296,-0.0,-0.0,-0.0,-6.06040915124,6.94331228993,-2.13521525588,map_000000421.png
-5.89988541461,7.11314768813,-2.26692337755,-0.0,-0.0,-0.0,-6.06040915124,6.94331228993,-2.13521525588,map_000000422.png
-5.8998821583,7.11315093312,-2.26692316097,-0.0,0.135971397161,-0.0,-6.06040915124,6.94331228993,-2.13521525588,map_000000423.png
-5.89821679657,7.111753126,-2.26692348793,-0.0531708747149,0.341704308987,-0.0,-6.06040915124,6.94331228993,-2.13521525588,map_000000424.png
-5.88777763226,7.10302764055,-2.26691789531,-0.0531708747149,0.341704308987,-0.0,-6.06040915124,6.94331228993,-2.13521525588,map_000000425.png
-5.87694036459,7.09397258395,-2.26692471873,-0.190332502127,0.426831871271,-0.0,-6.06040915124,6.94331228993,-2.13521525588,map_000000426.png
-5.83404362337,7.0800436633,-2.26692714327,-0.228156372905,0.47411647439,-0.0,-6.06040915124,6.94331228993,-2.13521525588,map_000000427.png
-5.78343037603,7.06669141535,-2.26692923853,-0.147759184241,0.24475081265,-0.0,-6.06040915124,6.94331228993,-2.13521525588,map_000000428.png
-5.74130175892,7.05737914757,-2.26692440379,-0.0,-0.0,-0.0,-6.06040915124,6.94331228993,-2.13521525588,map_000000429.png
-5.71984526833,7.05407876156,-2.26693156345,-0.0,-0.0,-0.0,-6.06040915124,6.94331228993,-2.13521525588,map_000000430.png
-5.71984523612,7.0540788007,-2.2669315902,-0.0,-0.0,-0.0,-6.06040915124,6.94331228993,-2.13521525588,map_000000431.png
-5.71984198,7.05408204587,-2.26693134839,-0.0,-0.0,-0.0,-6.06040915124,6.94331228993,-2.13521525588,map_000000432.png
-5.71985191017,7.05407209704,-2.26693204257,-0.0,-0.0,-0.0,-6.06040915124,6.94331228993,-2.13521525588,map_000000433.png
-5.7198357084,7.05406913035,-2.26692509964,-0.0,-0.0,-0.0,-6.06040915124,6.94331228993,-2.13521525588,map_000000434.png
-5.71984528574,7.05407866845,-2.26693149736,-0.0,-0.0,-0.0,-6.06040915124,6.94331228993,-2.13521525588,map_000000435.png
-5.71984524845,7.05407873397,-2.26693155783,-0.0,-0.0,-0.0,-6.06040915124,6.94331228993,-2.13521525588,map_000000436.png
-5.71984199243,7.05408197923,-2.26693130355,-0.0,-0.0,-0.0,-6.06040915124,6.94331228993,-2.13521525588,map_000000437.png
-5.7198453234,7.05407868174,-2.2669315039,-0.0,-0.0,-0.0,-6.06040915124,6.94331228993,-2.13521525588,map_000000438.png
-5.71983572083,7.05406906372,-2.26692505514,-0.0,-0.0,-0.0,-6.06040915124,6.94331228993,-2.13521525588,map_000000439.png
-5.71984529807,7.05407860173,-2.26693146437,-0.0,-0.0,-0.0,-6.06040915124,6.94331228993,-2.13521525588,map_000000440.png
-5.71984529807,7.05407860173,-2.26693146437,-0.0,-0.0,-0.0,-6.06040915124,6.94331228993,-2.13521525588,map_000000441.png
-5.71984200477,7.05408191251,-2.26693127023,-0.0,-0.0,-0.0,-6.06040915124,6.94331228993,-2.13521525588,map_000000442.png
-5.71984200477,7.05408191251,-2.26693127023,-0.0,-0.0,-0.0,-6.06040915124,6.94331228993,-2.13521525588,map_000000443.png
-5.71984533561,7.05407861492,-2.2669314882,-0.0,-0.0,-0.0,-6.06040915124,6.94331228993,-2.13521525588,map_000000444.png
-5.71984530326,7.05407857406,-2.26693144205,-0.0,-0.0,-0.388523519039,-6.06040915124,6.94331228993,-2.13521525588,map_000000445.png
-5.7198453104,7.05407853499,-2.26693143295,-0.0,-0.0,-0.388523519039,-6.06040915124,6.94331228993,-2.13521525588,map_000000446.png
-5.7195953358,7.05386334449,-2.30208355478,-0.0,-0.0,-0.786599338055,-6.06040915124,6.94331228993,-2.13521525588,map_000000447.png
-5.71912339558,7.0534124193,-2.37000193836,-0.0,-0.0,-0.786599338055,-6.06040915124,6.94331228993,-2.13521525588,map_000000448.png
-5.71862578348,7.052862155,-2.44735426829,-0.0,-0.0,-0.356517225504,-6.06040915124,6.94331228993,-2.13521525588,map_000000449.png
-5.71823554589,7.0523642715,-2.51257053406,-0.0,-0.0,-0.0,-6.06040915124,6.94331228993,-2.13521525588,map_000000450.png
-5.71805517527,7.05211235646,-2.5434147493,-0.0,-0.0,-0.0,-6.06040915124,6.94331228993,-2.13521525588,map_000000451.png
-5.71806486434,7.05212199451,-2.54342099649,-0.0,-0.0,-0.0,-6.06040915124,6.94331228993,-2.13521525588,map_000000452.png
-5.71806482711,7.05212195154,-2.54342097486,0.18136768043,-0.0,-0.0,-6.06040915124,6.94331228993,-2.13521525588,map_000000453.png
-5.73064820873,7.04354680854,-2.54341861516,0.339796900749,-0.0,-0.0,-6.06040915124,6.94331228993,-2.13521525588,map_000000454.png
-5.75348152287,7.02798679043,-2.54341670403,0.339796900749,-0.0134395882487,-0.0,-6.06040915124,6.94331228993,-2.13521525588,map_000000455.png
-5.7830059429,7.00858219186,-2.54341532469,0.415463715792,-0.0725501254201,-0.0,-6.06040915124,6.94331228993,-2.13521525588,map_000000456.png
-5.81566625377,6.99001817496,-2.543414243,0.484035015106,-0.0725501254201,-0.0,-6.06040915124,6.94331228993,-2.13521525588,map_000000457.png
-5.85407875732,6.97261451321,-2.54341161395,0.484035015106,-0.0725501254201,-0.0,-6.06040915124,6.94331228993,-2.13521525588,map_000000458.png
-5.89990675044,6.95051207941,-2.54341012863,0.484035015106,-0.0725501254201,-0.0,-6.06040915124,6.94331228993,-2.13521525588,map_000000459.png
-5.94572031462,6.92840424603,-2.54340219696,0.484035015106,-0.0725501254201,-0.0,-6.06040915124,6.94331228993,-2.13521525588,map_000000460.png
-5.98979732074,6.90715921589,-2.54340701474,0.358718365431,-0.0725501254201,-0.0,-6.06040915124,6.94331228993,-2.13521525588,map_000000461.png
-6.03024484068,6.88872237247,-2.54340554804,0.17190694809,-0.0725501254201,-0.0,-6.06040915124,6.94331228993,-2.13521525588,map_000000462.png
-6.0568946272,6.88248510134,-2.54261979802,-0.0,-0.0,-0.0,-6.06040915124,6.94331228993,-2.13521525588,map_000000463.png
-6.06839676162,6.88767795752,-2.54132676858,-0.0,-0.0,-0.0,-6.06040915124,6.94331228993,-2.13521525588,map_000000464.png
-6.06839821357,6.88767832415,-2.54132879224,-0.0,-0.0,-0.0,-6.06040915124,6.94331228993,-2.13521525588,map_000000465.png
-6.0683981981,6.88767828535,-2.54132891683,-0.0,-0.0,-0.0,-6.06040915124,6.94331228993,-2.13521525588,map_000000466.png
-6.06838849996,6.88766861498,-2.54132241461,-0.0,-0.0,-0.0,-6.06040915124,6.94331228993,-2.13521525588,map_000000467.png
-6.06839818115,6.88767825986,-2.54132875125,-0.0,-0.0,-0.0,-6.06040915124,6.94331228993,-2.13521525588,map_000000468.png
-6.06839822659,6.88767831358,-2.54132876762,-0.0,-0.0,-0.0,-6.06040915124,6.94331228993,-2.13521525588,map_000000469.png
-6.06839817547,6.88767826143,-2.54132873321,-0.0,-0.0,-0.0,-6.06040915124,6.94331228993,-2.13521525588,map_000000470.png
-6.06839820945,6.88767828784,-2.54132871354,-0.0,-0.0,-0.0,-6.06040915124,6.94331228993,-2.13521525588,map_000000471.png
-6.06838845747,6.88766855115,-2.5413223488,-0.0,-0.0,-0.0,-6.06040915124,6.94331228993,-2.13521525588,map_000000472.png
-6.06839813881,6.88767819628,-2.54132862945,-0.0,-0.0,-0.0,-6.06040915124,6.94331228993,-2.13521525588,map_000000473.png
-6.0683884396,6.88766852405,-2.54132256044,-0.0,-0.0,-0.0,-6.06040915124,6.94331228993,-2.13521525588,map_000000474.png
-6.06839813278,6.88767819738,-2.54132869155,-0.0,-0.0,0.103633224964,-6.06040915124,6.94331228993,-2.13521525588,map_000000475.png
-6.06841810271,6.88770721185,-2.53766011868,-0.0,-0.0,0.30951872468,-6.06040915124,6.94331228993,-2.13521525588,map_000000476.png
-6.06849062149,6.88781231026,-2.52382031317,-0.0,-0.0,0.684705674648,-6.06040915124,6.94331228993,-2.13521525588,map_000000477.png
-6.06866705821,6.88805176567,-2.49338774648,-0.0,-0.0,0.684705674648,-6.06040915124,6.94331228993,-2.13521525588,map_000000478.png
-6.06866705821,6.88805176567,-2.49338774648,-0.0,-0.0,0.300363183022,-6.06040915124,6.94331228993,-2.13521525588,map_000000479.png
-6.06886380528,6.88828186783,-2.46173510199,-0.0,-0.0,0.300363183022,-6.06040915124,6.94331228993,-2.13521525588,map_000000480.png
-6.06909089956,6.88857323077,-2.42342568225,-0.0,-0.0,-0.0,-6.06040915124,6.94331228993,-2.13521525588,map_000000481.png

