2.26099859569,5.486409578,-0.474188641514,-0.0,-0.0,-0.0,-1.04379905744,1.81372217926,2.59706883916,map_000000048.png
2.26099866736,5.48640952497,-0.474189048848,-0.0,-0.0,-0.0636921301484,-1.04379905744,1.81372217926,2.59706883916,map_000000049.png
2.2609986692,5.48640950869,-0.474188751213,-0.0,-0.0,-0.0636921301484,-1.04379905744,1.81372217926,2.59706883916,map_000000050.png
2.26102023471,5.48645119682,-0.479199978425,-0.0,-0.0,-0.544091641903,-1.04379905744,1.81372217926,2.59706883916,map_000000051.png
2.26117499679,5.48673784178,-0.514060959947,-0.0,-0.0,-0.809450030327,-1.04379905744,1.81372217926,2.59706883916,map_000000052.png
2.26149822662,5.48727157378,-0.577996075633,-0.0,-0.0,-1.0,-1.04379905744,1.81372217926,2.59706883916,map_000000053.png
2.26195065781,5.48791322173,-0.66134914455,-0.0,-0.0,-1.0,-1.04379905744,1.81372217926,2.59706883916,map_000000054.png
2.26258166379,5.48864874343,-0.763627865896,-0.0,-0.0,-1.0,-1.04379905744,1.81372217926,2.59706883916,map_000000055.png
2.26325356525,5.48929367963,-0.861973425958,-0.0,-0.0,-1.0,-1.04379905744,1.81372217926,2.59706883916,map_000000056.png
2.26400895994,5.48987829572,-0.960307310375,-0.0,-0.0,-1.0,-1.04379905744,1.81372217926,2.59706883916,map_000000057.png
2.26400895994,5.48987829572,-0.960307310375,-0.0,-0.0,-1.0,-1.04379905744,1.81372217926,2.59706883916,map_000000058.png
2.26484111635,5.49040264584,-1.06257903448,-0.0,-0.0,-1.0,-1.04379905744,1.81372217926,2.59706883916,map_000000059.png
2.26566556886,5.49081226669,-1.16092888081,-0.0,-0.0,-1.0,-1.04379905744,1.81372217926,2.59706883916,map_000000060.png
2.26656420065,5.49116961564,-1.25925685737,-0.0,-0.0,-0.891811907291,-1.04379905744,1.81372217926,2.59706883916,map_000000061.png
2.26751652665,5.49141496818,-1.36152780874,-0.0,-0.0,-0.891811907291,-1.04379905744,1.81372217926,2.59706883916,map_000000062.png
2.26844280817,5.49158000285,-1.45986732397,-0.0,-0.0,-0.891811907291,-1.04379905744,1.81372217926,2.59706883916,map_000000063.png
2.26935643678,5.49164101037,-1.55319015041,-0.0,-0.0,-0.681348621845,-1.04379905744,1.81372217926,2.59706883916,map_000000064.png
2.27007116903,5.49162784365,-1.62764011132,-0.0,-0.0,-0.237533181906,-1.04379905744,1.81372217926,2.59706883916,map_000000065.png
2.27055315936,5.49159784443,-1.67717895946,-0.0,-0.0,-0.0,-1.04379905744,1.81372217926,2.59706883916,map_000000066.png
2.27072297835,5.49156900171,-1.69586821643,-0.0,-0.0,-0.0,-1.04379905744,1.81372217926,2.59706883916,map_000000067.png
2.27073234054,5.49155959473,-1.69586342128,-0.0,-0.0,-0.0,-1.04379905744,1.81372217926,2.59706883916,map_000000068.png
2.27072305033,5.49156891905,-1.69586802684,-0.0,-0.0,-0.0,-1.04379905744,1.81372217926,2.59706883916,map_000000069.png
2.27072300752,5.49156895389,-1.6958680388,-0.0,-0.0,-0.0,-1.04379905744,1.81372217926,2.59706883916,map_000000070.png
2.27073236329,5.49155955895,-1.69586305508,-0.0,-0.0,-0.00875881221145,-1.04379905744,1.81372217926,2.59706883916,map_000000071.png
2.27072629374,5.49156853084,-1.69621249068,-0.0,-0.0,-1.0,-1.04379905744,1.81372217926,2.59706883916,map_000000072.png
2.27092563249,5.49155354923,-1.72051824269,-0.0,-0.0,-1.0,-1.04379905744,1.81372217926,2.59706883916,map_000000073.png
2.2718641262,5.49137326298,-1.81885117144,-0.0,-0.0,-1.0,-1.04379905744,1.81372217926,2.59706883916,map_000000074.png
2.27280484418,5.49108449003,-1.92112284439,-0.0,-0.0,-1.0,-1.04379905744,1.81372217926,2.59706883916,map_000000075.png
2.27365973581,5.49072629087,-2.01947046372,-0.0,-0.0,-0.123165071011,-1.04379905744,1.81372217926,2.59706883916,map_000000076.png
2.27406458566,5.49051236093,-2.06260307582,-0.0,-0.0,-0.0,-1.04379905744,1.81372217926,2.59706883916,map_000000077.png
2.27412599477,5.49047923781,-2.06986973193,-0.0,-0.0,-0.0,-1.04379905744,1.81372217926,2.59706883916,map_000000078.png
2.27412602066,5.49047919232,-2.06986986727,-0.0,-0.0,-0.0,-1.04379905744,1.81372217926,2.59706883916,map_000000079.png
2.27412596313,5.49047925712,-2.06986968843,0.179002508521,-0.0,-0.0,-1.04379905744,1.81372217926,2.59706883916,map_000000080.png
2.27412602019,5.49047919954,-2.06986967587,0.179002508521,-0.0,-0.0,-1.04379905744,1.81372217926,2.59706883916,map_000000081.png
2.26693202456,5.47728149498,-2.06986919213,0.491130560637,-0.00634403526783,-0.0,-1.04379905744,1.81372217926,2.59706883916,map_000000082.png
2.24845419293,5.44423143629,-2.06986819069,0.5,-0.0158047731966,-0.0,-1.04379905744,1.81372217926,2.59706883916,map_000000083.png
2.22288581192,5.3995724519,-2.06986664023,0.5,-0.0158047731966,-0.0,-1.04379905744,1.81372217926,2.59706883916,map_000000084.png
2.19757651815,5.35644235214,-2.06986520044,0.5,-0.0158047731966,-0.0,-1.04379905744,1.81372217926,2.59706883916,map_000000085.png
2.17126497806,5.3115786441,-2.0698573794,0.5,-0.0158047731966,-0.0,-1.04379905744,1.81372217926,2.59706883916,map_000000086.png
2.14594682561,5.26845881851,-2.0698622034,0.5,-0.0158047731966,-0.0,-1.04379905744,1.81372217926,2.59706883916,map_000000087.png
2.12063772445,5.22532860524,-2.06986066759,0.5,-0.0158047731966,-0.0,-1.04379905744,1.81372217926,2.59706883916,map_000000088.png
2.09432638425,5.18046478139,-2.06985321531,0.5,-0.0158047731966,-0.0,-1.04379905744,1.81372217926,2.59706883916,map_000000089.png
2.06900841743,5.13734484602,-2.06985778566,0.5,-0.0158047731966,-0.0,-1.04379905744,1.81372217926,2.59706883916,map_000000090.png
2.04369950429,5.09421452334,-2.06985651186,0.5,-0.0158047731966,-0.0,-1.04379905744,1.81372217926,2.59706883916,map_000000091.png
2.01738836048,5.04935058333,-2.06984879522,0.5,-0.0158047731966,-0.0,-1.04379905744,1.81372217926,2.59706883916,map_000000092.png
1.99207058654,5.00623053462,-2.06985337199,0.5,-0.0158047731966,-0.0,-1.04379905744,1.81372217926,2.59706883916,map_000000093.png
1.9667618684,4.96310009742,-2.06985213883,0.5,-0.0158047731966,-0.0,-1.04379905744,1.81372217926,2.59706883916,map_000000094.png
1.94045091719,4.91823604373,-2.06984359824,0.5,-0.0252655111253,-0.0,-1.04379905744,1.81372217926,2.59706883916,map_000000095.png
1.91473474916,4.87533314199,-2.06984891178,0.5,-0.0252655111253,-0.0,-1.04379905744,1.81372217926,2.59706883916,map_000000096.png
1.88755050212,4.83094868726,-2.06984756858,0.5,-0.0252655111253,-0.0,-1.04379905744,1.81372217926,2.59706883916,map_000000097.png
1.86142147158,4.78826176896,-2.06983950309,0.5,-0.0252655111253,-0.0,-1.04379905744,1.81372217926,2.59706883916,map_000000098.png
1.83527369599,4.74559411027,-2.0698444934,0.5,-0.0252655111253,-0.0,-1.04379905744,1.81372217926,2.59706883916,map_000000099.png
1.80808964891,4.70120953269,-2.06984304094,0.5,-0.0252655111253,-0.0,-1.04379905744,1.81372217926,2.59706883916,map_000000100.png
1.7819608144,4.65852249443,-2.06983539072,0.5,-0.0252655111253,-0.0,-1.04379905744,1.81372217926,2.59706883916,map_000000101.png
1.75581322927,4.61585471971,-2.06983996941,0.5,-0.0252655111253,-0.0,-1.04379905744,1.81372217926,2.59706883916,map_000000102.png
1.72862938232,4.57147001983,-2.06983854994,0.5,-0.0252655111253,-0.0,-1.04379905744,1.81372217926,2.59706883916,map_000000103.png
1.70250073701,4.52878286559,-2.06983041441,0.5,-0.0252655111253,-0.0,-1.04379905744,1.81372217926,2.59706883916,map_000000104.png
1.67635334736,4.48611497083,-2.06983544006,0.5,-0.0252655111253,-0.0,-1.04379905744,1.81372217926,2.59706883916,map_000000105.png
1.64916970148,4.44173014801,-2.06983406643,0.5,-0.0252655111253,-0.0,-1.04379905744,1.81372217926,2.59706883916,map_000000106.png
1.62304125222,4.39904287436,-2.0698264295,0.5,-0.0252655111253,-0.0,-1.04379905744,1.81372217926,2.59706883916,map_000000107.png
1.59584817468,4.35466710774,-2.0698307847,0.5,-0.0252655111253,-0.0,-1.04379905744,1.81372217926,2.59706883916,map_000000108.png
1.56971060578,4.31198991835,-2.06982955717,0.5,-0.0252655111253,-0.0,-1.04379905744,1.81372217926,2.59706883916,map_000000109.png
1.54358234662,4.26930252779,-2.06982165056,0.5,-0.0252655111253,-0.0,-1.04379905744,1.81372217926,2.59706883916,map_000000110.png
1.51638947118,4.22492663752,-2.06982659526,0.5,-0.0252655111253,-0.0,-1.04379905744,1.81372217926,2.59706883916,map_000000111.png
1.4902520916,4.18224933122,-2.06982508872,0.5,-0.0252655111253,-0.0,-1.04379905744,1.81372217926,2.59706883916,map_000000112.png
1.46412401912,4.13956182626,-2.06981691777,0.5,-0.0252655111253,-0.0,-1.04379905744,1.81372217926,2.59706883916,map_000000113.png
1.43693134283,4.09518581434,-2.06982214464,0.5,-0.0252655111253,-0.0,-1.04379905744,1.81372217926,2.59706883916,map_000000114.png
1.4107941536,4.05250839268,-2.06982059464,0.5,-0.0252655111253,-0.0,-1.04379905744,1.81372217926,2.59706883916,map_000000115.png
1.38466627473,4.00982076871,-2.06981266961,0.5,-0.0252655111253,-0.0,-1.04379905744,1.81372217926,2.59706883916,map_000000116.png
1.35747379347,3.96544463762,-2.06981747627,0.5,-0.0252655111253,-0.0,-1.04379905744,1.81372217926,2.59706883916,map_000000117.png
1.33133679646,3.9227670972,-2.06981609007,0.5,-0.0252655111253,-0.0,-1.04379905744,1.81372217926,2.59706883916,map_000000118.png
1.30520910959,3.88007935617,-2.06980816212,0.5,-0.0252655111253,-0.0,-1.04379905744,1.81372217926,2.59706883916,map_000000119.png
1.27801683136,3.83570310058,-2.06981330067,0.5,-0.0252655111253,-0.0,-1.04379905744,1.81372217926,2.59706883916,map_000000120.png
1.2518800262,3.7930254433,-2.06981159845,0.5,-0.0252655111253,-0.0,-1.04379905744,1.81372217926,2.59706883916,map_000000121.png
1.2246977187,3.74864014755,-2.06980993794,0.5,-0.0252655111253,-0.0,-1.04379905744,1.81372217926,2.59706883916,map_000000122.png
1.19856045403,3.70596120592,-2.06980847375,0.5,-0.0252655111253,-0.0,-1.04379905744,1.81372217926,2.59706883916,map_000000123.png
1.17242384236,3.66328343028,-2.06980709417,0.5,-0.0252655111253,-0.0,-1.04379905744,1.81372217926,2.59706883916,map_000000124.png
1.14524173457,3.61889801187,-2.06980541696,0.5,-0.0252655111253,-0.0,-1.04379905744,1.81372217926,2.59706883916,map_000000125.png
1.11910466136,3.57621895308,-2.0698038133,0.5,-0.0252655111253,-0.0,-1.04379905744,1.81372217926,2.59706883916,map_000000126.png
1.09296824471,3.53354105772,-2.06980259167,0.5,-0.0252655111253,-0.0,-1.04379905744,1.81372217926,2.59706883916,map_000000127.png
1.09296824471,3.53354105772,-2.06980259167,0.5,-0.0252655111253,-0.0,-1.04379905744,1.81372217926,2.59706883916,map_000000128.png
1.06578633764,3.48915551674,-2.06980096042,0.5,-0.0252655111253,-0.0,-1.04379905744,1.81372217926,2.59706883916,map_000000129.png
1.01351323079,3.40379832859,-2.06979812222,0.5,-0.0252655111253,-0.0,-1.04379905744,1.81372217926,2.59706883916,map_000000130.png
1.01351323079,3.40379832859,-2.06979812222,0.5,-0.0252655111253,-0.0,-1.04379905744,1.81372217926,2.59706883916,map_000000131.png
0.98633152123,3.35941266585,-2.06979645658,0.5,-0.0252655111253,-0.0,-1.04379905744,1.81372217926,2.59706883916,map_000000132.png
0.960194831485,3.31673337201,-2.06979515947,0.5,-0.0252655111253,-0.0865428596735,-1.04379905744,1.81372217926,2.59706883916,map_000000133.png
0.933024749554,3.27234041205,-2.07319038496,0.5,-0.0252655111253,-0.370250552893,-1.04379905744,1.81372217926,2.59706883916,map_000000134.png
0.906659884586,3.22981570984,-2.08616540761,0.5,-0.0252655111253,-0.544091641903,-1.04379905744,1.81372217926,2.59706883916,map_000000135.png
0.879390509497,3.18787432713,-2.12257585306,0.5,-0.0252655111253,-0.544091641903,-1.04379905744,1.81372217926,2.59706883916,map_000000136.png
0.849422606351,3.14535062505,-2.17000395985,0.5,-0.0252655111253,-0.836916744709,-1.04379905744,1.81372217926,2.59706883916,map_000000137.png
0.818358917615,3.10616249662,-2.2465572114,0.5,-0.0252655111253,-1.0,-1.04379905744,1.81372217926,2.59706883916,map_000000138.png
0.784254996377,3.0695985995,-2.33846820306,0.5,-0.0252655111253,-1.0,-1.04379905744,1.81372217926,2.59706883916,map_000000139.png
0.745244827385,3.03522361265,-2.44073393011,0.5,-0.0252655111253,-1.0,-1.04379905744,1.81372217926,2.59706883916,map_000000140.png
0.70459583652,3.00610547201,-2.539076459,0.5,-0.0252655111253,-0.992484807968,-1.04379905744,1.81372217926,2.59706883916,map_000000141.png
0.661317340479,2.98108983808,-2.63739849333,0.5,-0.0252655111253,-0.0,-1.04379905744,1.81372217926,2.59706883916,map_000000142.png
0.613908303018,2.95971584417,-2.73892546242,0.5,-0.0252655111253,-0.0,-1.04379905744,1.81372217926,2.59706883916,map_000000143.png
0.566700448342,2.94317671586,-2.76233310827,0.5,-0.0252655111253,-0.0,-1.04379905744,1.81372217926,2.59706883916,map_000000144.png
0.517444014895,2.92637329023,-2.76232543678,0.5,-0.0252655111253,-0.0,-1.04379905744,1.81372217926,2.59706883916,map_000000145.png
0.470091804893,2.9102059146,-2.76231207139,0.5,-0.0252655111253,-0.0,-1.04379905744,1.81372217926,2.59706883916,map_000000146.png
0.42272047193,2.89405796031,-2.76231071705,0.5,-0.0914716050029,-0.0,-1.04379905744,1.81372217926,2.59706883916,map_000000147.png
0.373366409906,2.87749928068,-2.7623030167,0.5,-0.0914716050029,-0.0,-1.04379905744,1.81372217926,2.59706883916,map_000000148.png
0.323564150522,2.86747797899,-2.76229041268,0.5,-0.0914716050029,-0.0,-1.04379905744,1.81372217926,2.59706883916,map_000000149.png
0.27374272346,2.85747604262,-2.76228958702,0.5,-0.0914716050029,-0.0,-1.04379905744,1.81372217926,2.59706883916,map_000000150.png
0.221938512557,2.84706342845,-2.76228255433,0.5,-0.0914716050029,1.0,-1.04379905744,1.81372217926,2.59706883916,map_000000151.png
0.17207900423,2.83696674293,-2.71899196171,0.5,-0.0914716050029,1.0,-1.04379905744,1.81372217926,2.59706883916,map_000000152.png
0.122942421343,2.82335355979,-2.62066908889,0.5,-0.0914716050029,-0.0,-1.04379905744,1.81372217926,2.59706883916,map_000000153.png
0.0735424261684,2.80411985698,-2.52234524843,0.5,-0.0914716050029,-0.0,-1.04379905744,1.81372217926,2.59706883916,map_000000154.png
0.0275285710506,2.78255959317,-2.52234646727,0.5,-0.0914716050029,-0.0,-1.04379905744,1.81372217926,2.59706883916,map_000000155.png
-0.020319063477,2.76013276322,-2.52234427708,0.5,-0.0914716050029,-0.0,-1.04379905744,1.81372217926,2.59706883916,map_000000156.png
-0.066327177489,2.738568063,-2.52234260759,0.5,-0.0914716050029,-0.0,-1.04379905744,1.81372217926,2.59706883916,map_000000157.png
-0.112334022502,2.71700393285,-2.52234079326,0.5,-0.0914716050029,-0.0,-1.04379905744,1.81372217926,2.59706883916,map_000000158.png
-0.160178563683,2.69458001995,-2.522339385,0.5,-0.0914716050029,-0.0,-1.04379905744,1.81372217926,2.59706883916,map_000000159.png
-0.206195890037,2.67300545005,-2.52233654944,0.5,-0.0914716050029,-0.0,-1.04379905744,1.81372217926,2.59706883916,map_000000160.png
-0.252196091818,2.65144758724,-2.5223352814,0.5,-0.0914716050029,-0.0,-1.04379905744,1.81372217926,2.59706883916,map_000000161.png
-0.300043475015,2.62902022267,-2.5223330829,0.5,-0.0914716050029,-0.0,-1.04379905744,1.81372217926,2.59706883916,map_000000162.png
-0.346051348426,2.60745501003,-2.52233140249,0.5,-0.0914716050029,-0.0,-1.04379905744,1.81372217926,2.59706883916,map_000000163.png
-0.392057951604,2.58589036462,-2.5223296087,0.5,-0.0914716050029,-0.0,-1.04379905744,1.81372217926,2.59706883916,map_000000164.png
-0.439902242225,2.56346591702,-2.52232825444,0.5,-0.0914716050029,-0.0,-1.04379905744,1.81372217926,2.59706883916,map_000000165.png
-0.485919329787,2.54189083446,-2.52232514302,0.5,-0.0914716050029,-0.0,-1.04379905744,1.81372217926,2.59706883916,map_000000166.png
-0.533749951526,2.51946008973,-2.52231722014,0.5,-0.0914716050029,-0.0,-1.04379905744,1.81372217926,2.59706883916,map_000000167.png
-0.579766420816,2.49790455567,-2.52232191283,0.176637321711,-0.0,-0.0,-1.04379905744,1.81372217926,2.59706883916,map_000000168.png
-0.603000964506,2.48448684223,-2.52232101728,-0.0,-0.0,-0.0,-1.04379905744,1.81372217926,2.59706883916,map_000000169.png
-0.610486491509,2.47914849725,-2.52231939973,-0.0,-0.0,-0.0,-1.04379905744,1.81372217926,2.59706883916,map_000000170.png
-0.610474095287,2.47916086351,-2.52232101241,-0.0,-0.0,-0.0,-1.04379905744,1.81372217926,2.59706883916,map_000000171.png
-0.610484043276,2.47915092201,-2.52231991703,-0.0,-0.0,-0.0,-1.04379905744,1.81372217926,2.59706883916,map_000000172.png
-0.610467706364,2.47914786674,-2.52231413883,-0.0,-0.0,-0.0,-1.04379905744,1.81372217926,2.59706883916,map_000000173.png
-0.610477395733,2.4791575264,-2.52232060415,-0.0,-0.0,-0.0,-1.04379905744,1.81372217926,2.59706883916,map_000000174.png
-0.610477405269,2.47915748985,-2.52232068608,-0.0,-0.0,-0.0,-1.04379905744,1.81372217926,2.59706883916,map_000000175.png
-0.610486507973,2.47914841959,-2.52231958459,-0.0,-0.0,-0.0,-1.04379905744,1.81372217926,2.59706883916,map_000000176.png
-0.610474113112,2.47916078746,-2.52232097409,-0.0,-0.0,-0.0,-1.04379905744,1.81372217926,2.59706883916,map_000000177.png
-0.610477441022,2.47915750118,-2.52232057231,-0.0,-0.0,0.163106173277,-1.04379905744,1.81372217926,2.59706883916,map_000000178.png
-0.610467723577,2.47914778948,-2.52231436682,-0.0,-0.0,0.163106173277,-1.04379905744,1.81372217926,2.59706883916,map_000000179.png
-0.610561537048,2.47927709113,-2.50692279889,-0.0,-0.0,1.0,-1.04379905744,1.81372217926,2.59706883916,map_000000180.png
-0.611006894893,2.4798409053,-2.4276743489,-0.0,-0.0,1.0,-1.04379905744,1.81372217926,2.59706883916,map_000000181.png
-0.611668447918,2.48053680549,-2.32934261021,-0.0,-0.0,1.0,-1.04379905744,1.81372217926,2.59706883916,map_000000182.png
-0.612365141836,2.48113858797,-2.23099219463,-0.0,-0.0,-0.0,-1.04379905744,1.81372217926,2.59706883916,map_000000183.png
-0.613078306797,2.48165412031,-2.14447666788,-0.0,-0.0,-0.0,-1.04379905744,1.81372217926,2.59706883916,map_000000184.png
-0.613088002165,2.48164486838,-2.14447780134,-0.0,-0.0,-0.0,-1.04379905744,1.81372217926,2.59706883916,map_000000185.png
-0.613075626301,2.48165725348,-2.14447634189,-0.0,-0.0,-0.0,-1.04379905744,1.81372217926,2.59706883916,map_000000186.png
-0.613078943677,2.48165396626,-2.14447679282,-0.0,-0.0,-0.0,-1.04379905744,1.81372217926,2.59706883916,map_000000187.png
-0.613069399231,2.48164439717,-2.14447076339,-0.0,-0.0,-0.0,-1.04379905744,1.81372217926,2.59706883916,map_000000188.png
-0.613078912375,2.48165391164,-2.14447674038,-0.0,-0.0,-0.0,-1.04379905744,1.81372217926,2.59706883916,map_000000189.png
-0.613078880059,2.48165395144,-2.14447676056,0.0986053049564,-0.0,-0.0,-1.04379905744,1.81372217926,2.59706883916,map_000000190.png
-0.613088013359,2.48164478499,-2.14447809859,0.5,-0.0,-0.0,-1.04379905744,1.81372217926,2.59706883916,map_000000191.png
-0.618649099766,2.47303724518,-2.14447769011,0.5,-0.0,-0.0,-1.04379905744,1.81372217926,2.59706883916,map_000000192.png
-0.641413059359,2.43780475765,-2.14447653815,0.5,-0.0,-0.0,-1.04379905744,1.81372217926,2.59706883916,map_000000193.png
-0.668529550842,2.39581561402,-2.14446924568,0.5,-0.0,-0.0,-1.04379905744,1.81372217926,2.59706883916,map_000000194.png
-0.696750336272,2.35216594449,-2.14447565858,0.5,-0.0,-0.0,-1.04379905744,1.81372217926,2.59706883916,map_000000195.png
-0.723875947606,2.3101869488,-2.14447524399,0.5,-0.0,-0.0,-1.04379905744,1.81372217926,2.59706883916,map_000000196.png
-0.751011035867,2.2681981962,-2.14447610743,0.5,-0.0,-0.0,-1.04379905744,1.81372217926,2.59706883916,map_000000197.png
-0.751011035867,2.2681981962,-2.14447610743,0.5,-0.0,-0.0,-1.04379905744,1.81372217926,2.59706883916,map_000000198.png
-0.779219628241,2.22454176098,-2.14447562143,0.5,-0.0,-0.0,-1.04379905744,1.81372217926,2.59706883916,map_000000199.png
-0.806338670913,2.18256927467,-2.14447431152,0.5,-0.0,-0.0,-1.04379905744,1.81372217926,2.59706883916,map_000000200.png
-0.833455067974,2.14058006983,-2.14446724705,0.5,-0.0,-0.0,-1.04379905744,1.81372217926,2.59706883916,map_000000201.png
-0.861675756956,2.09693033886,-2.1444734437,0.441480755806,-0.0,-0.0,-1.04379905744,1.81372217926,2.59706883916,map_000000202.png
-0.888039346211,2.05613043321,-2.14447305151,-0.0,-0.0,-0.0,-1.04379905744,1.81372217926,2.59706883916,map_000000203.png
-0.911987201047,2.01906724803,-2.14447236175,-0.0,-0.0,-0.0,-1.04379905744,1.81372217926,2.59706883916,map_000000204.png
-0.911997151399,2.01905726806,-2.14447386452,-0.0,-0.0,-0.0,-1.04379905744,1.81372217926,2.59706883916,map_000000205.png
-0.911990536375,2.01906393213,-2.14447281038,-0.0,-0.0,-0.0,-1.04379905744,1.81372217926,2.59706883916,map_000000206.png
-0.911990502609,2.01906389001,-2.14447281046,-0.0,-0.0,-0.0,-1.04379905744,1.81372217926,2.59706883916,map_000000207.png
-0.911990508164,2.01906384973,-2.14447285872,-0.0,-0.0,-0.0,-1.04379905744,1.81372217926,2.59706883916,map_000000208.png
-0.911990472537,2.01906391717,-2.14447280444,0.0773186460137,-0.0,-0.0,-1.04379905744,1.81372217926,2.59706883916,map_000000209.png
-0.912155023071,2.01880747534,-2.14447235678,0.488765358925,-0.0,-0.0,-1.04379905744,1.81372217926,2.59706883916,map_000000210.png
-0.916359626349,2.0123058936,-2.14447368498,0.488765358925,-0.0,-0.0,-1.04379905744,1.81372217926,2.59706883916,map_000000211.png
-0.939297524242,1.97680391772,-2.1444726098,0.5,-0.0,-0.0,-1.04379905744,1.81372217926,2.59706883916,map_000000212.png
-0.967288846504,1.93348473992,-2.14447199175,0.5,-0.0,-0.0,-1.04379905744,1.81372217926,2.59706883916,map_000000213.png
-0.994415046852,1.89150446226,-2.14447175006,0.5,-0.0,-0.0,-1.04379905744,1.81372217926,2.59706883916,map_000000214.png
-1.02263469882,1.84783694828,-2.14447232567,0.5,-0.0,-0.0,-1.04379905744,1.81372217926,2.59706883916,map_000000215.png
-1.04974812077,1.80586963395,-2.14447051418,0.5,-0.0,-0.0,-1.04379905744,1.81372217926,2.59706883916,map_000000216.png
-1.07688383667,1.76387995354,-2.14447189391,0.5,-0.0,-0.0,-1.04379905744,1.81372217926,2.59706883916,map_000000217.png
-1.10507827336,1.72021852742,-2.14446375386,0.214480265975,-0.0,-0.0,-1.04379905744,1.81372217926,2.59706883916,map_000000218.png
-1.12168033556,1.69454944194,-2.14446968884,-0.0,-0.0,-0.0,-1.04379905744,1.81372217926,2.59706883916,map_000000219.png
-1.12819643869,1.68446510965,-2.14446979278,-0.0,-0.0,-0.0,-1.04379905744,1.81372217926,2.59706883916,map_000000220.png
-1.12820553616,1.68445602485,-2.14447081914,-0.0,-0.0,-0.0,-1.04379905744,1.81372217926,2.59706883916,map_000000221.png
-1.12819316081,1.68446841136,-2.14446922656,-0.0,-0.0,-0.0,-1.04379905744,1.81372217926,2.59706883916,map_000000222.png
-1.12820309574,1.68445844774,-2.14447065932,-0.0,-0.0,-0.0,-1.04379905744,1.81372217926,2.59706883916,map_000000223.png
-1.12818693316,1.6844555548,-2.14446375004,-0.0,-0.0,-0.0,-1.04379905744,1.81372217926,2.59706883916,map_000000224.png
-1.1281964466,1.68446506937,-2.14446965743,-0.0,-0.0,-0.0,-1.04379905744,1.81372217926,2.59706883916,map_000000225.png
-1.1281964142,1.6844651091,-2.1444696868,-0.0,-0.0,-0.557824969292,-1.04379905744,1.81372217926,2.59706883916,map_000000226.png
-1.12807296319,1.68438425862,-2.15982834363,-0.0,-0.0,-1.0,-1.04379905744,1.81372217926,2.59706883916,map_000000227.png
-1.12761781376,1.68406224791,-2.21816012507,-0.0,-0.0,-1.0,-1.04379905744,1.81372217926,2.59706883916,map_000000228.png
-1.12687923856,1.68344951694,-2.3204432521,-0.0,-0.0,-1.0,-1.04379905744,1.81372217926,2.59706883916,map_000000229.png
-1.12623813658,1.68279370247,-2.41879524515,-0.0,-0.0,-1.0,-1.04379905744,1.81372217926,2.59706883916,map_000000230.png
-1.12563245923,1.68204057051,-2.5171238821,-0.0,-0.0,-1.0,-1.04379905744,1.81372217926,2.59706883916,map_000000231.png
-1.1250975513,1.68121680026,-2.61939628506,-0.0,-0.0,-1.0,-1.04379905744,1.81372217926,2.59706883916,map_000000232.png
-1.12466299029,1.68039689142,-2.71774309537,-0.0,-0.0,-1.0,-1.04379905744,1.81372217926,2.59706883916,map_000000233.png
-1.12431786605,1.67950072677,-2.81607391003,-0.0,-0.0,-1.0,-1.04379905744,1.81372217926,2.59706883916,map_000000234.png
-1.12404574747,1.67855328294,-2.91834406577,-0.0,-0.0,-1.0,-1.04379905744,1.81372217926,2.59706883916,map_000000235.png
-1.12387035266,1.67763155792,-3.01668469405,-0.0,-0.0,-1.0,-1.04379905744,1.81372217926,2.59706883916,map_000000236.png
-1.12379141588,1.67663204164,-3.11894305587,-0.0,-0.0,-0.736243784428,-1.04379905744,1.81372217926,2.59706883916,map_000000237.png
-1.12380758438,1.67583898312,3.08042614686,-0.0,-0.0,-0.626453459263,-1.04379905744,1.81372217926,2.59706883916,map_000000238.png
-1.12386815306,1.67519333312,3.01191105245,-0.0,-0.0,-0.0911206379533,-1.04379905744,1.81372217926,2.59706883916,map_000000239.png
-1.12394013896,1.67465945836,2.95838647423,-0.0,-0.0,-0.0,-1.04379905744,1.81372217926,2.59706883916,map_000000240.png
-1.12396558061,1.67458442928,2.94942300767,-0.0,-0.0,-0.0,-1.04379905744,1.81372217926,2.59706883916,map_000000241.png
-1.12397301002,1.67449093232,2.94046649035,-0.0,-0.0,-0.0,-1.04379905744,1.81372217926,2.59706883916,map_000000242.png
-1.12398488284,1.67449867885,2.94010399059,-0.0,-0.0,-0.960440397263,-1.04379905744,1.81372217926,2.59706883916,map_000000243.png
-1.12409538276,1.67400264093,2.8872132515,-0.0,-0.0,-1.0,-1.04379905744,1.81372217926,2.59706883916,map_000000244.png
-1.1243475865,1.67315379801,2.79134780522,-0.0,-0.0,-1.0,-1.04379905744,1.81372217926,2.59706883916,map_000000245.png
-1.12473028062,1.67225190633,2.6890741572,-0.0,-0.0,-1.0,-1.04379905744,1.81372217926,2.59706883916,map_000000246.png
-1.12518785967,1.67140624811,2.59074325494,-0.0,-0.0,-0.859805583954,-1.04379905744,1.81372217926,2.59706883916,map_000000247.png
-1.12574178818,1.6705929695,2.48847128428,-0.0,-0.0,-0.859805583954,-1.04379905744,1.81372217926,2.59706883916,map_000000248.png
-1.12626703842,1.66996008863,2.40115421617,-0.0,-0.0,-0.0,-1.04379905744,1.81372217926,2.59706883916,map_000000249.png
-1.12651570522,1.66969685827,2.36735097434,-0.0,-0.0,-0.0,-1.04379905744,1.81372217926,2.59706883916,map_000000250.png
-1.12651569153,1.66969684498,2.36735096484,-0.0,-0.0,-0.0,-1.04379905744,1.81372217926,2.59706883916,map_000000251.png
-1.12650574387,1.66968689771,2.36735100712,-0.0,-0.0,-0.0,-1.04379905744,1.81372217926,2.59706883916,map_000000252.png
-1.12651565272,1.66969680497,2.36735089054,-0.0,-0.0,-0.0,-1.04379905744,1.81372217926,2.59706883916,map_000000253.png
-1.1265156323,1.66969678439,2.36735088642,-0.0,-0.0,-0.0,-1.04379905744,1.81372217926,2.59706883916,map_000000254.png
-1.12650568466,1.66968683705,2.36735092261,-0.0,-0.0,-0.0,-1.04379905744,1.81372217926,2.59706883916,map_000000255.png
-1.12651559347,1.66969674434,2.3673508108,-0.0,-0.0,-0.0,-1.04379905744,1.81372217926,2.59706883916,map_000000256.png
-1.12651557314,1.66969672367,2.3673507933,-0.0,-0.0,-0.0,-1.04379905744,1.81372217926,2.59706883916,map_000000257.png
-1.12650562547,1.66968677637,2.3673508345,-0.0,-0.0,-0.0,-1.04379905744,1.81372217926,2.59706883916,map_000000258.png
-1.12651553432,1.66969668362,2.36735071758,0.0182081051171,-0.0,-0.0,-1.04379905744,1.81372217926,2.59706883916,map_000000259.png
-1.12651551389,1.66969666304,2.36735071317,0.0182081051171,-0.0,-0.0,-1.04379905744,1.81372217926,2.59706883916,map_000000260.png
-1.1275465808,1.67070475656,2.36735063093,0.186098054051,-0.0,-0.0,-1.04379905744,1.81372217926,2.59706883916,map_000000261.png
-1.1365789103,1.67953776498,2.36734956972,0.460383147001,0.0697653144598,-0.0,-1.04379905744,1.81372217926,2.59706883916,map_000000262.png
-1.15967973672,1.69822744891,2.36734731065,0.495860934258,0.0839564204216,-0.0,-1.04379905744,1.81372217926,2.59706883916,map_000000263.png
-1.19815303942,1.72570081228,2.36734458806,-0.0,-0.0,-0.0,-1.04379905744,1.81372217926,2.59706883916,map_000000264.png
-1.24111008758,1.75550266589,2.3673413072,-0.0,-0.0,-0.0,-1.04379905744,1.81372217926,2.59706883916,map_000000265.png
-1.24112002108,1.75551259822,2.36734122033,-0.0,-0.0,-0.0,-1.04379905744,1.81372217926,2.59706883916,map_000000266.png
-1.24111007346,1.75550265086,2.36734125364,-0.0,-0.0,-0.0,-1.04379905744,1.81372217926,2.59706883916,map_000000267.png
-1.24111007346,1.75550265086,2.36734125364,-0.0,-0.0,-0.0,-1.04379905744,1.81372217926,2.59706883916,map_000000268.png
-1.24111005323,1.75550263009,2.36734122165,-0.0,-0.0,-0.0,-1.04379905744,1.81372217926,2.59706883916,map_000000269.png
-1.24111001425,1.7555025902,2.36734116839,-0.0,-0.0,-0.0,-1.04379905744,1.81372217926,2.59706883916,map_000000270.png
-1.24111001425,1.7555025902,2.36734116839,-0.0,-0.0,-0.0,-1.04379905744,1.81372217926,2.59706883916,map_000000271.png
-1.24110999404,1.75550256941,2.36734113347,-0.0,-0.0,-0.109431743622,-1.04379905744,1.81372217926,2.59706883916,map_000000272.png
-1.24111990268,1.75551247687,2.36734104681,-0.0,-0.0,-0.109431743622,-1.04379905744,1.81372217926,2.59706883916,map_000000273.png
-1.24117091443,1.75544085219,2.35830194222,-0.0,-0.0,-0.237533181906,-1.04379905744,1.81372217926,2.59706883916,map_000000274.png
-1.24130734861,1.75532621736,2.33947823272,-0.0,-0.0,-0.557824969292,-1.04379905744,1.81372217926,2.59706883916,map_000000275.png
-1.24154579149,1.75510478548,2.30351352648,-0.0,-0.0,-0.0,-1.04379905744,1.81372217926,2.59706883916,map_000000276.png
-1.24187079682,1.75480395028,2.259640738,-0.0,-0.0,-0.0,-1.04379905744,1.81372217926,2.59706883916,map_000000277.png
-1.2418807314,1.75481389647,2.25964127439,-0.0,-0.0,-0.0,-1.04379905744,1.81372217926,2.59706883916,map_000000278.png
-1.2418707887,1.75480394556,2.25964061097,-0.0,-0.0,-0.0,-1.04379905744,1.81372217926,2.59706883916,map_000000279.png
-1.24187076769,1.75480392522,2.25964059589,-0.0,-0.0,-0.0,-1.04379905744,1.81372217926,2.59706883916,map_000000280.png
-1.24188067048,1.75481383686,2.25964118253,-0.0,-0.0,0.250045776367,-1.04379905744,1.81372217926,2.59706883916,map_000000281.png
-1.24180697359,1.75487472776,2.27046363318,-0.0,-0.0,0.414769440889,-1.04379905744,1.81372217926,2.59706883916,map_000000282.png
-1.24157781483,1.75505574067,2.29991783788,-0.0,-0.0,0.414769440889,-1.04379905744,1.81372217926,2.59706883916,map_000000283.png
-1.24130117427,1.75533212353,2.34070341059,-0.0,-0.0,0.414769440889,-1.04379905744,1.81372217926,2.59706883916,map_000000284.png
-1.24102088882,1.75561590691,2.38312386587,-0.0,-0.0,0.414769440889,-1.04379905744,1.81372217926,2.59706883916,map_000000285.png
-1.24076281053,1.75589963803,2.42391285562,-0.0,-0.0,0.428464621305,-1.04379905744,1.81372217926,2.59706883916,map_000000286.png
-1.24049579824,1.75621766123,2.46555253742,-0.0,-0.0,-0.0,-1.04379905744,1.81372217926,2.59706883916,map_000000287.png
-1.24034828032,1.75641044236,2.49083139823,-0.0,-0.0,-0.0,-1.04379905744,1.81372217926,2.59706883916,map_000000288.png
-1.24034664348,1.75640880766,2.49083150622,-0.0,-0.0,-0.0,-1.04379905744,1.81372217926,2.59706883916,map_000000289.png
-1.24033672188,1.7563988949,2.49083242428,-0.0,-0.0,-0.0,-1.04379905744,1.81372217926,2.59706883916,map_000000290.png
-1.24034665353,1.75640881562,2.4908315272,-0.0,-0.0,-0.0,-1.04379905744,1.81372217926,2.59706883916,map_000000291.png
-1.24033673218,1.75639890251,2.49083240108,-0.0,-0.0,-0.0,-1.04379905744,1.81372217926,2.59706883916,map_000000292.png
-1.24034832607,1.75641048123,2.4908314055,-0.0,-0.0,-0.0,-1.04379905744,1.81372217926,2.59706883916,map_000000293.png
-1.2403367422,1.75639891039,2.49083241742,-0.0,-0.0,-0.0,-1.04379905744,1.81372217926,2.59706883916,map_000000294.png
-1.24034833628,1.7564104889,2.49083139295,-0.0,-0.0,-0.0,-1.04379905744,1.81372217926,2.59706883916,map_000000295.png
-1.24033675247,1.75639891804,2.4908323982,-0.0,-0.0,-0.0,-1.04379905744,1.81372217926,2.59706883916,map_000000296.png
-1.24034834641,1.7564104967,2.49083139568,-0.0,-0.0,-0.0,-1.04379905744,1.81372217926,2.59706883916,map_000000297.png
-1.24034668814,1.75640884336,2.49083162671,-0.0,-0.0,-0.0,-1.04379905744,1.81372217926,2.59706883916,map_000000298.png
-1.24034835638,1.7564105047,2.49083142383,-0.0,-0.0,-0.0,-1.04379905744,1.81372217926,2.59706883916,map_000000299.png
-1.24034669887,1.75640885035,2.49083152368,-0.0,-0.0,-0.0,-1.04379905744,1.81372217926,2.59706883916,map_000000300.png
-1.24033677725,1.75639893751,2.49083243814,-0.0,-0.0,-0.0,-1.04379905744,1.81372217926,2.59706883916,map_000000301.png
-1.24034670848,1.75640885883,2.49083161649,-0.0,-0.0,-0.0,-1.04379905744,1.81372217926,2.59706883916,map_000000302.png
-1.2403367879,1.75639894476,2.4908323605,-0.0,-0.0,-0.0,-1.04379905744,1.81372217926,2.59706883916,map_000000303.png
-1.24034838152,1.75641052378,2.49083140828,-0.0,-0.0,-0.0,-1.04379905744,1.81372217926,2.59706883916,map_000000304.png
-1.24033679754,1.75639895304,2.49083243544,-0.0,-0.0,-0.0,-1.04379905744,1.81372217926,2.59706883916,map_000000305.png
-1.24034839165,1.75641053157,2.4908314099,-0.0,-0.0,-0.0,-1.04379905744,1.81372217926,2.59706883916,map_000000306.png
-1.24033680781,1.75639896069,2.49083241609,-0.0,-0.0,-0.0,-1.04379905744,1.81372217926,2.59706883916,map_000000307.png
-1.24034840192,1.75641053917,2.49083138743,-0.0,-0.0,-0.0,-1.04379905744,1.81372217926,2.59706883916,map_000000308.png
-1.2403467439,1.75640888551,2.49083157583,-0.0,-0.0,-0.0,-1.04379905744,1.81372217926,2.59706883916,map_000000309.png
-1.24034841202,1.756410547,2.49083139442,-0.0,-0.0,-0.0,-1.04379905744,1.81372217926,2.59706883916,map_000000310.png
-1.24034675423,1.75640889304,2.49083154408,-0.0,-0.0,-0.0,-1.04379905744,1.81372217926,2.59706883916,map_000000311.png
-1.24033683262,1.75639898014,2.49083245226,-0.0,0.223464161158,-0.0,-1.04379905744,1.81372217926,2.59706883916,map_000000312.png
-1.24467678373,1.7507220283,2.49083147589,-0.0,0.230559706688,-0.0,-1.04379905744,1.81372217926,2.59706883916,map_000000313.png
-1.25824995705,1.73287261228,2.4908332152,-0.0,-0.0,-0.0,-1.04379905744,1.81372217926,2.59706883916,map_000000314.png
-1.27222273957,1.71454809222,2.49083245839,-0.0,-0.0,-0.0,-1.04379905744,1.81372217926,2.59706883916,map_000000315.png
-1.27388648668,1.71233619565,2.49083357187,-0.0,-0.0,-0.0,-1.04379905744,1.81372217926,2.59706883916,map_000000316.png
-1.27389808067,1.71234777426,2.49083256128,-0.0,-0.0,-0.0,-1.04379905744,1.81372217926,2.59706883916,map_000000317.png
-1.27388649635,1.71233620389,2.49083364119,-0.0,-0.0701849386096,-0.0,-1.04379905744,1.81372217926,2.59706883916,map_000000318.png
-1.27253807926,1.71413396922,2.49083246151,-0.0,-0.335028380156,-0.0,-1.04379905744,1.81372217926,2.59706883916,map_000000319.png
-1.2663620823,1.7222414621,2.49083239297,0.110431224108,-0.401234477758,-0.0,-1.04379905744,1.81372217926,2.59706883916,map_000000320.png
-1.24526503853,1.74995333817,2.49083132341,0.164811402559,-0.410695225,-0.0,-1.04379905744,1.81372217926,2.59706883916,map_000000321.png
-1.22955894209,1.78806980108,2.49083032088,0.164811402559,-0.410695225,-0.0,-1.04379905744,1.81372217926,2.59706883916,map_000000322.png
-1.21688666174,1.82973089969,2.49082972806,0.179002508521,-0.410695225,-0.0,-1.04379905744,1.81372217926,2.59706883916,map_000000323.png
-1.20525114002,1.8745348622,2.49082815901,0.188463240862,-0.410695225,-0.0,-1.04379905744,1.81372217926,2.59706883916,map_000000324.png
-1.19487867243,1.91823236692,2.49082751703,0.188463240862,-0.410695225,-0.0,-1.04379905744,1.81372217926,2.59706883916,map_000000325.png
-1.18500920519,1.9623180106,2.49082589846,-0.0,-0.0,-0.0,-1.04379905744,1.81372217926,2.59706883916,map_000000326.png
-1.17472137895,2.00814308376,2.4908252774,-0.0,-0.0,-0.0,-1.04379905744,1.81372217926,2.59706883916,map_000000327.png
-1.17433769698,2.00991782171,2.49082473122,-0.0,-0.0,-0.0,-1.04379905744,1.81372217926,2.59706883916,map_000000328.png
-1.17433603959,2.00991616721,2.49082481081,-0.0,-0.0,-0.0,-1.04379905744,1.81372217926,2.59706883916,map_000000329.png
-1.17433770719,2.00991782938,2.49082471842,-0.0,-0.0,-0.0,-1.04379905744,1.81372217926,2.59706883916,map_000000330.png
-1.17433604957,2.0099161752,2.49082483881,-0.0,-0.0,-0.0,-1.04379905744,1.81372217926,2.59706883916,map_000000331.png
-1.17433771728,2.00991783721,2.49082472597,-0.0,-0.0,-0.0,-1.04379905744,1.81372217926,2.59706883916,map_000000332.png
-1.17433605944,2.00991618333,2.4908248853,-0.0,-0.0,-0.0,-1.04379905744,1.81372217926,2.59706883916,map_000000333.png
-1.17432613848,2.00990626975,2.49082569434,-0.0,-0.0,-0.0,-1.04379905744,1.81372217926,2.59706883916,map_000000334.png
-1.17433607018,2.00991619031,2.49082478032,-0.0437292084098,0.214003413916,-0.0,-1.04379905744,1.81372217926,2.59706883916,map_000000335.png
-1.18001476959,1.99810596446,2.49082610357,-0.135933250189,0.256576746702,-0.0,-1.04379905744,1.81372217926,2.59706883916,map_000000336.png
-1.18779570095,1.97522140215,2.4908253627,-0.0649967938662,0.218733787537,-0.0,-1.04379905744,1.81372217926,2.59706883916,map_000000337.png
-1.19336928128,1.94688919854,2.49082731999,-0.0,-0.0,-0.0,-1.04379905744,1.81372217926,2.59706883916,map_000000338.png
-1.20145698344,1.92556944763,2.49082666591,-0.0,-0.0,-0.0,-1.04379905744,1.81372217926,2.59706883916,map_000000339.png
-1.20145698344,1.92556944763,2.49082666591,-0.0,-0.0,-0.0,-1.04379905744,1.81372217926,2.59706883916,map_000000340.png
-1.20177829146,1.92471471821,2.49082680457,-0.0,-0.0,-0.0,-1.04379905744,1.81372217926,2.59706883916,map_000000341.png
-1.20177995908,1.92471638035,2.49082670751,-0.0,-0.0,-0.0,-1.04379905744,1.81372217926,2.59706883916,map_000000342.png
-1.20177830133,1.92471472634,2.49082685032,-0.0,-0.0,-0.0,-1.04379905744,1.81372217926,2.59706883916,map_000000343.png
-1.20177996937,1.92471638793,2.49082668201,-0.0,-0.0,-0.0,-1.04379905744,1.81372217926,2.59706883916,map_000000344.png
-1.20177831135,1.92471473426,2.49082687054,-0.0,-0.0,-0.0,-1.04379905744,1.81372217926,2.59706883916,map_000000345.png
-1.20176839041,1.92470482062,2.49082767413,-0.0,-0.0,-0.0,-1.04379905744,1.81372217926,2.59706883916,map_000000346.png
-1.20177832168,1.92471474179,2.49082683814,-0.0,-0.0,-0.0,-1.04379905744,1.81372217926,2.59706883916,map_000000347.png
-1.20176840044,1.9247048285,2.49082769029,-0.0,-0.0,-0.0,-1.04379905744,1.81372217926,2.59706883916,map_000000348.png
-1.20177999451,1.92471640701,2.49082666642,-0.0,-0.0,-0.0,-1.04379905744,1.81372217926,2.59706883916,map_000000349.png
-1.20176841071,1.92470483614,2.49082767101,-0.0,-0.0,-0.0,-1.04379905744,1.81372217926,2.59706883916,map_000000350.png
-1.20178000462,1.92471641482,2.49082667141,-0.0,-0.0,-0.0,-1.04379905744,1.81372217926,2.59706883916,map_000000351.png
-1.20177834637,1.92471476147,2.49082690079,-0.0,-0.0,-0.0,-1.04379905744,1.81372217926,2.59706883916,map_000000352.png
-1.2017800146,1.92471642281,2.49082669806,-0.0,-0.0,-0.0,-1.04379905744,1.81372217926,2.59706883916,map_000000353.png
-1.20177835711,1.92471476846,2.49082679684,-0.0,-0.0,-0.0,-1.04379905744,1.81372217926,2.59706883916,map_000000354.png
-1.20178002501,1.92471643023,2.49082665291,-0.0,-0.0,-0.0,-1.04379905744,1.81372217926,2.59706883916,map_000000355.png
-1.20177836671,1.92471477694,2.49082688933,-0.0484595783055,-0.0,-0.0,-1.04379905744,1.81372217926,2.59706883916,map_000000356.png
-1.20099768636,1.92411799724,2.49082768043,-0.180871754885,0.0248458813876,-0.0,-1.04379905744,1.81372217926,2.59706883916,map_000000357.png
-1.19699958427,1.92107614797,2.49082679235,-0.249443039298,0.0248458813876,-0.0,-1.04379905744,1.81372217926,2.59706883916,map_000000358.png
-1.18410976059,1.90813780373,2.49082782864,-0.249443039298,0.0248458813876,-0.0,-1.04379905744,1.81372217926,2.59706883916,map_000000359.png
-1.16687874026,1.89189912809,2.49082681286,-0.27072969079,0.0248458813876,-0.0,-1.04379905744,1.81372217926,2.59706883916,map_000000360.png
-1.14671725153,1.87329881723,2.49082792845,-0.0,-0.0,-0.0,-1.04379905744,1.81372217926,2.59706883916,map_000000361.png
-1.13471318491,1.8622886176,2.49082688386,-0.0,-0.0,-0.0,-1.04379905744,1.81372217926,2.59706883916,map_000000362.png
