
1.50405276728,2.43463397006,2.98720514255,-0.0,0.00355922128074,-0.0,-1.3090701918,2.54677200323,3.07632432324,map_000000025.png
1.50404296819,2.43449755489,2.98720899754,-0.0,-0.0,-0.0,-1.3090701918,2.54677200323,3.07632432324,map_000000026.png
1.50398710246,2.43421212906,2.98720516707,-0.0,-0.0,-0.0,-1.3090701918,2.54677200323,3.07632432324,map_000000027.png
1.50398525132,2.4342139638,2.98720446616,0.0394947677851,-0.0,-0.0,-1.3090701918,2.54677200323,3.07632432324,map_000000028.png
1.50398708744,2.43421213432,2.98720522359,0.0394947677851,-0.0,-0.0,-1.3090701918,2.54677200323,3.07632432324,map_000000029.png
1.50070854043,2.43472390163,2.98720451133,0.5,-0.0,-0.0,-1.3090701918,2.54677200323,3.07632432324,map_000000030.png
1.46573498122,2.44015677718,2.98720937991,0.5,-0.134044930339,-0.0,-1.3090701918,2.54677200323,3.07632432324,map_000000031.png
1.41732785794,2.45420878157,2.98720431641,0.5,-0.134044930339,-0.0,-1.3090701918,2.54677200323,3.07632432324,map_000000032.png
1.41732785794,2.45420878157,2.98720431641,0.5,-0.134044930339,-0.0,-1.3090701918,2.54677200323,3.07632432324,map_000000033.png
1.36812305638,2.47595881894,2.98720878027,0.5,-0.134044930339,-0.0,-1.3090701918,2.54677200323,3.07632432324,map_000000034.png
1.31889660358,2.49773042865,2.98720430411,0.5,-0.134044930339,-0.0,-1.3090701918,2.54677200323,3.07632432324,map_000000035.png
1.27158256192,2.5186454726,2.987208037,0.5,-0.134044930339,-0.0,-1.3090701918,2.54677200323,3.07632432324,map_000000036.png
1.22235612236,2.54041711848,2.98720362506,0.5,-0.134044930339,-0.0,-1.3090701918,2.54677200323,3.07632432324,map_000000037.png
1.17313721352,2.56218095289,2.98720248588,0.5,-0.0536477230489,-0.0,-1.3090701918,2.54677200323,3.07632432324,map_000000038.png
1.12512364082,2.57865712611,2.98720284522,0.5,-0.0,-0.0,-1.3090701918,2.54677200323,3.07632432324,map_000000039.png
1.074289655,2.59004310601,2.98720197087,0.5,-0.0,-0.0,-1.3090701918,2.54677200323,3.07632432324,map_000000040.png
1.02294208474,2.59802434302,2.98720698806,0.5,-0.0,-0.0,-1.3090701918,2.54677200323,3.07632432324,map_000000041.png
0.97354599031,2.60572156973,2.98720202378,0.5,-0.0,-0.0,-1.3090701918,2.54677200323,3.07632432324,map_000000042.png
0.922198419707,2.61370280724,2.98720692791,0.5,-0.0,-0.0,-1.3090701918,2.54677200323,3.07632432324,map_000000043.png
0.870829190282,2.62170559612,2.98720269414,0.5,0.0579393915832,-0.0,-1.3090701918,2.54677200323,3.07632432324,map_000000044.png
0.820884773932,2.62571880097,2.9872071515,0.5,0.100512713194,-0.0,-1.3090701918,2.54677200323,3.07632432324,map_000000045.png
0.768275230064,2.62575177266,2.9872029974,0.5,0.211638227105,-0.0,-1.3090701918,2.54677200323,3.07632432324,map_000000046.png
0.714760070114,2.61990959671,2.98720271681,0.5,0.221098974347,-0.0,-1.3090701918,2.54677200323,3.07632432324,map_000000047.png
0.662107651866,2.60657810353,2.98720403972,0.5,0.237655267119,-0.0,-1.3090701918,2.54677200323,3.07632432324,map_000000048.png
0.607211430112,2.59186157414,2.98720384811,0.5,0.237655267119,-0.0,-1.3090701918,2.54677200323,3.07632432324,map_000000049.png
0.552085145165,2.57556188781,2.98720972027,0.5,0.237655267119,-0.0,-1.3090701918,2.54677200323,3.07632432324,map_000000050.png
0.499036069027,2.55978606472,2.98720511834,0.5,0.266037464142,-0.0,-1.3090701918,2.54677200323,3.07632432324,map_000000051.png
0.443627694371,2.54167353914,2.98721096736,0.495860934258,0.280209511518,-0.0,-1.3090701918,2.54677200323,3.07632432324,map_000000052.png
0.388089757076,2.52170521865,2.98720729011,0.486400187016,0.280209511518,-0.0,-1.3090701918,2.54677200323,3.07632432324,map_000000053.png
0.332898094473,2.50081561486,2.98720728227,0.486400187016,0.280209511518,-0.0,-1.3090701918,2.54677200323,3.07632432324,map_000000054.png
0.278468225083,2.47979641114,2.98721332584,0.486400187016,0.280209511518,-0.0,-1.3090701918,2.54677200323,3.07632432324,map_000000055.png
0.22610836357,2.45960833,2.98720879939,0.486400187016,0.280209511518,-0.0,-1.3090701918,2.54677200323,3.07632432324,map_000000056.png
0.171678525678,2.43858904325,2.98721476173,0.486400187016,0.280209511518,-0.0,-1.3090701918,2.54677200323,3.07632432324,map_000000057.png
0.117227050174,2.41759125795,2.98721108222,0.486400187016,0.280209511518,-0.0,-1.3090701918,2.54677200323,3.07632432324,map_000000058.png
0.064888888823,2.39738151408,2.98721629049,0.486400187016,0.280209511518,-0.0,-1.3090701918,2.54677200323,3.07632432324,map_000000059.png
0.0104374452668,2.37638364807,2.98721255469,0.486400187016,0.280209511518,-0.0,-1.3090701918,2.54677200323,3.07632432324,map_000000060.png
-0.0440065586041,2.35537741803,2.9872125573,0.486400187016,0.280209511518,-0.0,-1.3090701918,2.54677200323,3.07632432324,map_000000061.png
-0.0963520950408,2.33517587446,2.98721403102,0.486400187016,0.280209511518,-0.0,-1.3090701918,2.54677200323,3.07632432324,map_000000062.png
-0.150796068079,2.31416956338,2.98721411085,0.486400187016,0.280209511518,-0.0,-1.3090701918,2.54677200323,3.07632432324,map_000000063.png
-0.205225793755,2.29314998709,2.98722011027,0.486400187016,0.280209511518,-0.0,-1.3090701918,2.54677200323,3.07632432324,map_000000064.png
-0.257585516815,2.27296154845,2.98721562525,0.493495732546,0.190370649099,-0.0,-1.3090701918,2.54677200323,3.07632432324,map_000000065.png
-0.311716020313,2.2558940632,2.98722150865,0.5,0.0201155133545,-0.0,-1.3090701918,2.54677200323,3.07632432324,map_000000066.png
-0.364986353357,2.24829727416,2.98721739007,0.5,-0.0,-0.0,-1.3090701918,2.54677200323,3.07632432324,map_000000067.png
-0.414657702299,2.25406491223,2.98722168958,0.5,-0.0,-0.0,-1.3090701918,2.54677200323,3.07632432324,map_000000068.png
-0.466027049313,2.2620669422,2.98721748705,0.5,-0.0,-0.0,-1.3090701918,2.54677200323,3.07632432324,map_000000069.png
-0.466027049313,2.2620669422,2.98721748705,0.5,-0.0,-0.0,-1.3090701918,2.54677200323,3.07632432324,map_000000070.png
-0.517388913204,2.27006098363,2.98721677054,0.5,-0.0323610641062,-0.0,-1.3090701918,2.54677200323,3.07632432324,map_000000071.png
-0.566770945061,2.27774391655,2.98721744736,0.5,-0.0323610641062,-0.0,-1.3090701918,2.54677200323,3.07632432324,map_000000072.png
-0.617874170107,2.2874000225,2.98721677124,0.5,-0.0418218038976,-0.0,-1.3090701918,2.54677200323,3.07632432324,map_000000073.png
-0.668658060424,2.29900360299,2.98722151931,0.5,-0.108027890325,-0.0,-1.3090701918,2.54677200323,3.07632432324,map_000000074.png
-0.717289367755,2.31161548551,2.98721653862,0.5,-0.108027890325,-0.0,-1.3090701918,2.54677200323,3.07632432324,map_000000075.png
-0.766910301193,2.33069248087,2.98722104912,0.5,-0.108027890325,-0.0,-1.3090701918,2.54677200323,3.07632432324,map_000000076.png
-0.816552887348,2.3497910436,2.98721660678,0.5,-0.117488630116,-0.0,-1.3090701918,2.54677200323,3.07632432324,map_000000077.png
-0.864156551664,2.36884599371,2.98722048936,0.5,-0.117488630116,-0.0,-1.3090701918,2.54677200323,3.07632432324,map_000000078.png
-0.913647903307,2.3889163845,2.98721608666,0.5,-0.117488630116,-0.0,-1.3090701918,2.54677200323,3.07632432324,map_000000079.png
-0.963131731415,2.40897894012,2.98721499058,0.5,-0.117488630116,-0.0,-1.3090701918,2.54677200323,3.07632432324,map_000000080.png
-1.01070799494,2.42826604814,2.9872153912,0.5,-0.117488630116,-0.0,-1.3090701918,2.54677200323,3.07632432324,map_000000081.png
-1.06019181193,2.44832863685,2.98721431928,0.5,-0.117488630116,-0.0,-1.3090701918,2.54677200323,3.07632432324,map_000000082.png
-1.10966147524,2.46837753623,2.98721890141,0.5,-0.117488630116,-0.0,-1.3090701918,2.54677200323,3.07632432324,map_000000083.png
-1.15725186669,2.48767839145,2.98721373531,0.5,-0.0914716050029,-0.0,-1.3090701918,2.54677200323,3.07632432324,map_000000084.png
-1.20699343645,2.50597996419,2.98721826414,0.5,-0.0252655111253,-0.0,-1.3090701918,2.54677200323,3.07632432324,map_000000085.png
-1.25742975089,2.51997775912,2.98721394721,0.5,-0.0,-0.0,-1.3090701918,2.54677200323,3.07632432324,map_000000086.png
-1.30654020511,2.5293497969,2.9872181705,0.5,-0.0,-0.0,-1.3090701918,2.54677200323,3.07632432324,map_000000087.png
-1.35790952458,2.53735200789,2.98721382843,-0.0,-0.0,-0.0,-1.3090701918,2.54677200323,3.07632432324,map_000000088.png
