0.761795124762,6.6859472253,1.82749374482,-0.0,-0.0,-0.0,1.97153994385,3.33099081578,-0.741615335214,map_000000069.png
0.761795126017,6.68594719308,1.82749367939,-0.0,-0.0,-0.791177093983,1.97153994385,3.33099081578,-0.741615335214,map_000000070.png
0.761735429459,6.68592999914,1.82127123964,-0.0,-0.0,-1.0,1.97153994385,3.33099081578,-0.741615335214,map_000000071.png
0.760983804777,6.6857709842,1.74035627536,-0.0,-0.0,-1.0,1.97153994385,3.33099081578,-0.741615335214,map_000000072.png
0.760019030218,6.68565337096,1.63973211616,-0.0,-0.0,-1.0,1.97153994385,3.33099081578,-0.741615335214,map_000000073.png
0.759083913059,6.68563004031,1.54139038742,-0.0,-0.0,-1.0,1.97153994385,3.33099081578,-0.741615335214,map_000000074.png
0.758117275806,6.6857046493,1.43911261803,-0.0,-0.0,-1.0,1.97153994385,3.33099081578,-0.741615335214,map_000000075.png
0.757154243815,6.68587507792,1.3368382316,-0.0,-0.0,-1.0,1.97153994385,3.33099081578,-0.741615335214,map_000000076.png
0.756239562329,6.68612966877,1.23850224232,-0.0,-0.0,-1.0,1.97153994385,3.33099081578,-0.741615335214,map_000000077.png
0.755327893489,6.68649500188,1.13622955999,-0.0,-0.0,-1.0,1.97153994385,3.33099081578,-0.741615335214,map_000000078.png
0.754458967541,6.68695090057,1.03395636142,-0.0,-0.0,-1.0,1.97153994385,3.33099081578,-0.741615335214,map_000000079.png
0.753688766143,6.68745760324,0.935606337215,-0.0,-0.0,-1.0,1.97153994385,3.33099081578,-0.741615335214,map_000000080.png
0.752927266782,6.68807590996,0.833332840627,-0.0,-0.0,-1.0,1.97153994385,3.33099081578,-0.741615335214,map_000000081.png
0.752232931192,6.68876876179,0.731059475352,-0.0,-0.0,-1.0,1.97153994385,3.33099081578,-0.741615335214,map_000000082.png
0.751621461451,6.6895165107,0.632730661406,-0.0,-0.0,-1.0,1.97153994385,3.33099081578,-0.741615335214,map_000000083.png
0.751080332382,6.69033527719,0.530457926006,-0.0,-0.0,-1.0,1.97153994385,3.33099081578,-0.741615335214,map_000000084.png
0.750624975774,6.69120549129,0.428185784778,-0.0,-0.0,-1.0,1.97153994385,3.33099081578,-0.741615335214,map_000000085.png
0.750281968163,6.69206099342,0.329836619311,-0.0,-0.0,-1.0,1.97153994385,3.33099081578,-0.741615335214,map_000000086.png
0.750005136804,6.69300539676,0.227566028113,-0.0,-0.0,-1.0,1.97153994385,3.33099081578,-0.741615335214,map_000000087.png
0.74981626045,6.69398236682,0.125300806027,-0.0,-0.0,-1.0,1.97153994385,3.33099081578,-0.741615335214,map_000000088.png
0.749744648051,6.6949186508,0.0269622326904,-0.0,-0.0,-1.0,1.97153994385,3.33099081578,-0.741615335214,map_000000089.png
0.749761964232,6.69590178674,-0.075306602835,-0.0,-0.0,-1.0,1.97153994385,3.33099081578,-0.741615335214,map_000000090.png
0.749761964232,6.69590178674,-0.075306602835,-0.0,-0.0,-1.0,1.97153994385,3.33099081578,-0.741615335214,map_000000091.png
0.750078022006,6.69780928162,-0.275912190128,-0.0,-0.0,-1.0,1.97153994385,3.33099081578,-0.741615335214,map_000000092.png
0.750078022006,6.69780928162,-0.275912190128,-0.0,-0.0,-1.0,1.97153994385,3.33099081578,-0.741615335214,map_000000093.png
0.750381906615,6.69873088237,-0.378189940524,-0.0,-0.0,-1.0,1.97153994385,3.33099081578,-0.741615335214,map_000000094.png
0.750792309435,6.69962833413,-0.480460637326,-0.0,-0.0,-1.0,1.97153994385,3.33099081578,-0.741615335214,map_000000095.png
0.751260055446,6.70042788375,-0.578808373634,-0.0,-0.0,-1.0,1.97153994385,3.33099081578,-0.741615335214,map_000000096.png
0.751834168454,6.7012257659,-0.681080795652,-0.0,-0.0,-1.0,1.97153994385,3.33099081578,-0.741615335214,map_000000097.png
0.752484983774,6.70195920903,-0.783354432186,-0.0,-0.0,-0.0,1.97153994385,3.33099081578,-0.741615335214,map_000000098.png
0.75319380342,6.70261124832,-0.881684989207,-0.0,-0.0,-0.0,1.97153994385,3.33099081578,-0.741615335214,map_000000099.png
0.753327480241,6.70272363635,-0.897408128143,-0.0,-0.0,-0.0,1.97153994385,3.33099081578,-0.741615335214,map_000000100.png
0.753339877289,6.70271122811,-0.897407395365,-0.0,-0.0,-0.0,1.97153994385,3.33099081578,-0.741615335214,map_000000101.png
0.753330837157,6.70272027802,-0.897408011678,-0.0,-0.0,-0.0,1.97153994385,3.33099081578,-0.741615335214,map_000000102.png
0.753330803724,6.70272029917,-0.897407894161,-0.0,-0.0,-0.0,1.97153994385,3.33099081578,-0.741615335214,map_000000103.png
0.753339932732,6.70271116851,-0.89740719719,-0.0,-0.0,-0.0,1.97153994385,3.33099081578,-0.741615335214,map_000000104.png
0.75333748312,6.70271362069,-0.897407392078,-0.0,-0.0,-0.0,1.97153994385,3.33099081578,-0.741615335214,map_000000105.png
0.753327567789,6.70272354567,-0.897408205697,-0.0,-0.0,-0.0,1.97153994385,3.33099081578,-0.741615335214,map_000000106.png
0.753339959967,6.70271113906,-0.897407211458,0.0253036599606,-0.0,-0.0,1.97153994385,3.33099081578,-0.741615335214,map_000000107.png
0.754214254775,6.70161295587,-0.897408007801,0.117526777089,-0.00634403526783,-0.0,1.97153994385,3.33099081578,-0.741615335214,map_000000108.png
0.75774588427,6.69682009459,-0.897407986081,0.5,-0.0370914340019,-0.0,1.97153994385,3.33099081578,-0.741615335214,map_000000109.png
0.769137693454,6.68049763668,-0.897407420871,0.5,-0.046552170068,-0.0,1.97153994385,3.33099081578,-0.741615335214,map_000000110.png
0.797408741853,6.63911559793,-0.897405643396,0.5,-0.046552170068,-0.0,1.97153994385,3.33099081578,-0.741615335214,map_000000111.png
0.826078160571,6.59548180119,-0.89740326719,0.5,-0.046552170068,-0.0,1.97153994385,3.33099081578,-0.741615335214,map_000000112.png
0.854701212552,6.55184153243,-0.897402423941,0.5,-0.046552170068,-0.0,1.97153994385,3.33099081578,-0.741615335214,map_000000113.png
0.882236158236,6.5098671016,-0.897400126127,0.5,-0.046552170068,-0.0,1.97153994385,3.33099081578,-0.741615335214,map_000000114.png
0.910869718663,6.4662163895,-0.897398432909,0.5,-0.046552170068,-0.0,1.97153994385,3.33099081578,-0.741615335214,map_000000115.png
0.939502523998,6.42256691868,-0.897396410579,0.5,-0.046552170068,-0.0,1.97153994385,3.33099081578,-0.741615335214,map_000000116.png
0.96704402649,6.38058603107,-0.897394579273,0.5,-0.046552170068,-0.0,1.97153994385,3.33099081578,-0.741615335214,map_000000117.png
0.995668272913,6.33694518932,-0.897393534966,0.5,-0.046552170068,-0.0,1.97153994385,3.33099081578,-0.741615335214,map_000000118.png
1.02430865551,6.29328815231,-0.897390975954,0.5,-0.046552170068,-0.0,1.97153994385,3.33099081578,-0.741615335214,map_000000119.png
1.05184324656,6.25131482004,-0.897389009909,0.5,-0.046552170068,-0.0,1.97153994385,3.33099081578,-0.741615335214,map_000000120.png
1.08046770981,6.20767414603,-0.897387898292,0.5,-0.046552170068,-0.0,1.97153994385,3.33099081578,-0.741615335214,map_000000121.png
1.10910180786,6.16402378674,-0.897386121611,0.5,-0.046552170068,-0.0,1.97153994385,3.33099081578,-0.741615335214,map_000000122.png
1.13663391819,6.12205339038,-0.897384551459,0.5,-0.046552170068,-0.0,1.97153994385,3.33099081578,-0.741615335214,map_000000123.png
1.1652771681,6.07839411823,-0.897381983955,0.5,-0.046552170068,-0.0,1.97153994385,3.33099081578,-0.741615335214,map_000000124.png
1.19390195387,6.0347536305,-0.897381005588,0.5,-0.046552170068,-0.0,1.97153994385,3.33099081578,-0.741615335214,map_000000125.png
1.22143155452,5.99278585813,-0.897379788439,0.5,-0.046552170068,-0.0,1.97153994385,3.33099081578,-0.741615335214,map_000000126.png
1.25007798516,5.94912395511,-0.897376739297,0.5,-0.046552170068,-0.0,1.97153994385,3.33099081578,-0.741615335214,map_000000127.png
1.27870298591,5.90548363345,-0.897375631581,0.5,-0.046552170068,-0.0,1.97153994385,3.33099081578,-0.741615335214,map_000000128.png
1.30623581449,5.86351317843,-0.897373719301,0.5,-0.046552170068,-0.0,1.97153994385,3.33099081578,-0.741615335214,map_000000129.png
1.33487025059,5.81986357068,-0.897372277192,0.5,-0.046552170068,-0.0,1.97153994385,3.33099081578,-0.741615335214,map_000000130.png
1.33487025059,5.81986357068,-0.897372277192,0.5,-0.046552170068,-0.0,1.97153994385,3.33099081578,-0.741615335214,map_000000131.png
1.36351403953,5.77620465245,-0.897369755257,0.5,-0.046552170068,-0.0,1.97153994385,3.33099081578,-0.741615335214,map_000000132.png
1.39104489305,5.73423634515,-0.897368225477,0.5,-0.046552170068,-0.0,1.97153994385,3.33099081578,-0.741615335214,map_000000133.png
1.41966947871,5.69059708197,-0.897367248679,0.5,-0.046552170068,-0.0,1.97153994385,3.33099081578,-0.741615335214,map_000000134.png
1.44831644852,5.64693553337,-0.897364367869,0.5,-0.046552170068,-0.0,1.97153994385,3.33099081578,-0.741615335214,map_000000135.png
1.47584099087,5.60497391211,-0.897363296711,0.5,-0.046552170068,-0.0,1.97153994385,3.33099081578,-0.741615335214,map_000000136.png
1.50447533329,5.56132545001,-0.897361468494,0.5,-0.046552170068,-0.0,1.97153994385,3.33099081578,-0.741615335214,map_000000137.png
1.53311030657,5.51767619471,-0.897359966004,0.5,-0.046552170068,-0.0,1.97153994385,3.33099081578,-0.741615335214,map_000000138.png
1.5606440877,5.47570569192,-0.897358210005,0.5,-0.046552170068,-0.0,1.97153994385,3.33099081578,-0.741615335214,map_000000139.png
1.58928600556,5.43204966282,-0.89735592094,0.5,-0.046552170068,-0.0,1.97153994385,3.33099081578,-0.741615335214,map_000000140.png
1.61791113045,5.38841075369,-0.897355155899,0.5,-0.046552170068,-0.0,1.97153994385,3.33099081578,-0.741615335214,map_000000141.png
1.64544806838,5.34643762963,-0.897352888634,0.5,-0.046552170068,-0.0,1.97153994385,3.33099081578,-0.741615335214,map_000000142.png
1.67298185099,5.30446780037,-0.897350798955,0.5,-0.046552170068,-0.0,1.97153994385,3.33099081578,-0.741615335214,map_000000143.png
1.7016172848,5.26081884694,-0.897349556563,0.5,-0.046552170068,-0.0,1.97153994385,3.33099081578,-0.741615335214,map_000000144.png
1.72915150358,5.21884863124,-0.897347709531,0.5,-0.046552170068,-0.0,1.97153994385,3.33099081578,-0.741615335214,map_000000145.png
1.75779388021,5.17519290207,-0.89734540915,0.5,-0.046552170068,-0.0,1.97153994385,3.33099081578,-0.741615335214,map_000000146.png
1.78641946086,5.13155429236,-0.89734447193,0.5,-0.046552170068,-0.0,1.97153994385,3.33099081578,-0.741615335214,map_000000147.png
1.81395684123,5.08958145905,-0.89734253584,0.5,-0.046552170068,-0.0,1.97153994385,3.33099081578,-0.741615335214,map_000000148.png
1.84259292825,5.04593240424,-0.897340502486,0.5,-0.046552170068,-0.0,1.97153994385,3.33099081578,-0.741615335214,map_000000149.png
1.87122826198,5.00228459208,-0.897338416313,0.5,-0.046552170068,-0.0,1.97153994385,3.33099081578,-0.741615335214,map_000000150.png
1.8987721928,4.9603052962,-0.897336367164,0.5,-0.046552170068,-0.0,1.97153994385,3.33099081578,-0.741615335214,map_000000151.png
1.92739896911,4.91666611475,-0.897335417063,0.5,-0.046552170068,-0.0,1.97153994385,3.33099081578,-0.741615335214,map_000000152.png
1.95604188303,4.87301073858,-0.897333118221,0.5,-0.046552170068,-0.0,1.97153994385,3.33099081578,-0.741615335214,map_000000153.png
1.98357890515,4.83103900065,-0.89733105896,0.5,-0.046552170068,-0.0,1.97153994385,3.33099081578,-0.741615335214,map_000000154.png
2.01220589866,4.78739998622,-0.897330153688,0.5,-0.046552170068,-0.0,1.97153994385,3.33099081578,-0.741615335214,map_000000155.png
2.04084252418,4.74375128508,-0.897328178985,0.5,-0.046552170068,-0.0,1.97153994385,3.33099081578,-0.741615335214,map_000000156.png
2.0683770681,4.70178248519,-0.897326840173,0.415463715792,-0.046552170068,-0.0,1.97153994385,3.33099081578,-0.741615335214,map_000000157.png
2.09702284645,4.65812487111,-0.897324139681,0.415463715792,-0.046552170068,-0.0,1.97153994385,3.33099081578,-0.741615335214,map_000000158.png
2.12101219812,4.62029858836,-0.897323262054,0.273590803146,-0.046552170068,-0.0,1.97153994385,3.33099081578,-0.741615335214,map_000000159.png
2.13725918575,4.59247538729,-0.897322345287,0.0607814267278,-0.0,-0.0,1.97153994385,3.33099081578,-0.741615335214,map_000000160.png
2.14622022129,4.57736859185,-0.897320794763,-0.0,-0.0,-0.0,1.97153994385,3.33099081578,-0.741615335214,map_000000161.png
2.14893948029,4.57395837593,-0.897321489628,-0.0,-0.0,-0.0,1.97153994385,3.33099081578,-0.741615335214,map_000000162.png
2.14893954633,4.57395831767,-0.897321234723,-0.0,-0.0,-0.0,1.97153994385,3.33099081578,-0.741615335214,map_000000163.png
2.14893954823,4.57395830268,-0.897321328025,-0.0,-0.0,-0.0,1.97153994385,3.33099081578,-0.741615335214,map_000000164.png
2.14894867493,4.57394917002,-0.897320318036,-0.0,-0.0,-0.0,1.97153994385,3.33099081578,-0.741615335214,map_000000165.png
2.14894622866,4.57395162544,-0.897320984748,-0.0,-0.0,-0.14147618413,1.97153994385,3.33099081578,-0.741615335214,map_000000166.png
2.14900035268,4.57400637846,-0.905669574751,-0.0,-0.0,-0.914700746536,1.97153994385,3.33099081578,-0.741615335214,map_000000167.png
2.14934921933,4.57426727735,-0.953606172348,-0.0,-0.0,-1.0,1.97153994385,3.33099081578,-0.741615335214,map_000000168.png
2.15009032772,4.57474374193,-1.04523315923,-0.0,-0.0,-1.0,1.97153994385,3.33099081578,-0.741615335214,map_000000169.png
2.15096318142,4.57519529164,-1.14750507797,-0.0,-0.0,-1.0,1.97153994385,3.33099081578,-0.741615335214,map_000000170.png
2.1518735364,4.57555182063,-1.24977892932,-0.0,-0.0,-1.0,1.97153994385,3.33099081578,-0.741615335214,map_000000171.png
2.1518735364,4.57555182063,-1.24977892932,-0.0,-0.0,-1.0,1.97153994385,3.33099081578,-0.741615335214,map_000000172.png
2.15276739556,4.57580743103,-1.3481244674,-0.0,-0.0,-1.0,1.97153994385,3.33099081578,-0.741615335214,map_000000173.png
2.15374605206,4.57599235841,-1.45038877682,-0.0,-0.0,-1.0,1.97153994385,3.33099081578,-0.741615335214,map_000000174.png
2.15474602741,4.57606288782,-1.55264801753,-0.0,-0.0,-0.0,1.97153994385,3.33099081578,-0.741615335214,map_000000175.png
2.15542516767,4.57605318829,-1.62345107942,-0.0,-0.0,-0.0,1.97153994385,3.33099081578,-0.741615335214,map_000000176.png
2.15543444584,4.57604378398,-1.62344668802,-0.0,-0.0,-0.0,1.97153994385,3.33099081578,-0.741615335214,map_000000177.png
2.15542521087,4.57605304193,-1.62345099047,-0.0,-0.0,-0.0,1.97153994385,3.33099081578,-0.741615335214,map_000000178.png
2.15542514427,4.57605311254,-1.62345099259,-0.0,-0.0,-0.0,1.97153994385,3.33099081578,-0.741615335214,map_000000179.png
2.1554252053,4.57605305359,-1.62345102431,-0.0,-0.0,-0.0,1.97153994385,3.33099081578,-0.741615335214,map_000000180.png
2.15542516187,4.57605308876,-1.62345100035,-0.0,-0.0,-0.0,1.97153994385,3.33099081578,-0.741615335214,map_000000181.png
2.15543449062,4.57604372551,-1.62344689911,0.117526777089,-0.0,-0.0,1.97153994385,3.33099081578,-0.741615335214,map_000000182.png
2.1553263003,4.57417587448,-1.62345091338,0.5,-0.0418218038976,-0.0,1.97153994385,3.33099081578,-0.741615335214,map_000000183.png
2.15468321147,4.56197443372,-1.62345089841,0.5,-0.0418218038976,-0.0,1.97153994385,3.33099081578,-0.741615335214,map_000000184.png
2.1478871364,4.5122723521,-1.62344599848,0.5,-0.0418218038976,-0.0,1.97153994385,3.33099081578,-0.741615335214,map_000000185.png
2.14080028759,4.46060075514,-1.62345020081,0.5,-0.0512825399637,-0.0,1.97153994385,3.33099081578,-0.741615335214,map_000000186.png
2.13312760112,4.40894345555,-1.62344532437,0.5,-0.0512825399637,-0.0,1.97153994385,3.33099081578,-0.741615335214,map_000000187.png
2.12536866052,4.35931008372,-1.62344948636,0.5,-0.0512825399637,-0.0,1.97153994385,3.33099081578,-0.741615335214,map_000000188.png
2.11730887329,4.30768135316,-1.62344919531,0.5,-0.0512825399637,-0.0,1.97153994385,3.33099081578,-0.741615335214,map_000000189.png
2.10924926671,4.25605284211,-1.62344877572,0.5,-0.0512825399637,-0.0,1.97153994385,3.33099081578,-0.741615335214,map_000000190.png
2.10149949368,4.20640918183,-1.6234484165,0.5,-0.0512825399637,-0.0,1.97153994385,3.33099081578,-0.741615335214,map_000000191.png
2.09344914083,4.15477177813,-1.62344352645,0.5,-0.0512825399637,-0.0,1.97153994385,3.33099081578,-0.741615335214,map_000000192.png
2.08538021215,4.10315192378,-1.62344756368,0.5,-0.0512825399637,-0.0,1.97153994385,3.33099081578,-0.741615335214,map_000000193.png
2.07763059472,4.05350964693,-1.62344736468,0.5,-0.0512825399637,-0.0,1.97153994385,3.33099081578,-0.741615335214,map_000000194.png
2.06957108139,4.00188112274,-1.62344697719,0.5,-0.0607432797551,-0.0,1.97153994385,3.33099081578,-0.741615335214,map_000000195.png
2.0613603167,3.95026033464,-1.62344665565,0.5,-0.0607432797551,-0.0,1.97153994385,3.33099081578,-0.741615335214,map_000000196.png
2.05267560317,3.90065775942,-1.62344109519,0.5,-0.0607432797551,-0.0,1.97153994385,3.33099081578,-0.741615335214,map_000000197.png
2.04362456583,3.84908965135,-1.6234456856,0.5,-0.0607432797551,-0.0,1.97153994385,3.33099081578,-0.741615335214,map_000000198.png
2.03459215784,3.79750398351,-1.62344069558,0.5,-0.0607432797551,-0.0,1.97153994385,3.33099081578,-0.741615335214,map_000000199.png
2.0258890215,3.74792034492,-1.62344508046,0.5,-0.0607432797551,-0.0,1.97153994385,3.33099081578,-0.741615335214,map_000000200.png
2.016847264,3.69634333736,-1.62344468254,0.5,-0.0607432797551,-0.0,1.97153994385,3.33099081578,-0.741615335214,map_000000201.png
2.00780569568,3.64476654745,-1.6234442177,0.5,-0.0607432797551,-0.0,1.97153994385,3.33099081578,-0.741615335214,map_000000202.png
1.99911171206,3.5951726194,-1.62344371438,0.427289664745,-0.0607432797551,-0.0,1.97153994385,3.33099081578,-0.741615335214,map_000000203.png
1.99007940069,3.54358693428,-1.62343821108,0.427289664745,-0.0607432797551,-0.0,1.97153994385,3.33099081578,-0.741615335214,map_000000204.png
1.98138038753,3.49869655375,-1.62344307187,0.377620786428,-0.0607432797551,-0.0,1.97153994385,3.33099081578,-0.741615335214,map_000000205.png
1.97324671426,3.45973379368,-1.62344276331,-0.0,-0.0,-0.0,1.97153994385,3.33099081578,-0.741615335214,map_000000206.png
1.96906071571,3.44029783109,-1.62344219279,-0.0,-0.0,-0.0,1.97153994385,3.33099081578,-0.741615335214,map_000000207.png
1.96906067202,3.44029786623,-1.62344214473,-0.0,-0.0,-0.0,1.97153994385,3.33099081578,-0.741615335214,map_000000208.png
1.96906999871,3.4402885025,-1.6234377633,-0.0,-0.0,-0.0,1.97153994385,3.33099081578,-0.741615335214,map_000000209.png
1.96906076386,3.44029776084,-1.62344211773,-0.0,-0.0,-0.0,1.97153994385,3.33099081578,-0.741615335214,map_000000210.png
1.96906076386,3.44029776084,-1.62344211773,-0.0,-0.0,-0.0,1.97153994385,3.33099081578,-0.741615335214,map_000000211.png
1.96907001432,3.44028847825,-1.62343750195,-0.0,-0.0,-0.0,1.97153994385,3.33099081578,-0.741615335214,map_000000212.png
1.96906075811,3.44029777257,-1.62344212027,-0.0,-0.0,-0.0,1.97153994385,3.33099081578,-0.741615335214,map_000000213.png
1.9690607146,3.44029780768,-1.6234420921,-0.0,-0.0,-0.0,1.97153994385,3.33099081578,-0.741615335214,map_000000214.png
1.96906077519,3.44029774879,-1.62344207493,-0.0,-0.0,-0.0,1.97153994385,3.33099081578,-0.741615335214,map_000000215.png
1.96906080685,3.44029770232,-1.62344219133,-0.0,-0.0,-0.0,1.97153994385,3.33099081578,-0.741615335214,map_000000216.png
1.96907005675,3.4402884197,-1.62343743409,-0.0,-0.0,-0.0,1.97153994385,3.33099081578,-0.741615335214,map_000000217.png
1.96906082253,3.44029767862,-1.62344180209,-0.0,-0.0,-0.0,1.97153994385,3.33099081578,-0.741615335214,map_000000218.png
1.96906075696,3.44029774918,-1.62344201333,-0.0,-0.0,-0.0,1.97153994385,3.33099081578,-0.741615335214,map_000000219.png
1.96906081759,3.44029769027,-1.62344200314,-0.0,-0.0,-0.0,1.97153994385,3.33099081578,-0.741615335214,map_000000220.png
1.96906077389,3.44029772544,-1.62344195242,-0.0,-0.0,-0.0,1.97153994385,3.33099081578,-0.741615335214,map_000000221.png
1.96907010124,3.44028836168,-1.62343764321,-0.0,-0.0,-0.0,1.97153994385,3.33099081578,-0.741615335214,map_000000222.png
1.96906084252,3.44029765553,-1.6234419332,0.0394947677851,-0.181329533458,-0.0,1.97153994385,3.33099081578,-0.741615335214,map_000000223.png
1.96906079964,3.44029769067,-1.62344196839,0.0394947677851,-0.181329533458,-0.0,1.97153994385,3.33099081578,-0.741615335214,map_000000224.png
1.95222572195,3.43753864172,-1.62343713794,0.046590320766,-0.372852265835,-0.0,1.97153994385,3.33099081578,-0.741615335214,map_000000225.png
1.91861599658,3.43466685071,-1.62343984835,0.0796838253736,-0.436712235212,-0.0,1.97153994385,3.33099081578,-0.741615335214,map_000000226.png
1.87599448135,3.43019837666,-1.62343394595,0.093874938786,-0.436712235212,-0.0,1.97153994385,3.33099081578,-0.741615335214,map_000000227.png
1.83194444034,3.42404023165,-1.62343684752,0.093874938786,-0.436712235212,-0.0,1.97153994385,3.33099081578,-0.741615335214,map_000000228.png
1.7860919665,3.41668308072,-1.62343540209,-0.0,-0.0,-0.0,1.97153994385,3.33099081578,-0.741615335214,map_000000229.png
1.74023988907,3.40932579702,-1.62343350354,-0.0,-0.0,-0.0,1.97153994385,3.33099081578,-0.741615335214,map_000000230.png
1.7402399195,3.40932575067,-1.6234332944,-0.0,-0.0,-0.0,1.97153994385,3.33099081578,-0.741615335214,map_000000231.png
1.74024917299,3.40931646848,-1.62342917507,-0.0,-0.0,-0.0,1.97153994385,3.33099081578,-0.741615335214,map_000000232.png
1.74023993679,3.40932572691,-1.62343327053,-0.0,-0.0,-0.0,1.97153994385,3.33099081578,-0.741615335214,map_000000233.png
1.74023987126,3.40932579747,-1.62343348505,-0.0,-0.0,-0.0,1.97153994385,3.33099081578,-0.741615335214,map_000000234.png
1.7402399314,3.40932573854,-1.62343342599,-0.0,-0.0,-0.0,1.97153994385,3.33099081578,-0.741615335214,map_000000235.png
1.74023988821,3.40932577371,-1.62343342724,-0.0,-0.0,-0.0,1.97153994385,3.33099081578,-0.741615335214,map_000000236.png
1.74024921339,3.40931640948,-1.62342882697,-0.0,-0.0,-0.0,1.97153994385,3.33099081578,-0.741615335214,map_000000237.png
1.74023997856,3.40932566839,-1.6234330667,-0.0,-0.0,-0.0,1.97153994385,3.33099081578,-0.741615335214,map_000000238.png
1.74024923324,3.40931638639,-1.6234291589,-0.0,-0.0,-0.0,1.97153994385,3.33099081578,-0.741615335214,map_000000239.png
1.74023997422,3.40932568002,-1.62343339566,-0.0,-0.0,-0.0,1.97153994385,3.33099081578,-0.741615335214,map_000000240.png
1.74023993055,3.4093257152,-1.62343334809,-0.0,-0.0,-0.0,1.97153994385,3.33099081578,-0.741615335214,map_000000241.png
1.74023999071,3.40932565624,-1.62343329193,-0.0,-0.0,-0.0,1.97153994385,3.33099081578,-0.741615335214,map_000000242.png
1.74024002157,3.40932560985,-1.62343312382,-0.0,-0.0,-0.0,1.97153994385,3.33099081578,-0.741615335214,map_000000243.png
1.74024927472,3.40931632768,-1.62342896292,-0.0,-0.0,-0.0,1.97153994385,3.33099081578,-0.741615335214,map_000000244.png
1.74024003968,3.40932558601,-1.62343328835,-0.0,-0.0,-0.0,1.97153994385,3.33099081578,-0.741615335214,map_000000245.png
1.7402399729,3.40932565667,-1.62343327043,-0.0,-0.0,-0.0,1.97153994385,3.33099081578,-0.741615335214,map_000000246.png
1.74024003368,3.40932559772,-1.62343327644,-0.0,-0.0,-0.0,1.97153994385,3.33099081578,-0.741615335214,map_000000247.png
1.7402399902,3.4093256329,-1.62343324744,-0.0,-0.0,-0.0,1.97153994385,3.33099081578,-0.741615335214,map_000000248.png
1.74024931708,3.40931626915,-1.62342888663,-0.0,-0.0,-0.0,1.97153994385,3.33099081578,-0.741615335214,map_000000249.png
1.74024008205,3.40932552749,-1.62343321227,-0.0,-0.0,-0.0,1.97153994385,3.33099081578,-0.741615335214,map_000000250.png
1.74024008205,3.40932552749,-1.62343321227,-0.0,-0.0,-0.0,1.97153994385,3.33099081578,-0.741615335214,map_000000251.png
1.74024007614,3.40932553923,-1.62343320733,-0.0,-0.0772804990411,-0.0,1.97153994385,3.33099081578,-0.741615335214,map_000000252.png
1.74024007614,3.40932553923,-1.62343320733,-0.0,-0.0772804990411,-0.0,1.97153994385,3.33099081578,-0.741615335214,map_000000253.png
1.73591985275,3.40955318122,-1.62343303362,-0.0,-0.174233987927,-0.0,1.97153994385,3.33099081578,-0.741615335214,map_000000254.png
1.72402545184,3.41017977024,-1.62343258037,0.0276688430458,-0.261726737022,-0.0,1.97153994385,3.33099081578,-0.741615335214,map_000000255.png
1.70521151605,3.41072775546,-1.62343200303,0.0276688430458,-0.292455047369,-0.0,1.97153994385,3.33099081578,-0.741615335214,map_000000256.png
1.67789761512,3.40927744097,-1.62342641378,-0.0,-0.0,-0.0,1.97153994385,3.33099081578,-0.741615335214,map_000000257.png
1.64737451064,3.40801369011,-1.62342984987,-0.0,-0.0,-0.0,1.97153994385,3.33099081578,-0.741615335214,map_000000258.png
1.64150677837,3.40776896374,-1.62342965427,-0.0,-0.0,-0.0,1.97153994385,3.33099081578,-0.741615335214,map_000000259.png
1.6415068392,3.40776890478,-1.62342966538,-0.0,-0.0,-0.0,1.97153994385,3.33099081578,-0.741615335214,map_000000260.png
1.64150679574,3.40776893992,-1.62342964059,-0.0,-0.0,-0.0,1.97153994385,3.33099081578,-0.741615335214,map_000000261.png
1.6415161245,3.40775957671,-1.62342554005,-0.0,-0.0,-0.0,1.97153994385,3.33099081578,-0.741615335214,map_000000262.png
1.64150686384,3.40776887007,-1.62342956662,-0.0,0.5,-0.0,1.97153994385,3.33099081578,-0.741615335214,map_000000263.png
1.64150682075,3.40776890521,-1.62342957948,-0.0,0.5,-0.0,1.97153994385,3.33099081578,-0.741615335214,map_000000264.png
1.68543886895,3.40544563585,-1.62342724808,-0.0,0.5,-0.0,1.97153994385,3.33099081578,-0.741615335214,map_000000265.png
1.73733938543,3.40272009805,-1.6234331637,-0.0,0.5,-0.0,1.97153994385,3.33099081578,-0.741615335214,map_000000266.png
1.78925738812,3.39997600811,-1.62343094002,-0.0,0.5,-0.0,1.97153994385,3.33099081578,-0.741615335214,map_000000267.png
1.83916064029,3.39735554763,-1.62343663334,-0.0,-0.0,-0.0,1.97153994385,3.33099081578,-0.741615335214,map_000000268.png
1.88508054922,3.39493611243,-1.62343839791,-0.0,-0.0,-0.0,1.97153994385,3.33099081578,-0.741615335214,map_000000269.png
1.88508060966,3.39493605355,-1.62343837274,-0.0,-0.0,-0.0,1.97153994385,3.33099081578,-0.741615335214,map_000000270.png
1.88508064189,3.39493600707,-1.62343856098,-0.0,-0.0,-0.0,1.97153994385,3.33099081578,-0.741615335214,map_000000271.png
1.88508989529,3.39492672544,-1.62343428164,-0.0,-0.0,-0.0,1.97153994385,3.33099081578,-0.741615335214,map_000000272.png
1.88508065812,3.39493598334,-1.62343831702,-0.0,-0.0,-0.0,1.97153994385,3.33099081578,-0.741615335214,map_000000273.png
1.88508059172,3.39493605394,-1.62343834029,-0.0,-0.0,-0.0,1.97153994385,3.33099081578,-0.741615335214,map_000000274.png
1.88508065207,3.394935995,-1.62343830289,-0.0,-0.0,-0.0,1.97153994385,3.33099081578,-0.741615335214,map_000000275.png
1.88508060882,3.39493603021,-1.62343829622,-0.0,-0.0,-0.0,1.97153994385,3.33099081578,-0.741615335214,map_000000276.png
1.88508993573,3.39492666643,-1.62343393894,-0.0,-0.0,-0.0,1.97153994385,3.33099081578,-0.741615335214,map_000000277.png
1.88508070046,3.39493592481,-1.62343823931,-0.0,-0.0,-0.0,1.97153994385,3.33099081578,-0.741615335214,map_000000278.png
1.88508995248,3.3949266426,-1.62343385226,-0.0,-0.0,-0.0,1.97153994385,3.33099081578,-0.741615335214,map_000000279.png
1.88508069491,3.39493593649,-1.62343827468,-0.0,-0.0,-0.0,1.97153994385,3.33099081578,-0.741615335214,map_000000280.png
1.88508065124,3.39493597168,-1.6234382247,-0.0,-0.0,0.423886835575,1.97153994385,3.33099081578,-0.741615335214,map_000000281.png
1.88501990779,3.39493599304,-1.61676750325,-0.0,-0.0,0.652661204338,1.97153994385,3.33099081578,-0.741615335214,map_000000282.png
1.88462772361,3.39494625594,-1.57508143369,-0.0,-0.0,0.652661204338,1.97153994385,3.33099081578,-0.741615335214,map_000000283.png
1.88400804042,3.39491737447,-1.51013406534,-0.0,-0.0,0.97753071785,1.97153994385,3.33099081578,-0.741615335214,map_000000284.png
1.88313157194,3.39484138042,-1.41782663911,-0.0,-0.0,1.0,1.97153994385,3.33099081578,-0.741615335214,map_000000285.png
1.8822031722,3.39465981833,-1.32046577968,-0.0,-0.0,1.0,1.97153994385,3.33099081578,-0.741615335214,map_000000286.png
1.88127823233,3.39438435901,-1.21818570184,-0.0,-0.0,1.0,1.97153994385,3.33099081578,-0.741615335214,map_000000287.png
1.88037616186,3.39400258785,-1.11591174788,-0.0,-0.0,1.0,1.97153994385,3.33099081578,-0.741615335214,map_000000288.png
1.88037616186,3.39400258785,-1.11591174788,-0.0,-0.0,1.0,1.97153994385,3.33099081578,-0.741615335214,map_000000289.png
1.87875121334,3.39300088619,-0.915291990037,-0.0,-0.0,1.0,1.97153994385,3.33099081578,-0.741615335214,map_000000290.png
1.87800263741,3.39236742773,-0.813018540588,-0.0,-0.0,1.0,1.97153994385,3.33099081578,-0.741615335214,map_000000291.png
1.87800263741,3.39236742773,-0.813018540588,-0.0,-0.0,-0.0,1.97153994385,3.33099081578,-0.741615335214,map_000000292.png
