
3.78174958118,2.18478616724,-1.08093090792,-0.0,-0.0,-0.0,5.56592265235,4.44108160925,1.40078972527,map_000000026.png
3.78174047624,2.18479528943,-1.08093242866,0.5,0.242385625839,-0.0,5.56592265235,4.44108160925,1.40078972527,map_000000027.png
3.80328994626,2.16909836528,-1.08093345836,0.5,0.232924893498,-0.0,5.56592265235,4.44108160925,1.40078972527,map_000000028.png
3.84795084923,2.13627189669,-1.08093497734,0.5,0.232924893498,-0.0,5.56592265235,4.44108160925,1.40078972527,map_000000029.png
3.89376353958,2.10180894324,-1.08093833981,0.5,0.232924893498,-0.0,5.56592265235,4.44108160925,1.40078972527,map_000000030.png
3.93782353068,2.06866198295,-1.08093964954,0.5,0.232924893498,-0.0,5.56592265235,4.44108160925,1.40078972527,map_000000031.png
3.98365761869,2.03417733802,-1.08093886475,0.5,0.232924893498,-0.0,5.56592265235,4.44108160925,1.40078972527,map_000000032.png
4.02947781335,1.9997063561,-1.08094064028,0.5,0.29203543067,-0.0,5.56592265235,4.44108160925,1.40078972527,map_000000033.png
4.0764573353,1.96811597806,-1.08094201208,0.332701355219,0.431543171406,-0.0,5.56592265235,4.44108160925,1.40078972527,map_000000034.png
4.12930847455,1.94419908151,-1.08094192393,0.0584162436426,0.5,-0.0,5.56592265235,4.44108160925,1.40078972527,map_000000035.png
4.18378589854,1.94027873037,-1.08094520645,-0.0,0.5,-0.0,5.56592265235,4.44108160925,1.40078972527,map_000000036.png
4.23063495935,1.9586411067,-1.08094599574,-0.0319032855332,0.5,-0.0,5.56592265235,4.44108160925,1.40078972527,map_000000037.png
4.27660097366,1.98290044725,-1.08094799888,-0.0319032855332,0.5,-0.0,5.56592265235,4.44108160925,1.40078972527,map_000000038.png
4.3212182713,2.00970808177,-1.08094702038,-0.211600080132,0.5,-0.0,5.56592265235,4.44108160925,1.40078972527,map_000000039.png
4.35841098214,2.04618083967,-1.08094757628,-0.239982292056,0.478846848011,-0.0,5.56592265235,4.44108160925,1.40078972527,map_000000040.png
4.39238902098,2.09077213221,-1.08094795754,-0.277806162834,0.441003918648,-0.0,5.56592265235,4.44108160925,1.40078972527,map_000000041.png
4.4231534128,2.1366336687,-1.08094698483,-0.277806162834,0.441003918648,-0.0,5.56592265235,4.44108160925,1.40078972527,map_000000042.png
4.44898646736,2.18187737657,-1.08094699548,-0.344031333923,0.393719285727,-0.0,5.56592265235,4.44108160925,1.40078972527,map_000000043.png
4.47584365566,2.22893985854,-1.08094854818,-0.344031333923,0.393719285727,-0.0,5.56592265235,4.44108160925,1.40078972527,map_000000044.png
4.49570646475,2.27947620143,-1.08094962982,-0.344031333923,0.393719285727,-0.0,5.56592265235,4.44108160925,1.40078972527,map_000000045.png
4.51425429256,2.32833743604,-1.08094925849,-0.344031333923,0.393719285727,-0.0,5.56592265235,4.44108160925,1.40078972527,map_000000046.png
4.53355571685,2.37914167794,-1.08094766674,-0.344031333923,0.393719285727,-0.0,5.56592265235,4.44108160925,1.40078972527,map_000000047.png
4.55284350633,2.42995869136,-1.08094771489,-0.36766409874,0.370067447424,-0.0,5.56592265235,4.44108160925,1.40078972527,map_000000048.png
4.57087970636,2.47897547876,-1.08094769277,-0.5,-0.0,-0.0,5.56592265235,4.44108160925,1.40078972527,map_000000049.png
4.5868531161,2.53079323908,-1.08094627388,-0.5,-0.0,-0.0,5.56592265235,4.44108160925,1.40078972527,map_000000050.png
4.56238862101,2.57666810151,-1.08094626832,-0.5,-0.0,-0.0,5.56592265235,4.44108160925,1.40078972527,map_000000051.png
4.538873742,2.62076983696,-1.08094519945,-0.5,-0.0,-0.0,5.56592265235,4.44108160925,1.40078972527,map_000000052.png
4.51440825244,2.66664567594,-1.08094561163,-0.5,-0.0,-0.0,5.56592265235,4.44108160925,1.40078972527,map_000000053.png
4.51440825244,2.66664567594,-1.08094561163,-0.5,-0.0,-0.0,5.56592265235,4.44108160925,1.40078972527,map_000000054.png
4.48996421035,2.71249995064,-1.08094272888,-0.5,-0.0,-0.0,5.56592265235,4.44108160925,1.40078972527,map_000000055.png
4.46644918089,2.75660160581,-1.08094164264,-0.5,-0.0134395882487,-0.0,5.56592265235,4.44108160925,1.40078972527,map_000000056.png
4.44199191826,2.80246868796,-1.08094085921,-0.5,-0.0134395882487,-0.0,5.56592265235,4.44108160925,1.40078972527,map_000000057.png
4.41754527028,2.84832533434,-1.08093817455,-0.5,-0.0134395882487,-0.0,5.56592265235,4.44108160925,1.40078972527,map_000000058.png
4.3929395095,2.89184540634,-1.08093698913,-0.5,-0.0134395882487,-0.0,5.56592265235,4.44108160925,1.40078972527,map_000000059.png
4.36724175896,2.93706270812,-1.08093721119,-0.5,-0.0441869869828,-0.0,5.56592265235,4.44108160925,1.40078972527,map_000000060.png
4.34002435174,2.98147120233,-1.08093784983,-0.5,-0.0536477230489,-0.0,5.56592265235,4.44108160925,1.40078972527,map_000000061.png
4.31227780329,3.02331657234,-1.08093663104,-0.5,-0.063108459115,-0.0,5.56592265235,4.44108160925,1.40078972527,map_000000062.png
4.28274525807,3.06645760032,-1.08093343782,-0.5,-0.063108459115,-0.0,5.56592265235,4.44108160925,1.40078972527,map_000000063.png
4.25249866154,3.10923774046,-1.08093266447,-0.5,-0.063108459115,-0.0,5.56592265235,4.44108160925,1.40078972527,map_000000064.png
4.2234168176,3.15037109256,-1.08093157567,-0.5,-0.063108459115,-0.0,5.56592265235,4.44108160925,1.40078972527,map_000000065.png
4.19318071165,3.19314070921,-1.08092867634,-0.5,-0.063108459115,-0.0,5.56592265235,4.44108160925,1.40078972527,map_000000066.png
4.16292641758,3.23592837095,-1.08092866201,-0.5,-0.063108459115,-0.0,5.56592265235,4.44108160925,1.40078972527,map_000000067.png
4.133844422,3.27706161546,-1.08092761097,-0.5,-0.0276306960732,-0.0,5.56592265235,4.44108160925,1.40078972527,map_000000068.png
4.10563856495,3.31866202802,-1.08092642889,-0.0,-0.0,-0.0,5.56592265235,4.44108160925,1.40078972527,map_000000069.png
4.08175207484,3.3580495005,-1.08092724173,-0.0,-0.0,-0.0,5.56592265235,4.44108160925,1.40078972527,map_000000070.png
4.08175208585,3.3580494908,-1.08092752804,-0.0,-0.0,-0.0,5.56592265235,4.44108160925,1.40078972527,map_000000071.png
4.08176369533,3.35803784737,-1.08092504057,-0.0,-0.0,-0.0,5.56592265235,4.44108160925,1.40078972527,map_000000072.png
4.0817619558,3.35803957684,-1.08092525004,-0.0,-0.0,-0.0,5.56592265235,4.44108160925,1.40078972527,map_000000073.png
4.08176196639,3.3580395663,-1.08092544348,-0.0,-0.0,-1.0,5.56592265235,4.44108160925,1.40078972527,map_000000074.png
4.08203793237,3.3581776926,-1.11634172585,-0.0,-0.0,-1.0,5.56592265235,4.44108160925,1.40078972527,map_000000075.png
4.08293140788,3.35855991343,-1.21861856567,-0.0,-0.0,-1.0,5.56592265235,4.44108160925,1.40078972527,map_000000076.png
4.08384764993,3.35884945414,-1.31694859622,-0.0,-0.0,-1.0,5.56592265235,4.44108160925,1.40078972527,map_000000077.png
4.08481608208,3.35905784267,-1.41921593353,-0.0,-0.0,-1.0,5.56592265235,4.44108160925,1.40078972527,map_000000078.png
4.08579547438,3.35916939684,-1.52148428224,-0.0,-0.0,-1.0,5.56592265235,4.44108160925,1.40078972527,map_000000079.png
4.08671531427,3.35917839189,-1.61983297677,-0.0,-0.0,-1.0,5.56592265235,4.44108160925,1.40078972527,map_000000080.png
4.08770345528,3.35907415479,-1.72210020194,-0.0,-0.0,-1.0,5.56592265235,4.44108160925,1.40078972527,map_000000081.png
4.08865983995,3.3588878886,-1.82437626477,-0.0,-0.0,-1.0,5.56592265235,4.44108160925,1.40078972527,map_000000082.png
4.08956662303,3.35861772188,-1.92271376404,-0.0,-0.0,-1.0,5.56592265235,4.44108160925,1.40078972527,map_000000083.png
4.09047433261,3.35822444052,-2.02498322422,-0.0,-0.0,-1.0,5.56592265235,4.44108160925,1.40078972527,map_000000084.png
4.09133419128,3.357754132,-2.12725677833,-0.0,-0.0,-1.0,5.56592265235,4.44108160925,1.40078972527,map_000000085.png
4.09209458475,3.3572360265,-2.22560765251,-0.0,-0.0,-1.0,5.56592265235,4.44108160925,1.40078972527,map_000000086.png
4.09284355513,3.35660313302,-2.3278812662,-0.0,-0.0,-1.0,5.56592265235,4.44108160925,1.40078972527,map_000000087.png
4.09284355513,3.35660313302,-2.3278812662,-0.0,-0.0,-1.0,5.56592265235,4.44108160925,1.40078972527,map_000000088.png
4.09412202723,3.35513610033,-2.52848258276,-0.0,-0.0,-1.0,5.56592265235,4.44108160925,1.40078972527,map_000000089.png
4.09465448311,3.35430971633,-2.6307548816,-0.0,-0.0,-1.0,5.56592265235,4.44108160925,1.40078972527,map_000000090.png
4.09508094413,3.35343229523,-2.73303004379,-0.0,-0.0,-1.0,5.56592265235,4.44108160925,1.40078972527,map_000000091.png
4.09540941371,3.35256782796,-2.83137771259,-0.0,-0.0,-1.0,5.56592265235,4.44108160925,1.40078972527,map_000000092.png
4.09567074947,3.35161518204,-2.93364650311,-0.0,-0.0,-1.0,5.56592265235,4.44108160925,1.40078972527,map_000000093.png
4.09567074947,3.35161518204,-2.93364650311,-0.0,-0.0,-1.0,5.56592265235,4.44108160925,1.40078972527,map_000000094.png
4.09584545974,3.35061345259,-3.03590050149,-0.0,-0.0,-1.0,5.56592265235,4.44108160925,1.40078972527,map_000000095.png
4.09590065161,3.34969937306,-3.1342503341,-0.0,-0.0,-1.0,5.56592265235,4.44108160925,1.40078972527,map_000000096.png
4.09586373928,3.34871450245,3.0466659205,-0.0,-0.0,-1.0,5.56592265235,4.44108160925,1.40078972527,map_000000097.png
4.09572284412,3.34773966955,2.94439444875,-0.0,-0.0,-1.0,5.56592265235,4.44108160925,1.40078972527,map_000000098.png
4.09550498438,3.34681822506,2.84605725641,-0.0,-0.0,-1.0,5.56592265235,4.44108160925,1.40078972527,map_000000099.png
4.09517739025,3.34589759389,2.74378249829,-0.0,-0.0,-1.0,5.56592265235,4.44108160925,1.40078972527,map_000000100.png
4.09475121782,3.34500997057,2.64151077876,-0.0,-0.0,-1.0,5.56592265235,4.44108160925,1.40078972527,map_000000101.png
4.09427163819,3.3442199876,2.54316175237,-0.0,-0.0,-1.0,5.56592265235,4.44108160925,1.40078972527,map_000000102.png
4.09368103482,3.34343554993,2.44088884168,-0.0,-0.0,-1.0,5.56592265235,4.44108160925,1.40078972527,map_000000103.png
4.09301445666,3.34271647633,2.33861508137,-0.0,-0.0,-1.0,5.56592265235,4.44108160925,1.40078972527,map_000000104.png
4.09229096955,3.34207938763,2.2402854284,-0.0,-0.0,-1.0,5.56592265235,4.44108160925,1.40078972527,map_000000105.png
4.09149501108,3.34151091238,2.13801111733,-0.0,-0.0,-1.0,5.56592265235,4.44108160925,1.40078972527,map_000000106.png
4.09064228469,3.34101291469,2.03574089789,-0.0,-0.0,-1.0,5.56592265235,4.44108160925,1.40078972527,map_000000107.png
4.08979936641,3.3406492587,1.93738987539,-0.0,-0.0,-1.0,5.56592265235,4.44108160925,1.40078972527,map_000000108.png
4.08888178364,3.34034108211,1.83906298356,-0.0,-0.0,-1.0,5.56592265235,4.44108160925,1.40078972527,map_000000109.png
4.08791880696,3.34012135532,1.7367942193,-0.0,-0.0,-1.0,5.56592265235,4.44108160925,1.40078972527,map_000000110.png
4.08699095168,3.33998376262,1.63845460198,-0.0,-0.0,-1.0,5.56592265235,4.44108160925,1.40078972527,map_000000111.png
4.08600827097,3.33998144393,1.53618270168,-0.0,-0.0,-1.0,5.56592265235,4.44108160925,1.40078972527,map_000000112.png
4.08503617387,3.34005502324,1.43390777928,-0.0,-0.0,-1.0,5.56592265235,4.44108160925,1.40078972527,map_000000113.png
4.08409341171,3.34022521856,1.33557563662,-0.0,-0.0,-1.0,5.56592265235,4.44108160925,1.40078972527,map_000000114.png
4.08315873019,3.34050201142,1.23330016918,-0.0,-0.0,-1.0,5.56592265235,4.44108160925,1.40078972527,map_000000115.png
4.08224806513,3.34087023324,1.13102791076,-0.0,-0.0,-1.0,5.56592265235,4.44108160925,1.40078972527,map_000000116.png
4.08143243976,3.34129208884,1.03267643325,-0.0,-0.0,-1.0,5.56592265235,4.44108160925,1.40078972527,map_000000117.png
4.08061187181,3.34183634017,0.930404600599,-0.0,-0.0,-0.0,5.56592265235,4.44108160925,1.40078972527,map_000000118.png
4.0803464187,3.3420427469,0.898951642712,-0.0,-0.0,-0.0,5.56592265235,4.44108160925,1.40078972527,map_000000119.png
4.08034644185,3.34204274124,0.898951734361,0.35398799181,-0.0,-0.0,5.56592265235,4.44108160925,1.40078972527,map_000000120.png
4.08826532346,3.35202226088,0.89895738635,0.5,-0.0,-0.0,5.56592265235,4.44108160925,1.40078972527,map_000000121.png
4.11261426467,3.38266167781,0.898963160477,0.5,-0.00634403526783,-0.0,5.56592265235,4.44108160925,1.40078972527,map_000000122.png
4.14372268156,3.42177920504,0.898961843658,0.5,-0.00634403526783,-0.0,5.56592265235,4.44108160925,1.40078972527,map_000000123.png
4.17608783581,3.46244930052,0.898951666431,0.5,-0.00634403526783,-0.0,5.56592265235,4.44108160925,1.40078972527,map_000000124.png
4.20893404085,3.50273908259,0.898951998434,0.5,-0.0,-0.0,5.56592265235,4.44108160925,1.40078972527,map_000000125.png
4.24022131409,3.54171437225,0.89895060985,0.5,-0.0,-0.0,5.56592265235,4.44108160925,1.40078972527,map_000000126.png
4.27258413067,3.58238685288,0.89894186236,0.5,-0.0,-0.0,5.56592265235,4.44108160925,1.40078972527,map_000000127.png
4.3049274502,3.62307840867,0.898947404573,0.5,-0.0,-0.0,5.56592265235,4.44108160925,1.40078972527,map_000000128.png
4.3360362151,3.66219565877,0.89894597829,0.5,-0.0,-0.0,5.56592265235,4.44108160925,1.40078972527,map_000000129.png
4.3683799552,3.702887269,0.898951329297,0.5,-0.0,-0.0,5.56592265235,4.44108160925,1.40078972527,map_000000130.png
4.40074553338,3.74355702726,0.898941298823,0.5,-0.0,-0.0,5.56592265235,4.44108160925,1.40078972527,map_000000131.png
4.43185447174,3.78267413986,0.898939868101,0.5,-0.0,-0.0,5.56592265235,4.44108160925,1.40078972527,map_000000132.png
4.46420483444,3.82335824535,0.898940369532,0.5,-0.0,-0.0,5.56592265235,4.44108160925,1.40078972527,map_000000133.png
4.49656807196,3.86403039101,0.898931662205,0.5,-0.0,-0.0,5.56592265235,4.44108160925,1.40078972527,map_000000134.png
4.49656807196,3.86403039101,0.898931662205,0.5,-0.0,-0.0,5.56592265235,4.44108160925,1.40078972527,map_000000135.png
4.52767718367,3.9031473653,0.898930305341,0.5,-0.0,-0.0,5.56592265235,4.44108160925,1.40078972527,map_000000136.png
4.56002098156,3.94383854041,0.898935649542,0.5,-0.0,-0.0,5.56592265235,4.44108160925,1.40078972527,map_000000137.png
4.59236514318,3.98452981551,0.898941093872,0.5,-0.0,-0.0,5.56592265235,4.44108160925,1.40078972527,map_000000138.png
4.6234744275,4.02364665301,0.898939642781,0.5,-0.0,-0.0,5.56592265235,4.44108160925,1.40078972527,map_000000139.png
4.65584048564,4.0643160299,0.898929552595,0.5,-0.0158047731966,-0.0,5.56592265235,4.44108160925,1.40078972527,map_000000140.png
4.68873530141,4.10456713364,0.898929959179,0.495860934258,-0.249900817871,-0.0,5.56592265235,4.44108160925,1.40078972527,map_000000141.png
4.72541463955,4.13912724243,0.89892803709,0.453287601471,-0.259361565113,-0.0,5.56592265235,4.44108160925,1.40078972527,map_000000142.png
4.77776683831,4.1631348212,0.898917826567,0.443826854229,-0.268822282553,-0.0,5.56592265235,4.44108160925,1.40078972527,map_000000143.png
4.82819071746,4.18324217869,0.898921583709,0.443826854229,-0.268822282553,-0.0,5.56592265235,4.44108160925,1.40078972527,map_000000144.png
4.87681798899,4.20139746738,0.898918682232,0.375255584717,-0.370487064123,-0.0,5.56592265235,4.44108160925,1.40078972527,map_000000145.png
4.93005458828,4.21170571859,0.898922257512,0.375255584717,-0.379947811365,-0.0,5.56592265235,4.44108160925,1.40078972527,map_000000146.png
4.9848777212,4.21794506928,0.89891015224,0.330336153507,-0.42015594244,-0.0,5.56592265235,4.44108160925,1.40078972527,map_000000147.png
5.03806262492,4.22173654272,0.898906586646,0.318510234356,-0.42015594244,-0.0,5.56592265235,4.44108160925,1.40078972527,map_000000148.png
5.0914271146,4.22136301113,0.89890306338,0.35398799181,-0.389408558607,-0.0,5.56592265235,4.44108160925,1.40078972527,map_000000149.png
5.14621900522,4.22009182806,0.898901253481,0.35398799181,-0.389408558607,-0.0,5.56592265235,4.44108160925,1.40078972527,map_000000150.png
5.19872443097,4.22318029614,0.898897898641,0.415463715792,-0.299550622702,-0.0,5.56592265235,4.44108160925,1.40078972527,map_000000151.png
5.25088800797,4.23467688855,0.898887285511,0.5,-0.0,-0.0,5.56592265235,4.44108160925,1.40078972527,map_000000152.png
5.29123018179,4.26425586531,0.89889196706,0.5,-0.0,-0.0,5.56592265235,4.44108160925,1.40078972527,map_000000153.png
5.32234111387,4.30337139196,0.898890590874,0.5,-0.0,-0.0,5.56592265235,4.44108160925,1.40078972527,map_000000154.png
5.35468710791,4.34406120973,0.898896105059,0.5,-0.0,-0.0,5.56592265235,4.44108160925,1.40078972527,map_000000155.png
5.38705493986,4.38472917561,0.898885898566,0.5,0.0059244055301,-0.0,5.56592265235,4.44108160925,1.40078972527,map_000000156.png
5.41816604534,4.42384456474,0.898884485556,0.5,0.0059244055301,-0.0,5.56592265235,4.44108160925,1.40078972527,map_000000157.png
5.45012934968,4.4648365244,0.898884945724,0.5,0.0721304938197,-0.0,5.56592265235,4.44108160925,1.40078972527,map_000000158.png
5.47869803347,4.50852675312,0.898876486566,0.5,0.128875851631,-0.0,5.56592265235,4.44108160925,1.40078972527,map_000000159.png
5.50221321675,4.55368373908,0.898875930962,-0.0,-0.0,-0.0,5.56592265235,4.44108160925,1.40078972527,map_000000160.png
5.51818570795,4.58951525432,0.898882344321,-0.0,-0.0,-0.0,5.56592265235,4.44108160925,1.40078972527,map_000000161.png
5.51817616392,4.58952481823,0.898888575818,-0.0,-0.0,-0.0,5.56592265235,4.44108160925,1.40078972527,map_000000162.png
5.51817618064,4.5895248106,0.898888847338,-0.0,-0.0,-0.0,5.56592265235,4.44108160925,1.40078972527,map_000000163.png
5.51818842998,4.5895125587,0.898880585223,-0.0,-0.0,-0.0,5.56592265235,4.44108160925,1.40078972527,map_000000164.png
5.51818573622,4.58951525571,0.898882456071,-0.0,-0.0,-0.0,5.56592265235,4.44108160925,1.40078972527,map_000000165.png
5.51818575236,4.58951524835,0.898882507496,-0.0,-0.0,-0.0,5.56592265235,4.44108160925,1.40078972527,map_000000166.png
5.51819547158,4.58950553521,0.898875980772,-0.0,-0.0,-0.0,5.56592265235,4.44108160925,1.40078972527,map_000000167.png
5.51818582138,4.58951520347,0.898882351542,-0.5,-0.181329533458,-0.0,5.56592265235,4.44108160925,1.40078972527,map_000000168.png
5.51818583731,4.58951519629,0.898882374245,-0.5,-0.181329533458,-0.0,5.56592265235,4.44108160925,1.40078972527,map_000000169.png
5.5012505418,4.53912672199,0.898889144967,-0.5,-0.181329533458,-0.0,5.56592265235,4.44108160925,1.40078972527,map_000000170.png
5.48365997809,4.48670030313,0.898881897217,-0.5,-0.174233987927,-0.0,5.56592265235,4.44108160925,1.40078972527,map_000000171.png
5.46637902774,4.43658479799,0.898882294323,-0.0,-0.0,-0.0,5.56592265235,4.44108160925,1.40078972527,map_000000172.png
5.45658716789,4.40861199934,0.898883699028,-0.0,-0.0,-0.0,5.56592265235,4.44108160925,1.40078972527,map_000000173.png
5.45658716789,4.40861199934,0.898883699028,-0.0,-0.0,-0.0,5.56592265235,4.44108160925,1.40078972527,map_000000174.png
5.45659688767,4.40860228574,0.898877248478,-0.0,-0.0,-0.0,5.56592265235,4.44108160925,1.40078972527,map_000000175.png
5.4565969034,4.40860227871,0.898877261156,-0.0,-0.0,-0.0,5.56592265235,4.44108160925,1.40078972527,map_000000176.png
5.45658725298,4.40861194716,0.89888358495,-0.0,-0.0,-0.0,5.56592265235,4.44108160925,1.40078972527,map_000000177.png
5.45657771033,4.40862151011,0.898890070789,-0.0,-0.0,-0.0,5.56592265235,4.44108160925,1.40078972527,map_000000178.png
5.45657772579,4.40862150318,0.898889960078,-0.0,-0.0,-0.0,5.56592265235,4.44108160925,1.40078972527,map_000000179.png
5.45658997584,4.40860925091,0.898881932766,-0.0,-0.0,-0.0,5.56592265235,4.44108160925,1.40078972527,map_000000180.png
5.45658728263,4.40861194747,0.898883879232,-0.0,-0.0,-0.0,5.56592265235,4.44108160925,1.40078972527,map_000000181.png
5.4565872971,4.40861194144,0.898883707921,0.384716331959,-0.0,-0.0,5.56592265235,4.44108160925,1.40078972527,map_000000182.png
5.45659701693,4.4086022277,0.898877183882,0.5,-0.0749153122306,-0.0,5.56592265235,4.44108160925,1.40078972527,map_000000183.png
5.48148282613,4.43991225561,0.898882897986,0.5,-0.0749153122306,-0.0,5.56592265235,4.44108160925,1.40078972527,map_000000184.png
5.51636931557,4.47366889762,0.898881088439,0.5,-0.126949369907,-0.0,5.56592265235,4.44108160925,1.40078972527,map_000000185.png
5.55757883138,4.50730885997,0.898885976391,0.5,-0.164773240685,-0.0,5.56592265235,4.44108160925,1.40078972527,map_000000186.png
5.60169596931,4.53863164509,0.898874990248,-0.0,-0.0,-0.0,5.56592265235,4.44108160925,1.40078972527,map_000000187.png
5.63337691427,4.55941229285,0.898873004729,-0.0,-0.0,-0.0,5.56592265235,4.44108160925,1.40078972527,map_000000188.png
5.63337693027,4.55941228562,0.898873049868,-0.0,-0.0,-0.0,5.56592265235,4.44108160925,1.40078972527,map_000000189.png
5.6333742354,4.5594149835,0.898874768617,-0.0,-0.0,-0.0,5.56592265235,4.44108160925,1.40078972527,map_000000190.png
5.63337425144,4.55941497622,0.898874807359,-0.0,-0.0,-0.0,5.56592265235,4.44108160925,1.40078972527,map_000000191.png
5.6333839717,4.55940526227,0.898868446188,-0.0,-0.0,-0.0,5.56592265235,4.44108160925,1.40078972527,map_000000192.png
5.63337432129,4.55941493067,0.898874762383,-0.0,-0.0,-0.0,5.56592265235,4.44108160925,1.40078972527,map_000000193.png
5.63337433732,4.55941492341,0.898874798254,-0.0,-0.0,-0.0,5.56592265235,4.44108160925,1.40078972527,map_000000194.png
5.63336479374,4.55942448701,0.898881108159,-0.0,-0.0,-0.0,5.56592265235,4.44108160925,1.40078972527,map_000000195.png
5.63337704404,4.55941223453,0.898873097788,-0.0,-0.0,-0.118587300181,5.56592265235,4.44108160925,1.40078972527,map_000000196.png
5.63337705964,4.55941222759,0.898873082155,-0.0,-0.0,-0.118587300181,5.56592265235,4.44108160925,1.40078972527,map_000000197.png
5.63330455402,4.55947105511,0.889546080307,-0.0,-0.0,-1.0,5.56592265235,4.44108160925,1.40078972527,map_000000198.png
5.63283324566,4.55987546181,0.821931935737,-0.0,-0.0,-1.0,5.56592265235,4.44108160925,1.40078972527,map_000000199.png
5.63217887422,4.56053784794,0.723586165145,-0.0,-0.0,-0.0,5.56592265235,4.44108160925,1.40078972527,map_000000200.png
5.63167656667,4.56115524236,0.644933768621,-0.0,-0.0,-0.0,5.56592265235,4.44108160925,1.40078972527,map_000000201.png
5.63167498632,4.56115366809,0.64493371941,-0.0,-0.0,-0.0,5.56592265235,4.44108160925,1.40078972527,map_000000202.png
5.63167500114,4.56115366257,0.644933585549,-0.0,-0.0,-0.0,5.56592265235,4.44108160925,1.40078972527,map_000000203.png
5.63168462579,4.56114406586,0.644927312164,-0.0,-0.0,-0.0,5.56592265235,4.44108160925,1.40078972527,map_000000204.png
5.63167507095,4.56115361738,0.64493353199,-0.0,-0.0,-0.0,5.56592265235,4.44108160925,1.40078972527,map_000000205.png
5.63167508701,4.56115360979,0.644933656971,-0.0,-0.0,0.282052069902,5.56592265235,4.44108160925,1.40078972527,map_000000206.png
5.63173301305,4.56107739653,0.65491776514,-0.0,-0.0,0.849429309368,5.56592265235,4.44108160925,1.40078972527,map_000000207.png
5.63195744637,4.56079540491,0.692688965129,-0.0,-0.0,0.863124489784,5.56592265235,4.44108160925,1.40078972527,map_000000208.png
5.63247814526,4.56021409402,0.776230738293,-0.0,-0.0,0.863124489784,5.56592265235,4.44108160925,1.40078972527,map_000000209.png
5.63308763179,4.55964114391,0.864455158788,-0.0,-0.0,0.863124489784,5.56592265235,4.44108160925,1.40078972527,map_000000210.png
5.63374903746,4.55912171146,0.952731171698,-0.0,-0.0,0.863124489784,5.56592265235,4.44108160925,1.40078972527,map_000000211.png
5.6344448786,4.5586664638,1.03760142879,-0.0,-0.0,0.863124489784,5.56592265235,4.44108160925,1.40078972527,map_000000212.png
5.63519897689,4.55825906568,1.12587007008,-0.0,-0.0,0.863124489784,5.56592265235,4.44108160925,1.40078972527,map_000000213.png
5.63519897689,4.55825906568,1.12587007008,-0.0,-0.0,0.863124489784,5.56592265235,4.44108160925,1.40078972527,map_000000214.png
5.63597747354,4.55792742352,1.2141421303,-0.0,-0.0,0.863124489784,5.56592265235,4.44108160925,1.40078972527,map_000000215.png
5.63674081165,4.55767338858,1.29902328654,-0.0,-0.0,0.863124489784,5.56592265235,4.44108160925,1.40078972527,map_000000216.png
5.63758369837,4.55747451051,1.38728152875,-0.0,-0.0,0.863124489784,5.56592265235,4.44108160925,1.40078972527,map_000000217.png
5.63842232156,4.55735590851,1.47554898115,-0.0,-0.0,-0.0,5.56592265235,4.44108160925,1.40078972527,map_000000218.png
5.63869199827,4.55732469732,1.50270351023,-0.0,-0.0,-0.0,5.56592265235,4.44108160925,1.40078972527,map_000000219.png
5.63868217116,4.55733458528,1.50270841689,-0.0,-0.0,-0.0,5.56592265235,4.44108160925,1.40078972527,map_000000220.png
5.63868019379,4.55733657491,1.50270943505,-0.0,-0.0,-0.0,5.56592265235,4.44108160925,1.40078972527,map_000000221.png
5.63868216733,4.55733460259,1.50270843875,-0.0,-0.0,-0.0,5.56592265235,4.44108160925,1.40078972527,map_000000222.png
5.63868018962,4.55733659223,1.50270942286,-0.0,-0.0,-0.0,5.56592265235,4.44108160925,1.40078972527,map_000000223.png
5.63869198703,4.557324749,1.5027034735,-0.0,-0.0,-0.0,5.56592265235,4.44108160925,1.40078972527,map_000000224.png
5.63868018553,4.55733660953,1.50270941701,-0.0,-0.0,-0.0,5.56592265235,4.44108160925,1.40078972527,map_000000225.png
5.63869198361,4.55732476674,1.5027035925,-0.0,-0.0,-0.0,5.56592265235,4.44108160925,1.40078972527,map_000000226.png
5.63868215708,4.55733464637,1.50270843621,-0.0,-0.0,-0.0,5.56592265235,4.44108160925,1.40078972527,map_000000227.png
5.63869197916,4.55732478375,1.50270351244,-0.0,-0.0,-0.0,5.56592265235,4.44108160925,1.40078972527,map_000000228.png
5.63868017769,4.55733664412,1.50270944029,-0.133568078279,-0.0,-0.0,5.56592265235,4.44108160925,1.40078972527,map_000000229.png
5.63869197537,4.55732480118,1.50270355549,-0.133568078279,-0.0,-0.0,5.56592265235,4.44108160925,1.40078972527,map_000000230.png
5.63788079867,4.54561487642,1.50270931125,-0.5,-0.0,-0.0,5.56592265235,4.44108160925,1.40078972527,map_000000231.png
5.63515363656,4.50543944137,1.50270361017,-0.5,-0.0,-0.0,5.56592265235,4.44108160925,1.40078972527,map_000000232.png
5.63160743091,4.4535922146,1.50270800303,-0.5,-0.0,-0.0,5.56592265235,4.44108160925,1.40078972527,map_000000233.png
5.62821683734,4.40371936497,1.50270354825,-0.5,-0.0,-0.0,5.56592265235,4.44108160925,1.40078972527,map_000000234.png
5.62467063124,4.35187213848,1.50270794814,-0.0,-0.0,-0.0,5.56592265235,4.44108160925,1.40078972527,map_000000235.png

