3.72306862474,2.4072744098,-1.52252439521,-0.0,-0.0,-0.0,1.90536760116,1.44424367987,-2.1156854954,map_000000032.png
3.72306865668,2.40727436313,-1.52252416797,-0.0,-0.0,-0.0545365773141,1.90536760116,1.44424367987,-2.1156854954,map_000000033.png
3.72310153095,2.40727599992,-1.52595653303,-0.0,-0.0,-0.0911206379533,1.90536760116,1.44424367987,-2.1156854954,map_000000034.png
3.72317160133,2.40727896633,-1.53326040251,-0.0,-0.0,-0.0911206379533,1.90536760116,1.44424367987,-2.1156854954,map_000000035.png
3.72325759519,2.4072818886,-1.54222047702,-0.0,-0.0,-0.0911206379533,1.90536760116,1.44424367987,-2.1156854954,map_000000036.png
3.72334700152,2.40728415546,-1.55153899513,-0.0,-0.0,-0.232955411077,1.90536760116,1.44424367987,-2.1156854954,map_000000037.png
3.72342309006,2.40727541072,-1.56050371178,-0.0,-0.0,-0.232955411077,1.90536760116,1.44424367987,-2.1156854954,map_000000038.png
3.72363138094,2.40728559299,-1.58117433933,-0.0,-0.0,-0.640186786652,1.90536760116,1.44424367987,-2.1156854954,map_000000039.png
3.7241208968,2.40726893844,-1.6322268707,-0.0,-0.0,-1.0,1.90536760116,1.44424367987,-2.1156854954,map_000000040.png
3.72487221127,2.40720526644,-1.71216835985,-0.0,-0.0,-1.0,1.90536760116,1.44424367987,-2.1156854954,map_000000041.png
3.72577700726,2.40703811156,-1.81051836177,-0.0,-0.0,-1.0,1.90536760116,1.44424367987,-2.1156854954,map_000000042.png
3.72671835548,2.40675183723,-1.91278968261,-0.0,-0.0,-1.0,1.90536760116,1.44424367987,-2.1156854954,map_000000043.png
3.72761066057,2.40638944233,-2.01111971291,-0.0,-0.0,-1.0,1.90536760116,1.44424367987,-2.1156854954,map_000000044.png
3.72842595581,2.40596688568,-2.10947125703,-0.0,-0.0,-1.0,1.90536760116,1.44424367987,-2.1156854954,map_000000045.png
3.72924609827,2.40542231028,-2.21174295809,-0.0,-0.0,-1.0,1.90536760116,1.44424367987,-2.1156854954,map_000000046.png
3.72998990951,2.40481240454,-2.31007391909,-0.0,-0.0,-1.0,1.90536760116,1.44424367987,-2.1156854954,map_000000047.png
3.7306817173,2.40411682954,-2.41234723285,-0.0,-0.0,-1.0,1.90536760116,1.44424367987,-2.1156854954,map_000000048.png
3.7312637272,2.40340172163,-2.51069687748,-0.0,-0.0,-1.0,1.90536760116,1.44424367987,-2.1156854954,map_000000049.png
3.7317951825,2.40259940721,-2.60902713627,-0.0,-0.0,-1.0,1.90536760116,1.44424367987,-2.1156854954,map_000000050.png
3.73225228339,2.40173023957,-2.71129931868,-0.0,-0.0,-1.0,1.90536760116,1.44424367987,-2.1156854954,map_000000051.png
3.73260432039,2.40086809141,-2.80964408269,-0.0,-0.0,-1.0,1.90536760116,1.44424367987,-2.1156854954,map_000000052.png
3.73287094326,2.39995059397,-2.90797669879,-0.0,-0.0,-0.978751480579,1.90536760116,1.44424367987,-2.1156854954,map_000000053.png
3.73306410137,2.39897957726,-3.0095727925,-0.0,-0.0,-0.319895029068,1.90536760116,1.44424367987,-2.1156854954,map_000000054.png
3.73315267301,2.39812144251,-3.09803710942,-0.0,-0.0,-0.0,1.90536760116,1.44424367987,-2.1156854954,map_000000055.png
3.73315369289,2.39782706648,-3.12949618726,-0.0,-0.0,-0.0,1.90536760116,1.44424367987,-2.1156854954,map_000000056.png
3.73315389961,2.39780294334,-3.13201267267,-0.0,-0.0,-0.0,1.90536760116,1.44424367987,-2.1156854954,map_000000057.png
3.73316376971,2.39779310775,-3.13200806868,-0.0,-0.0,-0.0,1.90536760116,1.44424367987,-2.1156854954,map_000000058.png
3.73315388256,2.39780294776,-3.13201266077,-0.0,-0.0,-0.0,1.90536760116,1.44424367987,-2.1156854954,map_000000059.png
3.73316375331,2.39779311201,-3.13200802084,-0.0,-0.0,-0.0,1.90536760116,1.44424367987,-2.1156854954,map_000000060.png
3.73315192059,2.39780488453,-3.1320136244,-0.0,-0.0,-0.0,1.90536760116,1.44424367987,-2.1156854954,map_000000061.png
3.73316373635,2.3977931159,-3.13200807117,-0.0,-0.0,-0.0,1.90536760116,1.44424367987,-2.1156854954,map_000000062.png
3.73315190381,2.39780488921,-3.13201357394,-0.0,-0.0,-0.0,1.90536760116,1.44424367987,-2.1156854954,map_000000063.png
3.73315384116,2.39780295803,-3.13201266327,-0.0,-0.0,-0.0,1.90536760116,1.44424367987,-2.1156854954,map_000000064.png
3.73315188708,2.3978048927,-3.13201364124,-0.0,-0.0,-0.0,1.90536760116,1.44424367987,-2.1156854954,map_000000065.png
3.7331538244,2.39780296179,-3.13201270554,-0.0,-0.0,-0.0,1.90536760116,1.44424367987,-2.1156854954,map_000000066.png
3.7331636949,2.39779312608,-3.13200808885,-0.0,-0.0,-0.0,1.90536760116,1.44424367987,-2.1156854954,map_000000067.png
3.73315380764,2.39780296586,-3.13201271715,-0.0,-0.0,-0.0,1.90536760116,1.44424367987,-2.1156854954,map_000000068.png
3.73316367818,2.39779313045,-3.13200806377,-0.0,-0.0,-0.0,1.90536760116,1.44424367987,-2.1156854954,map_000000069.png
3.73315379088,2.39780296986,-3.13201273495,-0.0,-0.0,-0.0,1.90536760116,1.44424367987,-2.1156854954,map_000000070.png
3.73316366162,2.39779313472,-3.13200803155,-0.0,-0.0,-0.0,1.90536760116,1.44424367987,-2.1156854954,map_000000071.png
3.7331518289,2.39780490726,-3.1320136331,-0.0,-0.0,-0.0,1.90536760116,1.44424367987,-2.1156854954,map_000000072.png
3.7331636447,2.39779313869,-3.13200806939,-0.0,-0.0,-0.0,1.90536760116,1.44424367987,-2.1156854954,map_000000073.png
3.73315181213,2.39780491153,-3.13201362444,-0.0,-0.0,-0.0,1.90536760116,1.44424367987,-2.1156854954,map_000000074.png
3.73315374947,2.3978029807,-3.13201267826,-0.0,-0.0,-0.0,1.90536760116,1.44424367987,-2.1156854954,map_000000075.png
3.73315179538,2.39780491574,-3.13201361909,-0.0,-0.0,-0.0,1.90536760116,1.44424367987,-2.1156854954,map_000000076.png
3.73315373271,2.39780298502,-3.13201266265,-0.0,-0.0,-0.0,1.90536760116,1.44424367987,-2.1156854954,map_000000077.png
3.73316360345,2.39779314926,-3.13200802437,-0.0,-0.0,-0.0,1.90536760116,1.44424367987,-2.1156854954,map_000000078.png
3.73315371595,2.39780298877,-3.13201270588,-0.0,-0.0,-0.0,1.90536760116,1.44424367987,-2.1156854954,map_000000079.png
3.73315371595,2.39780298877,-3.13201270588,-0.0,-0.0,-0.0,1.90536760116,1.44424367987,-2.1156854954,map_000000080.png
3.73316358649,2.39779315315,-3.13200807518,-0.0,-0.0,-0.0,1.90536760116,1.44424367987,-2.1156854954,map_000000081.png
3.73315175397,2.39780492602,-3.1320136216,-0.0,-0.0,-0.0,1.90536760116,1.44424367987,-2.1156854954,map_000000082.png
3.73316356989,2.39779315744,-3.13200804533,0.268860429525,-0.0,-0.0,1.90536760116,1.44424367987,-2.1156854954,map_000000083.png
3.73120582584,2.39778628272,-3.13201364389,0.268860429525,-0.0,-0.0,1.90536760116,1.44424367987,-2.1156854954,map_000000084.png
3.71824437592,2.39765020594,-3.13200782748,0.5,-0.0,-0.0,1.90536760116,1.44424367987,-2.1156854954,map_000000085.png
3.6867383484,2.39736018399,-3.13201362225,0.5,-0.0,-0.0,1.90536760116,1.44424367987,-2.1156854954,map_000000086.png
3.63676437532,2.39687943633,-3.13201268986,0.5,-0.0,-0.0,1.90536760116,1.44424367987,-2.1156854954,map_000000087.png
3.58478666532,2.39638332083,-3.13201361194,0.5,-0.0,-0.0,1.90536760116,1.44424367987,-2.1156854954,map_000000088.png
3.53481269223,2.39590257257,-3.13201274241,0.5,-0.0,-0.0,1.90536760116,1.44424367987,-2.1156854954,map_000000089.png
3.4848460607,2.39541386786,-3.13200756146,0.5,-0.0,-0.0,1.90536760116,1.44424367987,-2.1156854954,map_000000090.png
3.43286100914,2.39492570994,-3.13201272645,0.5,-0.0,-0.0,1.90536760116,1.44424367987,-2.1156854954,map_000000091.png
3.38289437741,2.39443700479,-3.13200761174,0.5,-0.0,-0.0,1.90536760116,1.44424367987,-2.1156854954,map_000000092.png
3.3329060365,2.39396989492,-3.13201361852,0.5,-0.0,-0.0,1.90536760116,1.44424367987,-2.1156854954,map_000000093.png
3.28094269427,2.39346014164,-3.13200760557,0.5,-0.0,-0.0,1.90536760116,1.44424367987,-2.1156854954,map_000000094.png
3.23095435342,2.39299303167,-3.13201361635,0.5,-0.0,-0.0,1.90536760116,1.44424367987,-2.1156854954,map_000000095.png
3.17899101138,2.39248327896,-3.13200757279,0.5,-0.0,-0.0,1.90536760116,1.44424367987,-2.1156854954,map_000000096.png
3.12900267033,2.39201616867,-3.13201363779,0.5,-0.0,-0.0956984162331,1.90536760116,1.44424367987,-2.1156854954,map_000000097.png
3.07903678521,2.39151580744,-3.1338899521,0.5,-0.0,-0.942167401314,1.90536760116,1.44424367987,-2.1156854954,map_000000098.png
3.02705166995,2.39124123389,3.13617625266,0.5,-0.0,-0.631031215191,1.90536760116,1.44424367987,-2.1156854954,map_000000099.png
2.97709560896,2.39284763164,3.04352991714,0.5,-0.0,-0.631031215191,1.90536760116,1.44424367987,-2.1156854954,map_000000100.png
2.9274739293,2.39881885256,2.97657757397,0.5,-0.0,-0.0,1.90536760116,1.44424367987,-2.1156854954,map_000000101.png
2.87633273298,2.40810858208,2.95176679468,0.5,-0.0,-0.0,1.90536760116,1.44424367987,-2.1156854954,map_000000102.png
2.8272540502,2.41753702915,2.95176736869,0.5,-0.0,-0.0,1.90536760116,1.44424367987,-2.1156854954,map_000000103.png
2.77818290481,2.42695745712,2.95177142548,0.5,-0.0,-0.0,1.90536760116,1.44424367987,-2.1156854954,map_000000104.png
2.72712908454,2.43677478549,2.95176739728,0.5,-0.0,-0.0,1.90536760116,1.44424367987,-2.1156854954,map_000000105.png
2.67805793968,2.44619521509,2.95177144462,0.5,-0.0,-0.0,1.90536760116,1.44424367987,-2.1156854954,map_000000106.png
2.62700411958,2.456012544,2.95176732816,0.5,-0.0,-0.0,1.90536760116,1.44424367987,-2.1156854954,map_000000107.png
2.57793297405,2.46543297249,2.95177136856,0.5,-0.0,0.0533158369362,1.90536760116,1.44424367987,-2.1156854954,map_000000108.png
2.5288400332,2.4748715474,2.95407607131,0.5,-0.0,0.698439002037,1.90536760116,1.44424367987,-2.1156854954,map_000000109.png
2.47776681301,2.48454923456,2.97475487153,0.5,-0.0,1.0,1.90536760116,1.44424367987,-2.1156854954,map_000000110.png
2.42832701538,2.49185565325,3.0446322876,0.5,-0.00397885078564,1.0,1.90536760116,1.44424367987,-2.1156854954,map_000000111.png
2.37846935806,2.49530560797,-3.14022994314,0.5,-0.00397885078564,1.0,1.90536760116,1.44424367987,-2.1156854954,map_000000112.png
2.32649160977,2.49399436601,-3.03795558843,0.5,-0.00397885078564,1.0,1.90536760116,1.44424367987,-2.1156854954,map_000000113.png
2.27689068746,2.48783377566,-2.93963327175,0.5,-0.00397885078564,-0.0,1.90536760116,1.44424367987,-2.1156854954,map_000000114.png
2.22814440628,2.47682373425,-2.88456041153,0.5,-0.00397885078564,-0.0,1.90536760116,1.44424367987,-2.1156854954,map_000000115.png
2.17776902743,2.46401110528,-2.88455339963,0.5,-0.00397885078564,-0.0,1.90536760116,1.44424367987,-2.1156854954,map_000000116.png
2.12932162157,2.45170082746,-2.88455182698,0.5,-0.00397885078564,-0.0,1.90536760116,1.44424367987,-2.1156854954,map_000000117.png
2.07894645625,2.43888748257,-2.8845445766,0.5,-0.00397885078564,-0.0,1.90536760116,1.44424367987,-2.1156854954,map_000000118.png
2.03051854364,2.42655671758,-2.8845317137,0.5,-0.00397885078564,-0.0,1.90536760116,1.44424367987,-2.1156854954,map_000000119.png
1.98207140315,2.41424539408,-2.88453028639,0.5,-0.00397885078564,-0.0,1.90536760116,1.44424367987,-2.1156854954,map_000000120.png
1.93169651397,2.40143096431,-2.88452290883,0.450922429562,-0.0134395882487,-0.0,1.90536760116,1.44424367987,-2.1156854954,map_000000121.png
1.88453003697,2.3897044597,-2.88451029458,0.195558801293,-0.0229003261775,-0.0,1.90536760116,1.44424367987,-2.1156854954,map_000000122.png
1.84156505073,2.379850018,-2.88450973062,0.129352703691,-0.0229003261775,-0.0,1.90536760116,1.44424367987,-2.1156854954,map_000000123.png
1.82129930556,2.37698348343,-2.88450712219,0.129352703691,-0.0229003261775,-0.0,1.90536760116,1.44424367987,-2.1156854954,map_000000124.png
1.80745493889,2.37569799829,-2.88449984268,-0.0,-0.0,-0.0,1.90536760116,1.44424367987,-2.1156854954,map_000000125.png
1.80325756241,2.37536418135,-2.88450478439,-0.0,-0.0,-0.0,1.90536760116,1.44424367987,-2.1156854954,map_000000126.png
1.80325760075,2.37536413749,-2.88450486674,-0.0,-0.0,-0.0,1.90536760116,1.44424367987,-2.1156854954,map_000000127.png
1.80326748716,2.37535428676,-2.88449935358,-0.0,-0.0,-0.0,1.90536760116,1.44424367987,-2.1156854954,map_000000128.png
1.80326752527,2.37535424379,-2.88449934378,-0.0,-0.0,-0.0,1.90536760116,1.44424367987,-2.1156854954,map_000000129.png
1.80325771211,2.3753640122,-2.88450479733,-0.0,-0.0,-0.0,1.90536760116,1.44424367987,-2.1156854954,map_000000130.png
1.80326759865,2.37535416224,-2.88449915296,-0.0,-0.0,0.044160284102,1.90536760116,1.44424367987,-2.1156854954,map_000000131.png
1.80326033627,2.37538272012,-2.88137241774,-0.0,-0.0,0.858584880829,1.90536760116,1.44424367987,-2.1156854954,map_000000132.png
1.80313624049,2.37578758845,-2.83859481261,-0.0,-0.0,1.0,1.90536760116,1.44424367987,-2.1156854954,map_000000133.png
1.80286265771,2.37656095135,-2.75025850445,-0.0,-0.0,1.0,1.90536760116,1.44424367987,-2.1156854954,map_000000134.png
1.80245883223,2.37743769904,-2.64797818599,-0.0,-0.0,1.0,1.90536760116,1.44424367987,-2.1156854954,map_000000135.png
1.80195782794,2.37826735226,-2.54965065444,-0.0,-0.0,1.0,1.90536760116,1.44424367987,-2.1156854954,map_000000136.png
1.80141319086,2.37900715975,-2.45129922152,-0.0,-0.0,1.0,1.90536760116,1.44424367987,-2.1156854954,map_000000137.png
1.80075418868,2.37973309517,-2.34902560061,-0.0,-0.0,1.0,1.90536760116,1.44424367987,-2.1156854954,map_000000138.png
1.80003767767,2.38037735744,-2.2506956615,-0.0,-0.0,1.0,1.90536760116,1.44424367987,-2.1156854954,map_000000139.png
1.7992482683,2.38095354731,-2.14842094949,-0.0,-0.0,1.0,1.90536760116,1.44424367987,-2.1156854954,map_000000140.png
1.79844903104,2.38143546365,-2.05007645639,-0.0,-0.0,-0.0,1.90536760116,1.44424367987,-2.1156854954,map_000000141.png
1.79757354354,2.38183128483,-1.9517456743,-0.0,-0.0,-0.0,1.90536760116,1.44424367987,-2.1156854954,map_000000142.png
1.79748593435,2.38187613396,-1.94388905239,-0.0,-0.0,-0.0,1.90536760116,1.44424367987,-2.1156854954,map_000000143.png
1.7974858769,2.38187619743,-1.9438890555,-0.0,-0.0,-0.0,1.90536760116,1.44424367987,-2.1156854954,map_000000144.png
1.7974953502,2.38186669435,-1.9438833636,-0.0,-0.0,-0.0,1.90536760116,1.44424367987,-2.1156854954,map_000000145.png
1.79748596062,2.38187609438,-1.94388881878,-0.0,-0.0,-0.0,1.90536760116,1.44424367987,-2.1156854954,map_000000146.png
1.79748590164,2.38187616072,-1.94388901254,-0.0,-0.0,-0.0,1.90536760116,1.44424367987,-2.1156854954,map_000000147.png
1.79749537595,2.38186665749,-1.94388347987,-0.0,-0.0,-0.0,1.90536760116,1.44424367987,-2.1156854954,map_000000148.png
1.79748598665,2.38187605721,-1.94388910779,-0.0,-0.0,-0.0,1.90536760116,1.44424367987,-2.1156854954,map_000000149.png
1.79748598665,2.38187605721,-1.94388910779,-0.0,-0.0,-0.0,1.90536760116,1.44424367987,-2.1156854954,map_000000150.png
1.79749540235,2.38186662067,-1.94388370163,-0.0,-0.0,-0.0,1.90536760116,1.44424367987,-2.1156854954,map_000000151.png
1.79749540235,2.38186662067,-1.94388370163,-0.0,-0.0,-0.0,1.90536760116,1.44424367987,-2.1156854954,map_000000152.png
1.79748601011,2.38187602105,-1.94388875368,-0.0,-0.0,0.524559795856,1.90536760116,1.44424367987,-2.1156854954,map_000000153.png
1.79743067054,2.38189769634,-1.93769909841,-0.0,-0.0,-0.0,1.90536760116,1.44424367987,-2.1156854954,map_000000154.png
1.7969517601,2.38206305442,-1.88405012973,-0.0,-0.0,-0.0,1.90536760116,1.44424367987,-2.1156854954,map_000000155.png
1.79653739679,2.3821847278,-1.83865631038,-0.0,-0.0,-0.0,1.90536760116,1.44424367987,-2.1156854954,map_000000156.png
1.79652801897,2.38219406577,-1.83866176525,-0.0,-0.0,-0.0,1.90536760116,1.44424367987,-2.1156854954,map_000000157.png
1.79652805494,2.38219402425,-1.83866172549,-0.0,-0.0,-0.0,1.90536760116,1.44424367987,-2.1156854954,map_000000158.png
1.79653749314,2.38218455214,-1.83865649351,-0.0,-0.0,-0.0,1.90536760116,1.44424367987,-2.1156854954,map_000000159.png
1.79652812475,2.38219394465,-1.83866170297,-0.0,-0.0,-0.0,1.90536760116,1.44424367987,-2.1156854954,map_000000160.png
1.79652816105,2.38219390326,-1.83866169059,-0.0,-0.0,-0.0,1.90536760116,1.44424367987,-2.1156854954,map_000000161.png
1.79653759954,2.38218443107,-1.83865648851,-0.0,-0.0,-0.0,1.90536760116,1.44424367987,-2.1156854954,map_000000162.png
1.79652823114,2.3821938236,-1.8386616973,-0.0,-0.0,-0.0,1.90536760116,1.44424367987,-2.1156854954,map_000000163.png
1.79652826743,2.3821937822,-1.83866168329,-0.0,-0.0,-0.0,1.90536760116,1.44424367987,-2.1156854954,map_000000164.png
1.79653770452,2.38218431001,-1.83865627437,0.089144565165,-0.0,-0.0,1.90536760116,1.44424367987,-2.1156854954,map_000000165.png
1.79616041722,2.38080948417,-1.83865633972,0.254669338465,-0.0,-0.0,1.90536760116,1.44424367987,-2.1156854954,map_000000166.png
1.79379279961,2.37222651296,-1.83866026426,0.254669338465,-0.0,-0.0,1.90536760116,1.44424367987,-2.1156854954,map_000000167.png
1.79144396099,2.36362457012,-1.83865351877,0.469843894243,-0.0,-0.0,1.90536760116,1.44424367987,-2.1156854954,map_000000168.png
1.780047965,2.32214650094,-1.8386591556,0.5,-0.00870921928436,-0.0,1.90536760116,1.44424367987,-2.1156854954,map_000000169.png
1.76670956993,2.27534558696,-1.83865248174,0.5,-0.00870921928436,-0.0,1.90536760116,1.44424367987,-2.1156854954,map_000000170.png
1.75263208797,2.22738605248,-1.83865750499,0.5,-0.00870921928436,-0.0,1.90536760116,1.44424367987,-2.1156854954,map_000000171.png
1.73800109072,2.17749801912,-1.83865671764,0.17190694809,-0.00870921928436,-0.0,1.90536760116,1.44424367987,-2.1156854954,map_000000172.png
1.72394233566,2.12951933765,-1.83865020706,0.17190694809,-0.00870921928436,-0.0,1.90536760116,1.44424367987,-2.1156854954,map_000000173.png
1.70986496994,2.08155976963,-1.83865500982,-0.0,-0.0,-0.0,1.90536760116,1.44424367987,-2.1156854954,map_000000174.png
1.70822451648,2.07637227381,-1.83865495571,-0.0,-0.0,-0.0,1.90536760116,1.44424367987,-2.1156854954,map_000000175.png
1.70823394208,2.0763628169,-1.83865004164,-0.0,-0.0,-0.0,1.90536760116,1.44424367987,-2.1156854954,map_000000176.png
1.70822460465,2.0763721691,-1.83865522561,-0.0,-0.0,-0.0,1.90536760116,1.44424367987,-2.1156854954,map_000000177.png
1.70822454147,2.07637223765,-1.8386549295,-0.0,-0.0,-0.0,1.90536760116,1.44424367987,-2.1156854954,map_000000178.png
1.70823396348,2.0763627807,-1.83864948023,0.150620281696,-0.0,-0.0,1.90536760116,1.44424367987,-2.1156854954,map_000000179.png
1.70822462846,2.07637213327,-1.83865490146,0.150620281696,-0.0,-0.0,1.90536760116,1.44424367987,-2.1156854954,map_000000180.png
1.70503659565,2.06475646191,-1.83865472187,0.5,-0.0,-0.0,1.90536760116,1.44424367987,-2.1156854954,map_000000181.png
1.69551486922,2.03001919992,-1.83864829261,0.5,-0.0,-0.0,1.90536760116,1.44424367987,-2.1156854954,map_000000182.png
1.68174783708,1.97990047366,-1.8386534235,0.5,-0.0,-0.0,1.90536760116,1.44424367987,-2.1156854954,map_000000183.png
1.66851950456,1.93170145867,-1.83865259257,0.5,-0.0,-0.0,1.90536760116,1.44424367987,-2.1156854954,map_000000184.png
1.65530051075,1.88349230108,-1.83864604551,0.363448739052,-0.0,-0.0,1.90536760116,1.44424367987,-2.1156854954,map_000000185.png
1.64153359517,1.83337354228,-1.83865073507,0.363448739052,-0.0,-0.0,1.90536760116,1.44424367987,-2.1156854954,map_000000186.png
1.63119552152,1.79570525504,-1.83865037077,-0.0,-0.0,-0.0,1.90536760116,1.44424367987,-2.1156854954,map_000000187.png
1.62696460665,1.78028886904,-1.83865003021,-0.0,-0.0,-0.0,1.90536760116,1.44424367987,-2.1156854954,map_000000188.png
1.62696463469,1.78028882342,-1.83865002137,-0.0,-0.0,-0.0,1.90536760116,1.44424367987,-2.1156854954,map_000000189.png
1.62696457277,1.78028889158,-1.83865005461,-0.0,-0.0,-0.0,1.90536760116,1.44424367987,-2.1156854954,map_000000190.png
1.62696463175,1.78028883283,-1.83865001491,-0.0,-0.0,-0.0,1.90536760116,1.44424367987,-2.1156854954,map_000000191.png
1.62696465974,1.78028878725,-1.8386500096,-0.0,-0.0,-0.0,1.90536760116,1.44424367987,-2.1156854954,map_000000192.png
1.62696459764,1.78028885544,-1.83865001481,0.361083567142,-0.0,-0.0,1.90536760116,1.44424367987,-2.1156854954,map_000000193.png
1.62085072385,1.7580115388,-1.83864960954,0.5,-0.0,-0.0,1.90536760116,1.44424367987,-2.1156854954,map_000000194.png
1.609680465,1.7173103803,-1.83864915037,0.5,-0.0,-0.0,1.90536760116,1.44424367987,-2.1156854954,map_000000195.png
1.59645234277,1.66911130736,-1.83864821682,0.5,-0.0,-0.0,1.90536760116,1.44424367987,-2.1156854954,map_000000196.png
1.5826951559,1.6189837197,-1.83864737888,0.5,-0.0,-0.0,1.90536760116,1.44424367987,-2.1156854954,map_000000197.png
1.56946686211,1.57078327394,-1.83864662789,0.5,-0.0,-0.0,1.90536760116,1.44424367987,-2.1156854954,map_000000198.png
1.55571910592,1.52064667096,-1.83863981336,0.119891963899,-0.0,-0.0,1.90536760116,1.44424367987,-2.1156854954,map_000000199.png
1.54891773619,1.49590756238,-1.83864534684,-0.0,-0.0,-0.0,1.90536760116,1.44424367987,-2.1156854954,map_000000200.png
1.54714150307,1.4894352692,-1.8386452172,-0.0,-0.0,-0.0,1.90536760116,1.44424367987,-2.1156854954,map_000000201.png
1.54715085464,1.48942589195,-1.83863972755,-0.0,-0.0,-0.0,1.90536760116,1.44424367987,-2.1156854954,map_000000202.png
1.54714150033,1.48943527861,-1.8386452314,-0.0,-0.0,-0.0,1.90536760116,1.44424367987,-2.1156854954,map_000000203.png
1.54714152785,1.4894352331,-1.83864516822,-0.0,-0.0,-0.0,1.90536760116,1.44424367987,-2.1156854954,map_000000204.png
1.5471508817,1.48942585578,-1.83864001812,-0.0,-0.0,-0.0,1.90536760116,1.44424367987,-2.1156854954,map_000000205.png
1.54714152499,1.4894352425,-1.83864516996,-0.0,-0.0,-0.0,1.90536760116,1.44424367987,-2.1156854954,map_000000206.png
1.54714155136,1.48943519734,-1.83864482183,0.0418599508703,-0.0,-0.0,1.90536760116,1.44424367987,-2.1156854954,map_000000207.png
1.5468851289,1.48845739339,-1.83864015237,0.486400187016,-0.0134395882487,-0.0,1.90536760116,1.44424367987,-2.1156854954,map_000000208.png
1.54524614695,1.48273180789,-1.83864540324,0.5,-0.0134395882487,-0.0,1.90536760116,1.44424367987,-2.1156854954,map_000000209.png
1.53051569461,1.43433721179,-1.83864465956,0.5,-0.0134395882487,-0.0,1.90536760116,1.44424367987,-2.1156854954,map_000000210.png
1.51604469144,1.38664084386,-1.83863811729,0.379985958338,-0.0134395882487,-0.0,1.90536760116,1.44424367987,-2.1156854954,map_000000211.png
1.50367093947,1.34667331582,-1.8386429712,-0.0,-0.0,-0.0,1.90536760116,1.44424367987,-2.1156854954,map_000000212.png
1.49731573988,1.32635928658,-1.83864264775,-0.0,-0.0,-0.0,1.90536760116,1.44424367987,-2.1156854954,map_000000213.png
1.49732516511,1.32634982977,-1.83863769581,-0.0,-0.0,-0.0,1.90536760116,1.44424367987,-2.1156854954,map_000000214.png
1.49731580694,1.32635921637,-1.83864262079,-0.0,-0.0,-0.0,1.90536760116,1.44424367987,-2.1156854954,map_000000215.png
1.49731576471,1.32635925041,-1.83864260671,-0.0,-0.0,-0.0,1.90536760116,1.44424367987,-2.1156854954,map_000000216.png
1.49732518962,1.32634979372,-1.83863761747,-0.0,-0.0,-0.0,1.90536760116,1.44424367987,-2.1156854954,map_000000217.png
1.49731583178,1.32635918023,-1.83864257887,-0.0,-0.0,-0.0,1.90536760116,1.44424367987,-2.1156854954,map_000000218.png
1.49731583178,1.32635918023,-1.83864257887,-0.0,-0.0,-0.0,1.90536760116,1.44424367987,-2.1156854954,map_000000219.png
1.49731578935,1.32635921433,-1.83864254329,0.209749907255,-0.0,-0.0,1.90536760116,1.44424367987,-2.1156854954,map_000000220.png
1.49732521113,1.32634975739,-1.83863706187,0.5,-0.0252655111253,-0.0,1.90536760116,1.44424367987,-2.1156854954,map_000000221.png
1.49687194769,1.32474162525,-1.83864247221,0.5,-0.0252655111253,-0.0,1.90536760116,1.44424367987,-2.1156854954,map_000000222.png
1.49110081726,1.3037130103,-1.83864214857,0.5,-0.0252655111253,-0.0,1.90536760116,1.44424367987,-2.1156854954,map_000000223.png
1.4766605758,1.25944982758,-1.838635739,0.5,-0.0252655111253,-0.0,1.90536760116,1.44424367987,-2.1156854954,map_000000224.png
1.4603611529,1.21002608424,-1.83864042805,0.5,-0.0252655111253,-0.0,1.90536760116,1.44424367987,-2.1156854954,map_000000225.png
1.44469788745,1.16249530356,-1.83863956728,0.5,-0.0252655111253,-0.0,1.90536760116,1.44424367987,-2.1156854954,map_000000226.png
1.42904393244,1.11495438596,-1.83863299274,0.0513206869364,-0.0,-0.0,1.90536760116,1.44424367987,-2.1156854954,map_000000227.png
1.41446146828,1.07064117274,-1.83863820397,-0.0,-0.0,-0.0,1.90536760116,1.44424367987,-2.1156854954,map_000000228.png
1.41310371098,1.06569400082,-1.83863778678,-0.0,-0.0,-0.0,1.90536760116,1.44424367987,-2.1156854954,map_000000229.png
1.41295019647,1.06509081273,-1.83863285902,-0.0,-0.0,-0.0,1.90536760116,1.44424367987,-2.1156854954,map_000000230.png
1.41294085841,1.06510016511,-1.83863786692,-0.0,-0.0,-0.0,1.90536760116,1.44424367987,-2.1156854954,map_000000231.png
1.41294079623,1.06510023338,-1.83863778516,-0.0,-0.0,-0.0,1.90536760116,1.44424367987,-2.1156854954,map_000000232.png
1.41295021787,1.06509077654,-1.83863229738,-0.0,-0.0,-0.0,1.90536760116,1.44424367987,-2.1156854954,map_000000233.png
1.41294088286,1.0651001291,-1.8386377178,-0.0,-0.0,-0.0,1.90536760116,1.44424367987,-2.1156854954,map_000000234.png
1.41294082084,1.06510019729,-1.83863771868,-0.0,-0.0,-0.0,1.90536760116,1.44424367987,-2.1156854954,map_000000235.png
1.41294087974,1.06510013856,-1.838637671,-0.0,-0.0,-0.0,1.90536760116,1.44424367987,-2.1156854954,map_000000236.png
1.41294090797,1.06510009286,-1.83863776901,-0.0,-0.0,-0.0,1.90536760116,1.44424367987,-2.1156854954,map_000000237.png
1.41294084568,1.06510016115,-1.83863767613,-0.0,-0.0,-0.0,1.90536760116,1.44424367987,-2.1156854954,map_000000238.png
1.41294090442,1.06510010248,-1.83863761102,-0.0,-0.0,-0.0,1.90536760116,1.44424367987,-2.1156854954,map_000000239.png
1.41294093166,1.06510005704,-1.83863742021,-0.0,-0.0,-0.0,1.90536760116,1.44424367987,-2.1156854954,map_000000240.png
1.41294087042,1.06510012502,-1.83863762474,-0.0,-0.0,-0.0,1.90536760116,1.44424367987,-2.1156854954,map_000000241.png
1.41294092938,1.06510006627,-1.83863758369,-0.0,-0.0,-0.0,1.90536760116,1.44424367987,-2.1156854954,map_000000242.png
1.41294095815,1.06510002048,-1.83863775881,-0.0,-0.0,-0.0,1.90536760116,1.44424367987,-2.1156854954,map_000000243.png
1.41294089523,1.06510008891,-1.83863757808,-0.0,-0.0,-0.0,1.90536760116,1.44424367987,-2.1156854954,map_000000244.png
1.41294095421,1.06510003016,-1.83863753828,-0.0,-0.0,-0.0865428596735,1.90536760116,1.44424367987,-2.1156854954,map_000000245.png
1.41296208712,1.06508803022,-1.83999417594,-0.0,-0.0,-0.548669397831,1.90536760116,1.44424367987,-2.1156854954,map_000000246.png
1.41304385609,1.06506524835,-1.84884449397,-0.0,-0.0,-1.0,1.90536760116,1.44424367987,-2.1156854954,map_000000247.png
1.41352985009,1.06491990945,-1.90280194533,-0.0,-0.0,-1.0,1.90536760116,1.44424367987,-2.1156854954,map_000000248.png
1.41429641601,1.06462291962,-1.99049717899,-0.0,-0.0,-1.0,1.90536760116,1.44424367987,-2.1156854954,map_000000249.png
1.41516794945,1.06419151571,-2.09277421337,-0.0,-0.0,-1.0,1.90536760116,1.44424367987,-2.1156854954,map_000000250.png
1.41595401161,1.06368567445,-2.1911182577,-0.0,-0.0,-1.0,1.90536760116,1.44424367987,-2.1156854954,map_000000251.png
1.41671204062,1.06309233293,-2.28944894056,-0.0,-0.0,-0.62187564373,1.90536760116,1.44424367987,-2.1156854954,map_000000252.png
1.41741921689,1.06241290434,-2.39172252978,-0.0,-0.0,-0.0,1.90536760116,1.44424367987,-2.1156854954,map_000000253.png
1.41781367008,1.06196261424,-2.45286923324,-0.0,-0.0,-0.0,1.90536760116,1.44424367987,-2.1156854954,map_000000254.png
1.41791960312,1.06183459684,-2.46753373459,-0.0,-0.0,-0.0,1.90536760116,1.44424367987,-2.1156854954,map_000000255.png
1.41791964157,1.06183454946,-2.46753389943,-0.0,-0.0,-0.0,1.90536760116,1.44424367987,-2.1156854954,map_000000256.png
1.41790997643,1.06184419602,-2.46753987718,-0.0,-0.0,-0.0,1.90536760116,1.44424367987,-2.1156854954,map_000000257.png
1.4179100135,1.06184415322,-2.46753985884,-0.0,-0.0,-0.0,1.90536760116,1.44424367987,-2.1156854954,map_000000258.png
1.41791975004,1.06183442424,-2.4675338639,-0.0,-0.0,-0.0,1.90536760116,1.44424367987,-2.1156854954,map_000000259.png
1.41791008576,1.06184406974,-2.46753998423,-0.0,-0.0,-0.0,1.90536760116,1.44424367987,-2.1156854954,map_000000260.png
1.4179101226,1.06184402722,-2.46753992864,-0.0,-0.0,-0.0,1.90536760116,1.44424367987,-2.1156854954,map_000000261.png
1.41791985805,1.06183429971,-2.46753364362,-0.0,-0.0,-0.0,1.90536760116,1.44424367987,-2.1156854954,map_000000262.png
1.41791019374,1.06184394512,-2.46753986712,-0.0,-0.0,-0.0,1.90536760116,1.44424367987,-2.1156854954,map_000000263.png
1.41791023078,1.06184390235,-2.4675398456,-0.0,-0.0,-0.0,1.90536760116,1.44424367987,-2.1156854954,map_000000264.png
1.41791996649,1.06183417455,-2.46753360205,-0.0,-0.0,-0.0,1.90536760116,1.44424367987,-2.1156854954,map_000000265.png
1.41791030223,1.06184381988,-2.46753983482,-0.0,-0.0,-0.0,1.90536760116,1.44424367987,-2.1156854954,map_000000266.png
1.41791033971,1.06184377652,-2.46753988936,-0.0,-0.0,-0.0,1.90536760116,1.44424367987,-2.1156854954,map_000000267.png
1.41792007595,1.0618340479,-2.4675338449,-0.0,-0.0,-0.0,1.90536760116,1.44424367987,-2.1156854954,map_000000268.png
1.41792011258,1.06183400579,-2.46753366973,-0.0,-0.0,-0.0,1.90536760116,1.44424367987,-2.1156854954,map_000000269.png
1.41791044796,1.06184365159,-2.46753981594,-0.0,-0.0,-0.0,1.90536760116,1.44424367987,-2.1156854954,map_000000270.png
1.41792018397,1.06183392339,-2.46753364995,-0.0,-0.0,-0.0,1.90536760116,1.44424367987,-2.1156854954,map_000000271.png
1.41792022104,1.0618338806,-2.467533632,-0.0,-0.0,-0.0,1.90536760116,1.44424367987,-2.1156854954,map_000000272.png
1.41791055661,1.06184352619,-2.46753980742,-0.433870196342,0.157258063555,-0.0,1.90536760116,1.44424367987,-2.1156854954,map_000000273.png
1.44588482916,1.07129728129,-2.46753773165,-0.5,0.157258063555,-0.0,1.90536760116,1.44424367987,-2.1156854954,map_000000274.png
1.49380638064,1.08865541762,-2.46754503872,-0.332205414772,0.0910519734025,-0.0,1.90536760116,1.44424367987,-2.1156854954,map_000000275.png
1.53783018522,1.10609332298,-2.46755759173,-0.0,-0.0,-0.0,1.90536760116,1.44424367987,-2.1156854954,map_000000276.png
1.56693447525,1.11860841144,-2.46755639975,-0.0,-0.0,-0.0,1.90536760116,1.44424367987,-2.1156854954,map_000000277.png
1.56693451292,1.11860836866,-2.46755638268,-0.0,-0.0,-0.0,1.90536760116,1.44424367987,-2.1156854954,map_000000278.png
1.56692484777,1.11861801524,-2.46756236011,-0.0,-0.0,-0.0,1.90536760116,1.44424367987,-2.1156854954,map_000000279.png
1.56692488497,1.11861797231,-2.46756236151,-0.0,-0.0,-0.0,1.90536760116,1.44424367987,-2.1156854954,map_000000280.png
1.56693462066,1.11860824453,-2.46755611343,-0.0,-0.0,-0.0,1.90536760116,1.44424367987,-2.1156854954,map_000000281.png
1.56692495642,1.11861788983,-2.4675623516,-0.0,-0.0,-0.0,1.90536760116,1.44424367987,-2.1156854954,map_000000282.png
1.56692499385,1.11861784654,-2.46756239767,-0.405507057905,0.19746619463,-0.0,1.90536760116,1.44424367987,-2.1156854954,map_000000283.png
1.56693472943,1.1186081189,-2.46755613069,-0.405507057905,0.19746619463,-0.0,1.90536760116,1.44424367987,-2.1156854954,map_000000284.png
1.60739413123,1.12770387262,-2.46756736428,-0.469347983599,0.221098974347,-0.0,1.90536760116,1.44424367987,-2.1156854954,map_000000285.png
1.6577935892,1.13951353812,-2.46757403224,-0.244712665677,0.221098974347,-0.0,1.90536760116,1.44424367987,-2.1156854954,map_000000286.png
1.69912937333,1.14422957057,-2.46757258028,-0.0,-0.0,-0.0,1.90536760116,1.44424367987,-2.1156854954,map_000000287.png
1.7228111076,1.14279864189,-2.46758107402,-0.0,-0.0,-0.0,1.90536760116,1.44424367987,-2.1156854954,map_000000288.png
1.72281114495,1.14279859895,-2.46758107681,-0.0,-0.0,-0.0,1.90536760116,1.44424367987,-2.1156854954,map_000000289.png
1.72282088176,1.14278886957,-2.46757512858,-0.0,-0.0,-0.0,1.90536760116,1.44424367987,-2.1156854954,map_000000290.png
1.72282088176,1.14278886957,-2.46757512858,-0.0,-0.0,-0.0,1.90536760116,1.44424367987,-2.1156854954,map_000000291.png
1.7228112165,1.14279851628,-2.46758108967,-0.0,-0.0,-0.0,1.90536760116,1.44424367987,-2.1156854954,map_000000292.png
1.72281125379,1.14279847325,-2.46758110505,-0.0,-0.0,-0.0,1.90536760116,1.44424367987,-2.1156854954,map_000000293.png
1.72282098933,1.14278874565,-2.46757483077,-0.0,-0.0,-0.0,1.90536760116,1.44424367987,-2.1156854954,map_000000294.png
1.72282102652,1.14278870273,-2.46757483148,-0.0,-0.0,-0.0,1.90536760116,1.44424367987,-2.1156854954,map_000000295.png
1.72281136211,1.14279834822,-2.4675810439,-0.0,-0.0,-0.0,1.90536760116,1.44424367987,-2.1156854954,map_000000296.png
1.72282109728,1.14278862126,-2.46757460078,-0.0,-0.0,-0.0,1.90536760116,1.44424367987,-2.1156854954,map_000000297.png
1.72282113553,1.14278857675,-2.46757491849,-0.0,-0.0,-0.0,1.90536760116,1.44424367987,-2.1156854954,map_000000298.png
1.72281147084,1.14279822264,-2.46758105447,-0.0,-0.0,-0.0,1.90536760116,1.44424367987,-2.1156854954,map_000000299.png
1.72282120719,1.14278849388,-2.46757502595,-0.0,-0.0,-0.0,1.90536760116,1.44424367987,-2.1156854954,map_000000300.png
1.72282124388,1.1427884517,-2.46757486107,-0.0,-0.0,-0.0,1.90536760116,1.44424367987,-2.1156854954,map_000000301.png
1.7228115794,1.14279809735,-2.46758103094,-0.0,-0.0,-0.0,1.90536760116,1.44424367987,-2.1156854954,map_000000302.png
1.72282131532,1.14278836923,-2.46757485031,-0.0,-0.0,-0.0,1.90536760116,1.44424367987,-2.1156854954,map_000000303.png
1.72282135281,1.14278832587,-2.46757490458,-0.0,-0.0,-0.0,1.90536760116,1.44424367987,-2.1156854954,map_000000304.png
1.7228116882,1.14279797168,-2.46758105296,-0.0,-0.0,-0.0,1.90536760116,1.44424367987,-2.1156854954,map_000000305.png
1.72281172518,1.14279792899,-2.46758102056,-0.0,-0.0,-0.0,1.90536760116,1.44424367987,-2.1156854954,map_000000306.png
1.72282146046,1.14278820186,-2.46757462011,-0.0,-0.0,-0.0,1.90536760116,1.44424367987,-2.1156854954,map_000000307.png
1.72281179657,1.1427978466,-2.46758100014,-0.0,-0.0,-0.0,1.90536760116,1.44424367987,-2.1156854954,map_000000308.png
1.72281183348,1.14279780398,-2.46758095772,-0.0,-0.0,-0.0,1.90536760116,1.44424367987,-2.1156854954,map_000000309.png
1.7228215695,1.14278807583,-2.46757476059,-0.0,-0.0,-0.0,1.90536760116,1.44424367987,-2.1156854954,map_000000310.png
1.72281190528,1.14279772102,-2.46758100965,-0.0,-0.0,-0.0,1.90536760116,1.44424367987,-2.1156854954,map_000000311.png
1.72281194236,1.14279767824,-2.46758099023,-0.0,-0.0,0.0670110136271,1.90536760116,1.44424367987,-2.1156854954,map_000000312.png
1.72279693901,1.14281636817,-2.46494479143,-0.0,-0.0,0.657239019871,1.90536760116,1.44424367987,-2.1156854954,map_000000313.png
1.72270646273,1.14292907862,-2.44906518784,-0.0,-0.0,1.0,1.90536760116,1.44424367987,-2.1156854954,map_000000314.png
1.72227387237,1.14341700182,-2.38185513438,-0.0,-0.0,1.0,1.90536760116,1.44424367987,-2.1156854954,map_000000315.png
1.72162759357,1.14403762951,-2.28349287094,-0.0,-0.0,1.0,1.90536760116,1.44424367987,-2.1156854954,map_000000316.png
1.72085259143,1.1446470507,-2.18122190282,-0.0,-0.0,1.0,1.90536760116,1.44424367987,-2.1156854954,map_000000317.png
1.72004240545,1.14516945576,-2.08289218608,-0.0,-0.0,-0.0,1.90536760116,1.44424367987,-2.1156854954,map_000000318.png
1.71952017137,1.14544377624,-2.02389945836,-0.0,-0.0,-0.0,1.90536760116,1.44424367987,-2.1156854954,map_000000319.png
1.71952011941,1.14544376788,-2.02389943085,-0.0,-0.0,-0.0,1.90536760116,1.44424367987,-2.1156854954,map_000000320.png
1.71952963449,1.14543422931,-2.02389395934,-0.0,-0.0,-0.0,1.90536760116,1.44424367987,-2.1156854954,map_000000321.png
1.71952018508,1.14544369802,-2.02389944355,-0.0,-0.0,-0.0,1.90536760116,1.44424367987,-2.1156854954,map_000000322.png
1.71952014462,1.14544373054,-2.02389944367,-0.0,-0.0,-0.0,1.90536760116,1.44424367987,-2.1156854954,map_000000323.png
1.71952965479,1.14543419332,-2.02389313859,-0.0,-0.0,-0.0,1.90536760116,1.44424367987,-2.1156854954,map_000000324.png
1.71952020963,1.14544366112,-2.02389937845,-0.0,-0.0,-0.0,1.90536760116,1.44424367987,-2.1156854954,map_000000325.png
1.71952016938,1.14544369356,-2.02389940133,-0.0,-0.0,-0.0,1.90536760116,1.44424367987,-2.1156854954,map_000000326.png
1.71952968395,1.14543415539,-2.02389386778,-0.0,-0.0,-0.0,1.90536760116,1.44424367987,-2.1156854954,map_000000327.png
1.71952025137,1.14544359161,-2.02389926293,-0.0,-0.0,-0.0,1.90536760116,1.44424367987,-2.1156854954,map_000000328.png
1.71952019364,1.14544365681,-2.02389930249,-0.0,-0.0,-0.0,1.90536760116,1.44424367987,-2.1156854954,map_000000329.png
1.71952970873,1.14543411838,-2.02389382827,-0.36529892683,0.0863216072321,-0.0,1.90536760116,1.44424367987,-2.1156854954,map_000000330.png
1.73186737194,1.16055231642,-2.02389983605,-0.5,0.135971397161,-0.0,1.90536760116,1.44424367987,-2.1156854954,map_000000331.png
1.75851073506,1.19238799751,-2.02390095873,-0.5,0.135971397161,-0.0,1.90536760116,1.44424367987,-2.1156854954,map_000000332.png
1.79262102195,1.23136678957,-2.02389724936,-0.0,-0.0,-0.0,1.90536760116,1.44424367987,-2.1156854954,map_000000333.png
1.82807672368,1.27192434754,-2.02390456558,-0.0,-0.0,-0.0,1.90536760116,1.44424367987,-2.1156854954,map_000000334.png
1.83216826984,1.27660243261,-2.02390471476,-0.0,-0.0,-0.0,1.90536760116,1.44424367987,-2.1156854954,map_000000335.png
1.83217778307,1.27659289467,-2.02389892821,-0.0,-0.0,-0.0,1.90536760116,1.44424367987,-2.1156854954,map_000000336.png
1.83216835228,1.27660233046,-2.02390467203,-0.0,-0.0,-0.0,1.90536760116,1.44424367987,-2.1156854954,map_000000337.png
1.83216829417,1.27660239584,-2.02390462286,-0.0,-0.0,-0.0,1.90536760116,1.44424367987,-2.1156854954,map_000000338.png
1.8321683519,1.27660233787,-2.02390463015,-0.0,-0.0,-0.0,1.90536760116,1.44424367987,-2.1156854954,map_000000339.png
1.83216837696,1.27660229352,-2.0239045851,-0.0,-0.0,-0.0,1.90536760116,1.44424367987,-2.1156854954,map_000000340.png
1.83216831918,1.27660235874,-2.02390460941,-0.0,-0.0,-0.0,1.90536760116,1.44424367987,-2.1156854954,map_000000341.png
1.83216837643,1.27660230095,-2.02390456388,-0.0,-0.0,-0.0,1.90536760116,1.44424367987,-2.1156854954,map_000000342.png
1.83216840159,1.27660225655,-2.02390453077,-0.372394472361,0.237655267119,-0.0,1.90536760116,1.44424367987,-2.1156854954,map_000000343.png
1.84421819199,1.28398462359,-2.02390508565,-0.443330943584,0.277844339609,-0.0,1.90536760116,1.44424367987,-2.1156854954,map_000000344.png
1.88418601946,1.30853088131,-2.02390702071,-0.185602128506,0.24475081265,-0.0,1.90536760116,1.44424367987,-2.1156854954,map_000000345.png
1.92855881175,1.33621763699,-2.02390898736,-0.185602128506,0.24475081265,-0.0,1.90536760116,1.44424367987,-2.1156854954,map_000000346.png
1.96038796744,1.34479396581,-2.02391012216,-0.0,-0.0,-0.0,1.90536760116,1.44424367987,-2.1156854954,map_000000347.png
