6.14550572285,5.9554521574,0.710340185742,-0.0,-0.0,-0.0,-2.66238739497,2.27149092737,-3.01870306062,map_000000066.png
6.14550318296,5.95545469581,0.710341977635,0.0560510568321,-0.0,-0.0,-2.66238739497,2.27149092737,-3.01870306062,map_000000067.png
6.14550319707,5.95545469058,0.710341767459,0.0560510568321,-0.0,-0.0,-2.66238739497,2.27149092737,-3.01870306062,map_000000068.png
6.14925078168,5.9586601449,0.710335186731,0.0773186460137,-0.0,-0.0,-2.66238739497,2.27149092737,-3.01870306062,map_000000069.png
6.15481919281,5.96346748059,0.710341534117,0.00165181432385,-0.0,-0.0,-2.66238739497,2.27149092737,-3.01870306062,map_000000070.png
6.15769684786,5.96594259982,0.710341349172,-0.0,-0.0,-0.0,-2.66238739497,2.27149092737,-3.01870306062,map_000000071.png
6.15777734405,5.96602975696,0.710347511689,-0.202139347792,-0.0,-0.0,-2.66238739497,2.27149092737,-3.01870306062,map_000000072.png
6.15533841772,5.96390933463,0.710339823453,-0.5,0.0224806964397,-0.0,-2.66238739497,2.27149092737,-3.01870306062,map_000000073.png
6.1400198551,5.95073346331,0.710340525651,-0.5,0.0224806964397,-0.0,-2.66238739497,2.27149092737,-3.01870306062,map_000000074.png
6.10100987249,5.92003017716,0.710343617688,-0.5,0.0555742047727,-0.0,-2.66238739497,2.27149092737,-3.01870306062,map_000000075.png
6.058363057,5.88990371377,0.710339867196,-0.5,0.0697653144598,-0.0,-2.66238739497,2.27149092737,-3.01870306062,map_000000076.png
6.01629463979,5.86216924666,0.710341922145,-0.5,0.117069005966,-0.0,-2.66238739497,2.27149092737,-3.01870306062,map_000000077.png
5.97079256669,5.83535964086,0.710350586621,-0.5,0.131241038442,-0.0,-2.66238739497,2.27149092737,-3.01870306062,map_000000078.png
5.92321849441,5.81095841053,0.71035859359,-0.5,0.138336583972,-0.0,-2.66238739497,2.27149092737,-3.01870306062,map_000000079.png
5.87675459861,5.78833403814,0.710361116306,-0.5,0.138336583972,-0.0,-2.66238739497,2.27149092737,-3.01870306062,map_000000080.png
5.82798243806,5.76532915181,0.71035642375,-0.5,0.138336583972,-0.0,-2.66238739497,2.27149092737,-3.01870306062,map_000000081.png
5.77919618807,5.74233916122,0.710360801208,-0.5,0.138336583972,-0.0,-2.66238739497,2.27149092737,-3.01870306062,map_000000082.png
5.7322884585,5.72023062198,0.710363349139,-0.5,0.138336583972,-0.0,-2.66238739497,2.27149092737,-3.01870306062,map_000000083.png
5.68351394399,5.69722789826,0.710359822218,-0.5,0.100512713194,-0.0,-2.66238739497,2.27149092737,-3.01870306062,map_000000084.png
5.63560811119,5.67321256548,0.710368787454,-0.5,0.0910519734025,-0.0,-2.66238739497,2.27149092737,-3.01870306062,map_000000085.png
5.59126473572,5.64812264966,0.710371166765,-0.5,0.0153851434588,-0.0,-2.66238739497,2.27149092737,-3.01870306062,map_000000086.png
5.54567661828,5.62141224994,0.710378951751,-0.5,0.0153851434588,-0.0,-2.66238739497,2.27149092737,-3.01870306062,map_000000087.png
5.50011038594,5.59467992855,0.710373929174,-0.5,-0.0158047731966,-0.0,-2.66238739497,2.27149092737,-3.01870306062,map_000000088.png
5.4626467483,5.56159191414,0.710375699636,-0.5,-0.0678197592497,0.286629855633,-2.66238739497,2.27149092737,-3.01870306062,map_000000089.png
5.42662218178,5.52379986447,0.727286831367,-0.5,-0.0867412313819,1.0,-2.66238739497,2.27149092737,-3.01870306062,map_000000090.png
5.3942367579,5.48232280283,0.787491499334,-0.5,-0.105662710965,1.0,-2.66238739497,2.27149092737,-3.01870306062,map_000000091.png
5.36816993103,5.43852736106,0.885828898444,-0.5,-0.105662710965,1.0,-2.66238739497,2.27149092737,-3.01870306062,map_000000092.png
5.346931937,5.3896100993,0.988111043467,-0.5,-0.105662710965,0.620654940605,-2.66238739497,2.27149092737,-3.01870306062,map_000000093.png
5.3308067611,5.33877339919,1.09038834238,-0.5,-0.105662710965,0.620654940605,-2.66238739497,2.27149092737,-3.01870306062,map_000000094.png
5.31930363217,5.28884935412,1.15589387985,-0.5,-0.105662710965,-0.0,-2.66238739497,2.27149092737,-3.01870306062,map_000000095.png
5.30991410009,5.23858280066,1.17785749067,-0.5,-0.105662710965,-0.0,-2.66238739497,2.27149092737,-3.01870306062,map_000000096.png
5.30014911958,5.18636976056,1.17786323969,-0.5,-0.105662710965,-0.0,-2.66238739497,2.27149092737,-3.01870306062,map_000000097.png
5.29076906473,5.13615539918,1.17786337208,-0.5,-0.079645678401,-0.0,-2.66238739497,2.27149092737,-3.01870306062,map_000000098.png
5.28081214556,5.08402139795,1.17786860416,-0.5,-0.00397885078564,-0.0,-2.66238739497,2.27149092737,-3.01870306062,map_000000099.png
5.26857065943,5.03282153546,1.17786214243,-0.5,-0.00397885078564,-0.0,-2.66238739497,2.27149092737,-3.01870306062,map_000000100.png
5.25036006417,4.98626732611,1.17786289502,-0.5,-0.00397885078564,-0.0,-2.66238739497,2.27149092737,-3.01870306062,map_000000101.png
5.23083705623,4.93809519568,1.1778655413,-0.5,-0.0,-0.0,-2.66238739497,2.27149092737,-3.01870306062,map_000000102.png
5.23083705623,4.93809519568,1.1778655413,-0.5,-0.0,-0.0,-2.66238739497,2.27149092737,-3.01870306062,map_000000103.png
5.21112078976,4.88999502339,1.17786093921,-0.5,-0.0,-0.0,-2.66238739497,2.27149092737,-3.01870306062,map_000000104.png
5.19198397373,4.84382472513,1.17786198611,-0.5,-0.0,-0.0,-2.66238739497,2.27149092737,-3.01870306062,map_000000105.png
5.17207202284,4.79581749252,1.17786850159,-0.5,-0.0,-0.0,-2.66238739497,2.27149092737,-3.01870306062,map_000000106.png
5.15216031314,4.74780963091,1.17787437703,-0.5,-0.0,-0.0,-2.66238739497,2.27149092737,-3.01870306062,map_000000107.png
5.13302362566,4.70163927946,1.17787547992,-0.5,-0.0,-0.0,-2.66238739497,2.27149092737,-3.01870306062,map_000000108.png
5.11313375316,4.65360957502,1.17786934252,-0.5,-0.0,-0.0,-2.66238739497,2.27149092737,-3.01870306062,map_000000109.png
5.09322895147,4.60559569271,1.17787201795,-0.5,-0.0,-0.0,-2.66238739497,2.27149092737,-3.01870306062,map_000000110.png
5.07409239161,4.55942528779,1.17787299343,-0.5,-0.0,-0.0,-2.66238739497,2.27149092737,-3.01870306062,map_000000111.png
5.05420012122,4.51139806655,1.17786818111,-0.5,-0.0,-0.0819650888443,-2.66238739497,2.27149092737,-3.01870306062,map_000000112.png
5.03428562114,4.46339187656,1.17755251836,-0.5,0.0272110663354,-0.896389663219,-2.66238739497,2.27149092737,-3.01870306062,map_000000113.png
5.01489382906,4.41731818529,1.16948796405,-0.5,0.0272110663354,-0.896389663219,-2.66238739497,2.27149092737,-3.01870306062,map_000000114.png
4.98996083181,4.37161235057,1.0874078873,-0.5,0.0272110663354,-1.0,-2.66238739497,2.27149092737,-3.01870306062,map_000000115.png
4.96042816627,4.32867627674,0.98797327203,-0.5,0.0272110663354,-1.0,-2.66238739497,2.27149092737,-3.01870306062,map_000000116.png
4.9280089109,4.29046617802,0.889635724094,-0.5,0.0532090216875,-0.0,-2.66238739497,2.27149092737,-3.01870306062,map_000000117.png
4.89024546405,4.25450208957,0.82276872713,-0.5,0.0532090216875,-0.0,-2.66238739497,2.27149092737,-3.01870306062,map_000000118.png
4.8508261425,4.22017228003,0.822776677028,-0.5,0.0603045746684,-0.0,-2.66238739497,2.27149092737,-3.01870306062,map_000000119.png
4.81293216072,4.18715338155,0.822778489375,-0.5,0.0603045746684,-0.0,-2.66238739497,2.27149092737,-3.01870306062,map_000000120.png
4.77297203204,4.15332485036,0.822786181138,-0.5,0.0603045746684,-0.0,-2.66238739497,2.27149092737,-3.01870306062,map_000000121.png
4.73303378797,4.11947441384,0.822780740139,-0.5,0.0603045746684,-0.0,-2.66238739497,2.27149092737,-3.01870306062,map_000000122.png
4.69462008784,4.08693771479,0.822782674175,-0.5,0.0603045746684,-0.0,-2.66238739497,2.27149092737,-3.01870306062,map_000000123.png
4.65466759801,4.05310240701,0.82278644574,-0.5,0.0603045746684,-0.0,-2.66238739497,2.27149092737,-3.01870306062,map_000000124.png
4.6147270196,4.01925427704,0.822782841256,-0.5,0.0603045746684,-0.0,-2.66238739497,2.27149092737,-3.01870306062,map_000000125.png
4.57631351426,3.98671734703,0.822784391462,-0.5,0.0603045746684,-0.0,-2.66238739497,2.27149092737,-3.01870306062,map_000000126.png
4.53635398741,3.95288859547,0.822792627927,-0.5,0.0603045746684,-0.0,-2.66238739497,2.27149092737,-3.01870306062,map_000000127.png
4.49639433326,3.91905950387,0.82280022379,-0.5,0.0603045746684,-0.155171364546,-2.66238739497,2.27149092737,-3.01870306062,map_000000128.png
4.45777224855,3.88674722288,0.811198253309,-0.5,0.0603045746684,-1.0,-2.66238739497,2.27149092737,-3.01870306062,map_000000129.png
4.41638954161,3.85456262726,0.748788643844,-0.5,0.0603045746684,-1.0,-2.66238739497,2.27149092737,-3.01870306062,map_000000130.png
4.37195533467,3.82664427065,0.646509179136,-0.5,0.0603045746684,-1.0,-2.66238739497,2.27149092737,-3.01870306062,map_000000131.png
4.32676490687,3.80419651029,0.548155104259,-0.5,0.0603045746684,-1.0,-2.66238739497,2.27149092737,-3.01870306062,map_000000132.png
4.27766011149,3.78568833193,0.445873603219,-0.5,0.0603045746684,-0.0,-2.66238739497,2.27149092737,-3.01870306062,map_000000133.png
4.22692035178,3.77229376926,0.34359419204,-0.5,0.0603045746684,-0.0,-2.66238739497,2.27149092737,-3.01870306062,map_000000134.png
4.1776165419,3.76200880694,0.327882100422,-0.5,0.0603045746684,-0.0,-2.66238739497,2.27149092737,-3.01870306062,map_000000135.png
4.12837114437,3.75161141036,0.32788438638,-0.5,0.0603045746684,-0.0,-2.66238739497,2.27149092737,-3.01870306062,map_000000136.png
4.0771464689,3.74080764598,0.327891788361,-0.5,0.0603045746684,-0.0,-2.66238739497,2.27149092737,-3.01870306062,map_000000137.png
4.02788287958,3.73042857472,0.327903680313,-0.5,0.0603045746684,-0.0,-2.66238739497,2.27149092737,-3.01870306062,map_000000138.png
3.97665836147,3.71962406615,0.327911117018,-0.5,0.0603045746684,-0.0,-2.66238739497,2.27149092737,-3.01870306062,map_000000139.png
3.92543392272,3.70881918124,0.32791847786,-0.5,0.0603045746684,-0.0,-2.66238739497,2.27149092737,-3.01870306062,map_000000140.png
3.87618890039,3.69841999134,0.327920479676,-0.5,0.0603045746684,-0.0,-2.66238739497,2.27149092737,-3.01870306062,map_000000141.png
3.82496461854,3.68761436422,0.327927544971,-0.5,0.0603045746684,-0.0,-2.66238739497,2.27149092737,-3.01870306062,map_000000142.png
3.82496461854,3.68761436422,0.327927544971,-0.5,0.0603045746684,-0.0,-2.66238739497,2.27149092737,-3.01870306062,map_000000143.png
3.72447728204,3.66642712392,0.327947502784,-0.5,0.0603045746684,-0.0,-2.66238739497,2.27149092737,-3.01870306062,map_000000144.png
3.72447728204,3.66642712392,0.327947502784,-0.5,0.0603045746684,-0.0,-2.66238739497,2.27149092737,-3.01870306062,map_000000145.png
3.67325323624,3.65562037492,0.327954862521,-0.5,0.0603045746684,-0.0,-2.66238739497,2.27149092737,-3.01870306062,map_000000146.png
3.62202927096,3.64481324479,0.327962288367,-0.5,0.0603045746684,-0.0,-2.66238739497,2.27149092737,-3.01870306062,map_000000147.png
3.57278470313,3.63441189675,0.32796459324,-0.5,0.0603045746684,-0.0,-2.66238739497,2.27149092737,-3.01870306062,map_000000148.png
3.52156089448,3.62360402423,0.32797199412,-0.5,0.0603045746684,-0.0,-2.66238739497,2.27149092737,-3.01870306062,map_000000149.png
3.47033716564,3.61279577495,0.327979154258,-0.5,0.0603045746684,-0.0,-2.66238739497,2.27149092737,-3.01870306062,map_000000150.png
3.42107448645,3.60241238843,0.327991276967,-0.5,0.0603045746684,-0.0,-2.66238739497,2.27149092737,-3.01870306062,map_000000151.png
3.36985091431,3.5916033944,0.327998682661,-0.5,0.0603045746684,-0.0,-2.66238739497,2.27149092737,-3.01870306062,map_000000152.png
3.31862742213,3.5807940217,0.328006084268,-0.5,0.0603045746684,-0.0,-2.66238739497,2.27149092737,-3.01870306062,map_000000153.png
3.26938330943,3.57039051832,0.328008048668,-0.5,0.0603045746684,-0.0,-2.66238739497,2.27149092737,-3.01870306062,map_000000154.png
3.21815997442,3.55958040271,0.328015541663,-0.5,0.0603045746684,-0.0,-2.66238739497,2.27149092737,-3.01870306062,map_000000155.png
3.16693671908,3.54876991151,0.328022312649,-0.5,0.0603045746684,-0.0,-2.66238739497,2.27149092737,-3.01870306062,map_000000156.png
3.11767449483,3.53838436459,0.328035070196,-0.5,0.0603045746684,-0.0,-2.66238739497,2.27149092737,-3.01870306062,map_000000157.png
3.06645139584,3.52757312738,0.328042471052,-0.5,0.0603045746684,-0.0,-2.66238739497,2.27149092737,-3.01870306062,map_000000158.png
3.01522837699,3.5167615119,0.328049859844,-0.5,0.0603045746684,-0.0,-2.66238739497,2.27149092737,-3.01870306062,map_000000159.png
2.96598471999,3.50635585196,0.32805166291,-0.5,0.0603045746684,-0.0,-2.66238739497,2.27149092737,-3.01870306062,map_000000160.png
2.91476185809,3.4955434951,0.328058727808,-0.5,0.0603045746684,-0.0,-2.66238739497,2.27149092737,-3.01870306062,map_000000161.png
2.86353907669,3.48473075424,0.328066764207,-0.5,0.0603045746684,-0.0,-2.66238739497,2.27149092737,-3.01870306062,map_000000162.png
2.81427730754,3.47434305352,0.328078888911,-0.5,0.0603045746684,-0.0,-2.66238739497,2.27149092737,-3.01870306062,map_000000163.png
2.76305468242,3.46352957421,0.328086251145,-0.5,0.0603045746684,-0.0,-2.66238739497,2.27149092737,-3.01870306062,map_000000164.png
2.71183213736,3.452715715,0.3280936518,-0.5,0.0603045746684,-0.0,-2.66238739497,2.27149092737,-3.01870306062,map_000000165.png
2.66258893533,3.4423078963,0.328095753744,-0.5,0.0603045746684,-0.0,-2.66238739497,2.27149092737,-3.01870306062,map_000000166.png
2.61136654684,3.43149329362,0.328103153626,-0.5,0.0603045746684,-0.0,-2.66238739497,2.27149092737,-3.01870306062,map_000000167.png
2.56014423879,3.42067831391,0.328110515397,-0.5,0.0603045746684,-0.0,-2.66238739497,2.27149092737,-3.01870306062,map_000000168.png
2.51088292517,3.4102884555,0.32812268726,-0.5,0.0603045746684,-0.0,-2.66238739497,2.27149092737,-3.01870306062,map_000000169.png
2.45966077377,3.39947273232,0.328130045038,-0.5,0.0603045746684,-0.0,-2.66238739497,2.27149092737,-3.01870306062,map_000000170.png
2.40843870256,3.3886566287,0.328137472651,-0.5,0.0603045746684,-0.0,-2.66238739497,2.27149092737,-3.01870306062,map_000000171.png
2.35919595591,3.37824665541,0.328139236864,-0.5,0.0674001276493,-0.0,-2.66238739497,2.27149092737,-3.01870306062,map_000000172.png
2.30797404156,3.36742981029,0.32814663854,-0.5,0.0674001276493,-0.0,-2.66238739497,2.27149092737,-3.01870306062,map_000000173.png
2.25652362939,3.35728396128,0.328153911479,-0.5,0.0744956806302,-0.0,-2.66238739497,2.27149092737,-3.01870306062,map_000000174.png
2.20686047048,3.34807354714,0.328166385569,-0.5,0.0744956806302,-0.0,-2.66238739497,2.27149092737,-3.01870306062,map_000000175.png
2.15716085075,3.33900488893,0.328168415907,-0.5,0.0744956806302,-0.0,-2.66238739497,2.27149092737,-3.01870306062,map_000000176.png
2.10546377961,3.32958300719,0.328175419706,-0.5,0.0744956806302,-0.0,-2.66238739497,2.27149092737,-3.01870306062,map_000000177.png
2.05574595567,3.32053265631,0.328187830024,-0.5,0.0744956806302,-0.0,-2.66238739497,2.27149092737,-3.01870306062,map_000000178.png
2.00404902014,3.31111003076,0.328195129408,-0.5,0.0744956806302,-0.0,-2.66238739497,2.27149092737,-3.01870306062,map_000000179.png
1.95235215372,3.30168702491,0.328202466051,-0.5,0.0744956806302,-0.0,-2.66238739497,2.27149092737,-3.01870306062,map_000000180.png
1.90265286057,3.29261657627,0.328203868781,-0.5,0.0744956806302,-0.0,-2.66238739497,2.27149092737,-3.01870306062,map_000000181.png
1.85095612928,3.28319282622,0.328211295497,-0.5,0.0744956806302,-0.0,-2.66238739497,2.27149092737,-3.01870306062,map_000000182.png
1.85095612928,3.28319282622,0.328211295497,-0.5,0.0744956806302,-0.0,-2.66238739497,2.27149092737,-3.01870306062,map_000000183.png
1.79925946791,3.27376869616,0.328218872848,-0.5,0.0744956806302,-0.0,-2.66238739497,2.27149092737,-3.01870306062,map_000000184.png
1.74954203727,3.26471618755,0.328231239937,-0.5,0.0744956806302,-0.0,-2.66238739497,2.27149092737,-3.01870306062,map_000000185.png
1.69784551125,3.25529131511,0.328238575706,-0.5,0.0744956806302,-0.0,-2.66238739497,2.27149092737,-3.01870306062,map_000000186.png
1.64614905365,3.24586606535,0.328245873858,-0.5,0.0744956806302,-0.0,-2.66238739497,2.27149092737,-3.01870306062,map_000000187.png
1.59645015499,3.23679345405,0.328247953723,-0.5,0.0744956806302,-0.0,-2.66238739497,2.27149092737,-3.01870306062,map_000000188.png
1.54475383296,3.22736746052,0.328255250203,-0.5,0.0744956806302,-0.0,-2.66238739497,2.27149092737,-3.01870306062,map_000000189.png
1.49305758101,3.21794108562,0.3282628284,-0.5,0.0744956806302,-0.0,-2.66238739497,2.27149092737,-3.01870306062,map_000000190.png
1.443340544,3.20888642175,0.32827462006,-0.5,0.0744956806302,-0.0,-2.66238739497,2.27149092737,-3.01870306062,map_000000191.png
1.3916444272,3.19945930363,0.328282003796,-0.5,0.0744956806302,-0.0,-2.66238739497,2.27149092737,-3.01870306062,map_000000192.png
1.33994837923,3.19003180813,0.328289301061,-0.5,0.0744956806302,-0.0,-2.66238739497,2.27149092737,-3.01870306062,map_000000193.png
1.29024987366,3.18095703892,0.328291335178,-0.5,0.0744956806302,-0.0,-2.66238739497,2.27149092737,-3.01870306062,map_000000194.png
1.23855396183,3.17152880215,0.328298078366,-0.5,0.0744956806302,-0.0,-2.66238739497,2.27149092737,-3.01870306062,map_000000195.png
1.18685811905,3.16210018105,0.328305940905,-0.5,0.0744956806302,-0.0,-2.66238739497,2.27149092737,-3.01870306062,map_000000196.png
1.13714147538,3.1530433556,0.328318113948,-0.5,0.0744956806302,-0.0,-2.66238739497,2.27149092737,-3.01870306062,map_000000197.png
1.08544576786,3.14361399469,0.328325414582,-0.5,0.0744956806302,-0.0,-2.66238739497,2.27149092737,-3.01870306062,map_000000198.png
1.03375012977,3.13418425339,0.328332752359,-0.5,0.0744956806302,-0.0,-2.66238739497,2.27149092737,-3.01870306062,map_000000199.png
0.984052017875,3.1251073259,0.32833469034,-0.5,0.0744956806302,-0.0,-2.66238739497,2.27149092737,-3.01870306062,map_000000200.png
0.932356515308,3.11567683906,0.328342368251,-0.5,0.0744956806302,-0.0,-2.66238739497,2.27149092737,-3.01870306062,map_000000201.png
0.880661081698,3.10624597681,0.328349666263,-0.5,0.0744956806302,-0.0,-2.66238739497,2.27149092737,-3.01870306062,map_000000202.png
0.830944832021,3.09718699504,0.328361499938,-0.5,0.0744956806302,-0.0,-2.66238739497,2.27149092737,-3.01870306062,map_000000203.png
0.779249533767,3.08775538889,0.328368799536,-0.5,0.0744956806302,-0.0,-2.66238739497,2.27149092737,-3.01870306062,map_000000204.png
0.727554305835,3.07832340075,0.328376219622,-0.5,0.0744956806302,-0.0,-2.66238739497,2.27149092737,-3.01870306062,map_000000205.png
0.67785658798,3.06924431504,0.328378118429,-0.5,0.0744956806302,-0.0,-2.66238739497,2.27149092737,-3.01870306062,map_000000206.png
0.626161494441,3.05981158465,0.328385547176,-0.5,0.0744956806302,-0.0,-2.66238739497,2.27149092737,-3.01870306062,map_000000207.png
0.574466470557,3.05037847658,0.328392782631,-0.5,0.0744956806302,-0.0,-2.66238739497,2.27149092737,-3.01870306062,map_000000208.png
0.524750614715,3.04131733437,0.328404958077,-0.5,0.0744956806302,-0.0,-2.66238739497,2.27149092737,-3.01870306062,map_000000209.png
0.473055726695,3.03188348144,0.328412333388,-0.5,0.0744956806302,-0.0,-2.66238739497,2.27149092737,-3.01870306062,map_000000210.png
0.421360907326,3.02244925088,0.328419631861,-0.5,0.0744956806302,-0.0,-2.66238739497,2.27149092737,-3.01870306062,map_000000211.png
0.371663582958,3.0133680045,0.328421866107,-0.5,0.0744956806302,-0.0,-2.66238739497,2.27149092737,-3.01870306062,map_000000212.png
0.319968899534,3.00393303162,0.328428871262,-0.5,0.0744956806302,-0.0,-2.66238739497,2.27149092737,-3.01870306062,map_000000213.png
0.268274285474,2.9944976772,0.328436210586,-0.5,0.0744956806302,-0.0,-2.66238739497,2.27149092737,-3.01870306062,map_000000214.png
0.218558823603,2.98543437607,0.328448382316,-0.5,0.0744956806302,-0.0,-2.66238739497,2.27149092737,-3.01870306062,map_000000215.png
0.168861760197,2.97635170095,0.328450319766,-0.5,0.0744956806302,-0.0,-2.66238739497,2.27149092737,-3.01870306062,map_000000216.png
0.1171673483,2.96691524101,0.328457322959,-0.5,0.0744956806302,-0.0,-2.66238739497,2.27149092737,-3.01870306062,map_000000217.png
0.0674520805573,2.95785087276,0.328469792818,-0.5,0.0744956806302,-0.0,-2.66238739497,2.27149092737,-3.01870306062,map_000000218.png
0.0157578048454,2.94841366661,0.328477160354,-0.5,0.0744956806302,-0.0,-2.66238739497,2.27149092737,-3.01870306062,map_000000219.png
-0.0359364018598,2.93897608188,0.328484496079,-0.5,0.0744956806302,-0.0,-2.66238739497,2.27149092737,-3.01870306062,map_000000220.png
-0.0856331373409,2.9298916118,0.328486434598,-0.5,0.0744956806302,-0.0,-2.66238739497,2.27149092737,-3.01870306062,map_000000221.png
-0.137327208527,2.92045328264,0.328494075161,-0.5,0.0744956806302,-0.0,-2.66238739497,2.27149092737,-3.01870306062,map_000000222.png
-0.137327208527,2.92045328264,0.328494075161,-0.5,0.0744956806302,-0.0,-2.66238739497,2.27149092737,-3.01870306062,map_000000223.png
-0.189021210381,2.91101457559,0.328501414097,-0.5,0.0744956806302,-0.0,-2.66238739497,2.27149092737,-3.01870306062,map_000000224.png
-0.238736083927,2.90194805293,0.328513210231,-0.5,0.0744956806302,-0.0,-2.66238739497,2.27149092737,-3.01870306062,map_000000225.png
-0.290429950191,2.89250860138,0.328520587755,-0.5,0.0744956806302,-0.0,-2.66238739497,2.27149092737,-3.01870306062,map_000000226.png
-0.342123747466,2.88306877108,0.32852793055,-0.5,0.0744956806302,-0.0,-2.66238739497,2.27149092737,-3.01870306062,map_000000227.png
-0.391820088281,2.87398214084,0.328530164241,-0.5,0.0744956806302,-0.0,-2.66238739497,2.27149092737,-3.01870306062,map_000000228.png
-0.443513749983,2.8645415697,0.328537170337,-0.5,0.0744956806302,-0.0,-2.66238739497,2.27149092737,-3.01870306062,map_000000229.png
-0.49520734194,2.85510061607,0.32854480336,-0.5,0.0744956806302,-0.0,-2.66238739497,2.27149092737,-3.01870306062,map_000000230.png
-0.544921820498,2.84603193157,0.328556720437,-0.5,0.0744956806302,-0.0,-2.66238739497,2.27149092737,-3.01870306062,map_000000231.png
-0.596615276686,2.83659023559,0.328564046735,-0.5,0.0744956806302,-0.0,-2.66238739497,2.27149092737,-3.01870306062,map_000000232.png
-0.648308663711,2.82714816014,0.328571386219,-0.5,0.0744956806302,-0.0,-2.66238739497,2.27149092737,-3.01870306062,map_000000233.png
-0.698004610618,2.81805937345,0.328573287206,-0.5,0.0744956806302,-0.0,-2.66238739497,2.27149092737,-3.01870306062,map_000000234.png
-0.74969786131,2.80861655473,0.328580628355,-0.5,0.0744956806302,-0.0,-2.66238739497,2.27149092737,-3.01870306062,map_000000235.png
-0.801391043422,2.79917335966,0.328587432013,-0.5,0.0744956806302,-0.0,-2.66238739497,2.27149092737,-3.01870306062,map_000000236.png
-0.851105128286,2.79010251319,0.328600139399,-0.5,0.0744956806302,-0.0,-2.66238739497,2.27149092737,-3.01870306062,map_000000237.png
-0.902798173829,2.78065857166,0.328607480053,-0.5,0.0744956806302,-0.0,-2.66238739497,2.27149092737,-3.01870306062,map_000000238.png
-0.954491150983,2.77121425185,0.328614779935,-0.5,0.0744956806302,-0.0,-2.66238739497,2.27149092737,-3.01870306062,map_000000239.png
-1.00418670321,2.76212330497,0.328616719524,-0.5,0.0744956806302,-0.0,-2.66238739497,2.27149092737,-3.01870306062,map_000000240.png
-1.05587954389,2.75267824033,0.32862415981,-0.5,0.0744956806302,-0.0,-2.66238739497,2.27149092737,-3.01870306062,map_000000241.png
-1.10757231515,2.74323279712,0.328631496757,-0.5,0.0744956806302,-0.0,-2.66238739497,2.27149092737,-3.01870306062,map_000000242.png
-1.15728600584,2.7341597958,0.32864352964,-0.5,0.0744956806302,-0.0,-2.66238739497,2.27149092737,-3.01870306062,map_000000243.png
-1.20897864175,2.72471360838,0.328650898267,-0.5,0.0744956806302,-0.0,-2.66238739497,2.27149092737,-3.01870306062,map_000000244.png
-1.26067120817,2.71526704217,0.328658244669,-0.5,0.0744956806302,-0.0,-2.66238739497,2.27149092737,-3.01870306062,map_000000245.png
-1.31036636608,2.70617393582,0.328660278616,-0.5,0.0744956806302,-0.0,-2.66238739497,2.27149092737,-3.01870306062,map_000000246.png
-1.36205879646,2.69672662815,0.328667284499,-0.5,0.0744956806302,-0.0,-2.66238739497,2.27149092737,-3.01870306062,map_000000247.png
-1.4137511578,2.68727893969,0.328674623384,-0.5,0.0744956806302,-0.0,-2.66238739497,2.27149092737,-3.01870306062,map_000000248.png
-1.46346445347,2.67820377651,0.328687037693,-0.5,0.0744956806302,-0.0,-2.66238739497,2.27149092737,-3.01870306062,map_000000249.png
-1.51515667911,2.66875534512,0.32869434067,-0.5,0.0744956806302,-0.0,-2.66238739497,2.27149092737,-3.01870306062,map_000000250.png
-1.56684883482,2.65930653332,0.328701680311,-0.5,0.0744956806302,-0.0,-2.66238739497,2.27149092737,-3.01870306062,map_000000251.png
-1.6165435981,2.65021126991,0.3287033771,-0.5,0.0744956806302,-0.0,-2.66238739497,2.27149092737,-3.01870306062,map_000000252.png
-1.66823561868,2.64076171494,0.328710718035,-0.5,0.0744956806302,-0.0,-2.66238739497,2.27149092737,-3.01870306062,map_000000253.png
-1.71992756966,2.63131177967,0.328718358454,-0.5,0.0744956806302,-0.0,-2.66238739497,2.27149092737,-3.01870306062,map_000000254.png
-1.7696404705,2.62223445937,0.328730433048,-0.5,0.0744956806302,-0.53951382637,-2.66238739497,2.27149092737,-3.01870306062,map_000000255.png
-1.81947066526,2.61364787965,0.303263842161,-0.5,0.0744956806302,-0.759132683277,-2.66238739497,2.27149092737,-3.01870306062,map_000000256.png
-1.87174729851,2.6074942234,0.242040727273,-0.5,0.0744956806302,-0.0,-2.66238739497,2.27149092737,-3.01870306062,map_000000257.png
-1.92232388409,2.60520256606,0.173371749754,-0.5,0.0744956806302,-0.0,-2.66238739497,2.27149092737,-3.01870306062,map_000000258.png
-1.97485550698,2.60386616886,0.173374636251,-0.5,0.0744956806302,-0.0,-2.66238739497,2.27149092737,-3.01870306062,map_000000259.png
-2.02738089718,2.6025166298,0.173371563748,-0.5,0.0744956806302,-0.0,-2.66238739497,2.27149092737,-3.01870306062,map_000000260.png
-2.07790273649,2.60123898079,0.173378542088,-0.5,0.0744956806302,-0.0,-2.66238739497,2.27149092737,-3.01870306062,map_000000261.png
-2.13044554198,2.59989053849,0.173377333293,-0.5,0.0744956806302,-0.0,-2.66238739497,2.27149092737,-3.01870306062,map_000000262.png
-2.13044554198,2.59989053849,0.173377333293,-0.5,0.0744956806302,-0.0,-2.66238739497,2.27149092737,-3.01870306062,map_000000263.png
-2.18296858534,2.59856171343,0.173382795062,-0.5,0.0744956806302,-0.0,-2.66238739497,2.27149092737,-3.01870306062,map_000000264.png
-2.23347196627,2.5972650091,0.173380266277,-0.5,0.0744956806302,-0.0,-2.66238739497,2.27149092737,-3.01870306062,map_000000265.png
-2.28601390532,2.59593543668,0.173387350655,-0.5,0.0744956806302,-0.0,-2.66238739497,2.27149092737,-3.01870306062,map_000000266.png
-2.33854561963,2.59459819089,0.173390273506,-0.5,0.0744956806302,-0.0,-2.66238739497,2.27149092737,-3.01870306062,map_000000267.png
-2.38905962062,2.5933087122,0.173391653591,-0.5,-0.0,-0.0,-2.66238739497,2.27149092737,-3.01870306062,map_000000268.png
-2.44071923963,2.58698185969,0.173394038435,-0.5,-0.0,-0.0,-2.66238739497,2.27149092737,-3.01870306062,map_000000269.png
-2.49192597833,2.57800472546,0.173392472188,-0.0,-0.0,-0.0,-2.66238739497,2.27149092737,-3.01870306062,map_000000270.png
-2.52735830343,2.57180819076,0.173398330528,-0.0,-0.0,-0.0,-2.66238739497,2.27149092737,-3.01870306062,map_000000271.png
-2.52735075022,2.57179705954,0.173392538027,-0.0,-0.0,-0.0,-2.66238739497,2.27149092737,-3.01870306062,map_000000272.png
-2.52736008308,2.57180638904,0.173397710239,-0.0,-0.0,-0.0,-2.66238739497,2.27149092737,-3.01870306062,map_000000273.png
-2.52736999726,2.57179650193,0.173393909439,-0.0,-0.0,-0.0,-2.66238739497,2.27149092737,-3.01870306062,map_000000274.png
-2.52736010158,2.57180639149,0.173397705676,-0.0,-0.0,-0.0,-2.66238739497,2.27149092737,-3.01870306062,map_000000275.png
-2.52736006195,2.57180636103,0.173397689402,-0.0,-0.0,-0.0,-2.66238739497,2.27149092737,-3.01870306062,map_000000276.png
-2.52736003968,2.57180637424,0.173397732996,-0.0,-0.0,-0.0,-2.66238739497,2.27149092737,-3.01870306062,map_000000277.png
-2.52735822659,2.57180816383,0.173398465431,-0.0,-0.0,-0.0,-2.66238739497,2.27149092737,-3.01870306062,map_000000278.png
-2.52735067352,2.57179703366,0.173392530321,-0.0,-0.0,-0.0,-2.66238739497,2.27149092737,-3.01870306062,map_000000279.png
-2.52736001852,2.57180634602,0.173397732959,-0.0,-0.0,-0.0,-2.66238739497,2.27149092737,-3.01870306062,map_000000280.png
-2.52736992068,2.57179647556,0.173393972131,-0.0,-0.0,-0.0,-2.66238739497,2.27149092737,-3.01870306062,map_000000281.png
-2.52736002498,2.57180636525,0.173397759044,-0.0,-0.0,-0.0,-2.66238739497,2.27149092737,-3.01870306062,map_000000282.png
-2.52735063039,2.57179701665,0.173392871078,-0.0,-0.0,-0.0,-2.66238739497,2.27149092737,-3.01870306062,map_000000283.png
-2.5273599629,2.57180634694,0.173397897377,-0.0,-0.0,-0.0,-2.66238739497,2.27149092737,-3.01870306062,map_000000284.png
-2.52735815011,2.57180813801,0.173398470989,-0.0,-0.0,-0.0,-2.66238739497,2.27149092737,-3.01870306062,map_000000285.png
-2.52735998157,2.57180635033,0.173397794592,-0.0,-0.0,-0.0,-2.66238739497,2.27149092737,-3.01870306062,map_000000286.png
-2.52735994196,2.57180631993,0.173397771156,-0.0,-0.0,-0.0,-2.66238739497,2.27149092737,-3.01870306062,map_000000287.png
-2.52736984425,2.57179644929,0.173394012088,-0.0,-0.0,-0.0,-2.66238739497,2.27149092737,-3.01870306062,map_000000288.png
-2.52735810657,2.57180812269,0.173398551072,-0.0,-0.0,-0.0,-2.66238739497,2.27149092737,-3.01870306062,map_000000289.png
-2.5273505538,2.57179699043,0.173392922559,-0.0,-0.0,-0.0,-2.66238739497,2.27149092737,-3.01870306062,map_000000290.png
-2.5273598863,2.57180632071,0.173397949452,-0.0,-0.0,-0.0,-2.66238739497,2.27149092737,-3.01870306062,map_000000291.png
-2.52736980096,2.57179643446,0.173394028094,-0.0,-0.0,-0.672193050385,-2.66238739497,2.27149092737,-3.01870306062,map_000000292.png
-2.52735990496,2.57180632407,0.173397849829,-0.0,-0.0,-0.672193050385,-2.66238739497,2.27149092737,-3.01870306062,map_000000293.png
-2.52743734282,2.57233338384,0.117874863638,-0.0,-0.0,-1.0,-2.66238739497,2.27149092737,-3.01870306062,map_000000294.png
-2.52750030226,2.57316279764,0.0311440732976,-0.0,-0.0,-1.0,-2.66238739497,2.27149092737,-3.01870306062,map_000000295.png
-2.52748477936,2.57408533067,-0.0672028747662,-0.0,-0.0,-1.0,-2.66238739497,2.27149092737,-3.01870306062,map_000000296.png
-2.52737475418,2.57506049376,-0.169474349175,-0.0,-0.0,-1.0,-2.66238739497,2.27149092737,-3.01870306062,map_000000297.png
-2.52717886624,2.57599207062,-0.267809453983,-0.0,-0.0,-1.0,-2.66238739497,2.27149092737,-3.01870306062,map_000000298.png
-2.52688161186,2.5769170971,-0.370086653045,-0.0,-0.0,-1.0,-2.66238739497,2.27149092737,-3.01870306062,map_000000299.png
-2.52647384768,2.57781652528,-0.472356857299,-0.0,-0.0,-1.0,-2.66238739497,2.27149092737,-3.01870306062,map_000000300.png
-2.52602685631,2.5786151077,-0.570709742918,-0.0,-0.0,-1.0,-2.66238739497,2.27149092737,-3.01870306062,map_000000301.png
-2.52545738077,2.57941643497,-0.672982327924,-0.0,-0.0,-1.0,-2.66238739497,2.27149092737,-3.01870306062,map_000000302.png
-2.52545738077,2.57941643497,-0.672982327924,-0.0,-0.0,-0.0,-2.66238739497,2.27149092737,-3.01870306062,map_000000303.png
-2.5248111458,2.58015359577,-0.77525598188,-0.0,-0.0,-0.0,-2.66238739497,2.27149092737,-3.01870306062,map_000000304.png
-2.52419824681,2.58073381517,-0.857837270906,-0.0,-0.0,-0.0,-2.66238739497,2.27149092737,-3.01870306062,map_000000305.png
-2.52420803265,2.58074359547,-0.857837645606,-0.0,-0.0,-0.0,-2.66238739497,2.27149092737,-3.01870306062,map_000000306.png
-2.52419644089,2.5807319967,-0.857837109369,-0.0,-0.0,-0.0,-2.66238739497,2.27149092737,-3.01870306062,map_000000307.png
-2.52419643111,2.58073198651,-0.857837123323,-0.0,-0.0,-0.0,-2.66238739497,2.27149092737,-3.01870306062,map_000000308.png
-2.52419812969,2.58073367594,-0.857837222469,-0.0,-0.0,-0.0,-2.66238739497,2.27149092737,-3.01870306062,map_000000309.png
-2.5241889853,2.58072453384,-0.857836782898,-0.0,-0.0,-0.297044277191,-2.66238739497,2.27149092737,-3.01870306062,map_000000310.png
-2.5241470505,2.58077755427,-0.864847330528,-0.0,-0.0,-0.695081949234,-2.66238739497,2.27149092737,-3.01870306062,map_000000311.png
-2.52389896374,2.58098242674,-0.8983561096,-0.0,-0.0,-1.0,-2.66238739497,2.27149092737,-3.01870306062,map_000000312.png
-2.52335058316,2.58138874078,-0.969439175849,-0.0,-0.0,-1.0,-2.66238739497,2.27149092737,-3.01870306062,map_000000313.png
-2.52261661183,2.58183874226,-1.06420165714,-0.0,-0.0,-1.0,-2.66238739497,2.27149092737,-3.01870306062,map_000000314.png
-2.52173461901,2.58227697506,-1.16647256432,-0.0,-0.0,-0.864383399487,-2.66238739497,2.27149092737,-3.01870306062,map_000000315.png
-2.52086824817,2.58260926457,-1.26180357883,-0.0,-0.0,-0.0,-2.66238739497,2.27149092737,-3.01870306062,map_000000316.png
-2.52031084767,2.58277722048,-1.31958985698,-0.0,-0.0,-0.0,-2.66238739497,2.27149092737,-3.01870306062,map_000000317.png
-2.52031082741,2.58277714582,-1.3195897132,-0.0,-0.0,-0.0,-2.66238739497,2.27149092737,-3.01870306062,map_000000318.png
-2.52031089524,2.58277720874,-1.31958973339,-0.0,-0.0,-0.0,-2.66238739497,2.27149092737,-3.01870306062,map_000000319.png
-2.52031089868,2.5827772097,-1.31958976682,-0.0,-0.0,-0.0,-2.66238739497,2.27149092737,-3.01870306062,map_000000320.png
-2.52030170033,2.58276797686,-1.31958654862,-0.0,-0.0,-1.0,-2.66238739497,2.27149092737,-3.01870306062,map_000000321.png
-2.51971883827,2.58290743462,-1.38252357409,-0.0,-0.0,-1.0,-2.66238739497,2.27149092737,-3.01870306062,map_000000322.png
-2.51881168161,2.58304635629,-1.48086919269,-0.0,-0.0,-1.0,-2.66238739497,2.27149092737,-3.01870306062,map_000000323.png
-2.51782593091,2.58308412389,-1.5831377302,-0.0,-0.0,-1.0,-2.66238739497,2.27149092737,-3.01870306062,map_000000324.png
-2.51682571222,2.58302313161,-1.68539952012,-0.0,-0.0,-1.0,-2.66238739497,2.27149092737,-3.01870306062,map_000000325.png
-2.51591273425,2.58287632228,-1.78374777407,-0.0,-0.0,-1.0,-2.66238739497,2.27149092737,-3.01870306062,map_000000326.png
-2.51497913781,2.58264026774,-1.88602895071,-0.0,-0.0,-1.0,-2.66238739497,2.27149092737,-3.01870306062,map_000000327.png
-2.51406162393,2.58228528382,-1.98830072031,-0.0,-0.0,-0.722548604012,-2.66238739497,2.27149092737,-3.01870306062,map_000000328.png
-2.51329921453,2.58190846618,-2.07243162693,-0.0,-0.0,-0.0,-2.66238739497,2.27149092737,-3.01870306062,map_000000329.png
-2.51289744683,2.58167576434,-2.12074698664,-0.0,-0.0,-0.0,-2.66238739497,2.27149092737,-3.01870306062,map_000000330.png
-2.51289742643,2.58167578103,-2.12074700146,-0.0,-0.0,-0.0,-2.66238739497,2.27149092737,-3.01870306062,map_000000331.png
-2.5129065649,2.5816666124,-2.12074811835,-0.0,-0.0,-0.0,-2.66238739497,2.27149092737,-3.01870306062,map_000000332.png
-2.51290412483,2.5816690446,-2.12074803326,-0.0,-0.0,-0.0,-2.66238739497,2.27149092737,-3.01870306062,map_000000333.png
-2.51288796893,2.58166616877,-2.12074093093,-0.0,-0.0,-0.329050570726,-2.66238739497,2.27149092737,-3.01870306062,map_000000334.png
-2.5127395985,2.58157690029,-2.14016048102,-0.0,-0.0,-1.0,-2.66238739497,2.27149092737,-3.01870306062,map_000000335.png
-2.51229135137,2.58127877416,-2.19892116672,-0.0,-0.0,-1.0,-2.66238739497,2.27149092737,-3.01870306062,map_000000336.png
-2.51152510562,2.58066384916,-2.30119392069,-0.0,-0.0,-1.0,-2.66238739497,2.27149092737,-3.01870306062,map_000000337.png
-2.5108607395,2.58001401933,-2.39954056361,-0.0,-0.0,-1.0,-2.66238739497,2.27149092737,-3.01870306062,map_000000338.png
-2.51024072106,2.57926543863,-2.50181788068,-0.0,-0.0,-1.0,-2.66238739497,2.27149092737,-3.01870306062,map_000000339.png
-2.50969296478,2.57845230808,-2.60409093402,-0.0,-0.0,-1.0,-2.66238739497,2.27149092737,-3.01870306062,map_000000340.png
-2.50923880383,2.5776042301,-2.70242119477,-0.0,-0.0,-0.855227828026,-2.66238739497,2.27149092737,-3.01870306062,map_000000341.png
-2.50887392198,2.5767452853,-2.79785169406,-0.0,-0.0,-0.104853965342,-2.66238739497,2.27149092737,-3.01870306062,map_000000342.png
-2.50887392198,2.5767452853,-2.79785169406,-0.0,-0.0,-0.0,-2.66238739497,2.27149092737,-3.01870306062,map_000000343.png
-2.50866848798,2.57614561093,-2.86169180584,-0.0,-0.0,-0.0,-2.66238739497,2.27149092737,-3.01870306062,map_000000344.png
-2.50864381915,2.57606080787,-2.87076443368,-0.0,-0.0,-0.0,-2.66238739497,2.27149092737,-3.01870306062,map_000000345.png
-2.50865365627,2.5760705967,-2.87077010301,-0.0,-0.0,-0.0,-2.66238739497,2.27149092737,-3.01870306062,map_000000346.png
-2.5086558041,2.57607272399,-2.87077137418,-0.0,-0.0,-0.0,-2.66238739497,2.27149092737,-3.01870306062,map_000000347.png
-2.50865367552,2.57607060054,-2.87077010183,-0.0,-0.0,-0.0,-2.66238739497,2.27149092737,-3.01870306062,map_000000348.png
-2.50865582323,2.57607272751,-2.87077140348,-0.0,-0.0,-0.0,-2.66238739497,2.27149092737,-3.01870306062,map_000000349.png
-2.50864387693,2.57606082055,-2.8707644625,-0.0,-0.0,-0.0,-2.66238739497,2.27149092737,-3.01870306062,map_000000350.png
-2.50865584259,2.57607273179,-2.8707713548,-0.0,-0.0,-0.0,-2.66238739497,2.27149092737,-3.01870306062,map_000000351.png
-2.50864389635,2.57606082415,-2.87076452346,-0.25653859973,0.19983138144,-0.0,-2.66238739497,2.27149092737,-3.01870306062,map_000000352.png
-2.50865372406,2.57607060995,-2.87077012371,-0.25653859973,0.19983138144,-0.0,-2.66238739497,2.27149092737,-3.01870306062,map_000000353.png
-2.48340031002,2.56565627625,-2.870764054,-0.391315966845,0.258941918612,-0.0,-2.66238739497,2.27149092737,-3.01870306062,map_000000354.png
-2.4422544052,2.55136372968,-2.87076873518,-0.0,-0.0,-0.0,-2.66238739497,2.27149092737,-3.01870306062,map_000000355.png
-2.41727258008,2.54325951255,-2.87076962003,-0.0,-0.0,-0.0,-2.66238739497,2.27149092737,-3.01870306062,map_000000356.png
-2.41727045156,2.54325738934,-2.8707683194,-0.0,-0.0,-0.0,-2.66238739497,2.27149092737,-3.01870306062,map_000000357.png
-2.41727259922,2.54325951609,-2.87076964738,-0.0,-0.0,-0.0,-2.66238739497,2.27149092737,-3.01870306062,map_000000358.png
-2.41726065292,2.54324760879,-2.87076275531,-0.0,-0.0,-0.0,-2.66238739497,2.27149092737,-3.01870306062,map_000000359.png
-2.41727261846,2.54325952003,-2.87076963111,-0.0,-0.0,-0.0,-2.66238739497,2.27149092737,-3.01870306062,map_000000360.png
-2.41726067225,2.54324761244,-2.87076279614,-0.0,-0.0,-0.0,-2.66238739497,2.27149092737,-3.01870306062,map_000000361.png
-2.4172705001,2.54325739876,-2.87076834063,-0.0,-0.0,-0.0,-2.66238739497,2.27149092737,-3.01870306062,map_000000362.png
-2.41726069125,2.54324761655,-2.87076271899,-0.0,-0.0,-0.0,-2.66238739497,2.27149092737,-3.01870306062,map_000000363.png
-2.41727051921,2.54325740217,-2.87076838272,-0.0,-0.0,-0.0,-2.66238739497,2.27149092737,-3.01870306062,map_000000364.png
-2.41727266712,2.54325952987,-2.87076960889,-0.0,-0.0,-0.0,-2.66238739497,2.27149092737,-3.01870306062,map_000000365.png
-2.41727053843,2.54325740603,-2.87076837692,-0.0,-0.0,-0.0,-2.66238739497,2.27149092737,-3.01870306062,map_000000366.png
-2.41727268634,2.54325953368,-2.87076960951,-0.0,-0.0,-0.0,-2.66238739497,2.27149092737,-3.01870306062,map_000000367.png
-2.41726073983,2.54324762599,-2.87076274144,-0.0,-0.0,-0.0,-2.66238739497,2.27149092737,-3.01870306062,map_000000368.png
-2.41727270549,2.54325953726,-2.87076963206,-0.0,-0.0,-0.0,-2.66238739497,2.27149092737,-3.01870306062,map_000000369.png
-2.41726075925,2.54324762962,-2.87076280015,-0.0,-0.0,-0.0,-2.66238739497,2.27149092737,-3.01870306062,map_000000370.png
-2.41727058711,2.54325741594,-2.87076834389,0.5,-0.0,-0.0,-2.66238739497,2.27149092737,-3.01870306062,map_000000371.png
-2.41726077836,2.54324763353,-2.87076276814,0.5,-0.0,-0.0,-2.66238739497,2.27149092737,-3.01870306062,map_000000372.png
-2.46350122489,2.53042160142,-2.8707683242,0.5,-0.0,-0.0,-2.66238739497,2.27149092737,-3.01870306062,map_000000373.png
-2.51358693162,2.51651811662,-2.87076959895,0.5,-0.0,-0.0,-2.66238739497,2.27149092737,-3.01870306062,map_000000374.png
-2.56174130759,2.50314548787,-2.87076838488,0.5,-0.0,-0.0,-2.66238739497,2.27149092737,-3.01870306062,map_000000375.png
-2.60988858799,2.48976499962,-2.87076221155,0.379985958338,-0.0,-0.0,-2.66238739497,2.27149092737,-3.01870306062,map_000000376.png
-2.65766963941,2.47651123127,-2.87076819903,-0.0,-0.0,-0.0,-2.66238739497,2.27149092737,-3.01870306062,map_000000377.png
-2.6942578639,2.4663400843,-2.87076213696,-0.0,-0.0,-0.0,-2.66238739497,2.27149092737,-3.01870306062,map_000000378.png
-2.73232934512,2.4557821483,-2.87076825765,-0.0,-0.0,-0.0,-2.66238739497,2.27149092737,-3.01870306062,map_000000379.png
-2.73379556675,2.45537778602,-2.87076907351,-0.0,-0.0,-0.0,-2.66238739497,2.27149092737,-3.01870306062,map_000000380.png
-2.73379343817,2.45537566257,-2.87076780118,-0.0,-0.0,-0.0,-2.66238739497,2.27149092737,-3.01870306062,map_000000381.png
-2.73379558596,2.4553777898,-2.8707690766,-0.0,-0.0,-0.0,-2.66238739497,2.27149092737,-3.01870306062,map_000000382.png
-2.73379558596,2.4553777898,-2.8707690766,-0.0,-0.0,-0.0,-2.66238739497,2.27149092737,-3.01870306062,map_000000383.png
-2.73378363953,2.4553658825,-2.87076216493,-0.0,-0.0,-0.0,-2.66238739497,2.27149092737,-3.01870306062,map_000000384.png
-2.73379560523,2.4553777938,-2.870769056,-0.0,-0.0,-0.0,-2.66238739497,2.27149092737,-3.01870306062,map_000000385.png
-2.733783659,2.45536588616,-2.87076222399,-0.0,-0.0,-0.0,-2.66238739497,2.27149092737,-3.01870306062,map_000000386.png
-2.73379348685,2.45537567248,-2.87076776857,-0.0,-0.0,-0.0,-2.66238739497,2.27149092737,-3.01870306062,map_000000387.png
-2.73378367806,2.45536589003,-2.87076219164,0.271225631237,-0.0,-0.0,-2.66238739497,2.27149092737,-3.01870306062,map_000000388.png
-2.74737712108,2.45160421453,-2.87076782515,0.5,-0.0,-0.0,-2.66238739497,2.27149092737,-3.01870306062,map_000000389.png
-2.78247943004,2.44186081853,-2.87076902374,0.5,-0.0,-0.0,-2.66238739497,2.27149092737,-3.01870306062,map_000000390.png
-2.83063379977,2.42848816579,-2.87076778045,0.5,-0.0,-0.0,-2.66238739497,2.27149092737,-3.01870306062,map_000000391.png
-2.88071949947,2.4145846539,-2.87076905257,0.5,-0.0,-0.0,-2.66238739497,2.27149092737,-3.01870306062,map_000000392.png
-2.93079052141,2.40066732759,-2.87076163451,0.5,-0.0,-0.0,-2.66238739497,2.27149092737,-3.01870306062,map_000000393.png
-2.97895956889,2.38730848928,-2.87076907847,0.5,-0.0,-0.0,-2.66238739497,2.27149092737,-3.01870306062,map_000000394.png
-3.02903059103,2.37339116306,-2.87076167852,-0.0,-0.0,-0.0,-2.66238739497,2.27149092737,-3.01870306062,map_000000395.png
-3.05793456525,2.3653785609,-2.87076722832,-0.0,-0.0,-0.0,-2.66238739497,2.27149092737,-3.01870306062,map_000000396.png
-3.0579247564,2.36536877868,-2.8707616073,-0.0,-0.0,-0.0,-2.66238739497,2.27149092737,-3.01870306062,map_000000397.png
-3.05793458424,2.36537856393,-2.87076731255,-0.0,-0.0,-0.0,-2.66238739497,2.27149092737,-3.01870306062,map_000000398.png
-3.05793673227,2.365380692,-2.87076849752,-0.0,-0.0,-0.0,-2.66238739497,2.27149092737,-3.01870306062,map_000000399.png
-3.05793460358,2.36537856816,-2.8707672656,-0.0,-0.0,-0.0,-2.66238739497,2.27149092737,-3.01870306062,map_000000400.png
-3.05793675149,2.36538069583,-2.87076849605,-0.0,-0.0,-0.0,-2.66238739497,2.27149092737,-3.01870306062,map_000000401.png
-3.05792480507,2.36536878811,-2.8707616469,-0.0,-0.0,-0.791177093983,-2.66238739497,2.27149092737,-3.01870306062,map_000000402.png
-3.05786937807,2.36513325706,-2.89878206351,-0.0,-0.0,-1.0,-2.66238739497,2.27149092737,-3.01870306062,map_000000403.png
-3.05770808603,2.36434124657,-2.98380334883,-0.0,-0.0,-1.0,-2.66238739497,2.27149092737,-3.01870306062,map_000000404.png
-3.05759749382,2.36337191848,-3.08607462572,-0.0,-0.0,-0.461729794741,-2.66238739497,2.27149092737,-3.01870306062,map_000000405.png
-3.05758593603,2.36242203042,3.098777086,-0.0,-0.0,-0.461729794741,-2.66238739497,2.27149092737,-3.01870306062,map_000000406.png
-3.05762744014,2.36185867169,3.04097618406,-0.0,-0.0,-0.0,-2.66238739497,2.27149092737,-3.01870306062,map_000000407.png
-3.05764723605,2.36169421356,3.02463539836,-0.0,-0.0,-0.0,-2.66238739497,2.27149092737,-3.01870306062,map_000000408.png
-3.05764538267,2.36169236488,3.02463613995,-0.0,-0.0,-0.0,-2.66238739497,2.27149092737,-3.01870306062,map_000000409.png
-3.0576472557,2.36169422167,3.02463546306,-0.0,-0.0,-0.0,-2.66238739497,2.27149092737,-3.01870306062,map_000000410.png
-3.05763549957,2.36168251162,3.02464024433,-0.0,-0.0,-0.0,-2.66238739497,2.27149092737,-3.01870306062,map_000000411.png
-3.05764727122,2.36169422578,3.02463541692,-0.0,-0.0,-0.0,-2.66238739497,2.27149092737,-3.01870306062,map_000000412.png
-3.05763551522,2.36168251619,3.02464022744,-0.0,-0.0,-0.0,-2.66238739497,2.27149092737,-3.01870306062,map_000000413.png
-3.05764542183,2.36169237658,3.0246361519,-0.0,-0.0,-0.0,-2.66238739497,2.27149092737,-3.01870306062,map_000000414.png
-3.05763553097,2.36168252029,3.02464015933,-0.0,-0.0,-0.0,-2.66238739497,2.27149092737,-3.01870306062,map_000000415.png
-3.05764730223,2.3616942348,3.02463540181,-0.0,-0.0,-0.0,-2.66238739497,2.27149092737,-3.01870306062,map_000000416.png
-3.05763554605,2.36168252525,3.02464023322,-0.0,-0.0,-0.0,-2.66238739497,2.27149092737,-3.01870306062,map_000000417.png
-3.05764731771,2.3616942394,3.0246354039,-0.0,-0.0,-0.0,-2.66238739497,2.27149092737,-3.01870306062,map_000000418.png
-3.05763556175,2.36168252971,3.024640202,-0.0,-0.0,-0.0,-2.66238739497,2.27149092737,-3.01870306062,map_000000419.png
-3.0576454683,2.36169239029,3.02463614925,-0.0,-0.0,-0.0,-2.66238739497,2.27149092737,-3.01870306062,map_000000420.png
-3.05763557683,2.36168253467,3.02464027586,-0.0,-0.0,-0.0,-2.66238739497,2.27149092737,-3.01870306062,map_000000421.png
-3.05764548379,2.36169239488,3.02463615006,-0.0,-0.0,-0.0,-2.66238739497,2.27149092737,-3.01870306062,map_000000422.png
-3.05764548379,2.36169239488,3.02463615006,-0.0,-0.0,-0.0,-2.66238739497,2.27149092737,-3.01870306062,map_000000423.png
-3.05764735684,2.36169425148,3.02463545389,-0.0,-0.0,-0.0,-2.66238739497,2.27149092737,-3.01870306062,map_000000424.png
-3.05764549924,2.3616923998,3.02463618659,-0.0,-0.0,-0.0,-2.66238739497,2.27149092737,-3.01870306062,map_000000425.png
-3.05764737238,2.36169425557,3.02463540521,-0.0,-0.0,-0.0,-2.66238739497,2.27149092737,-3.01870306062,map_000000426.png
-3.05763561619,2.36168254602,3.02464023612,0.0631466135383,-0.0,-0.0,-2.66238739497,2.27149092737,-3.01870306062,map_000000427.png
-3.06191024778,2.36219510587,3.024635409,0.134083077312,-0.0,-0.0,-2.66238739497,2.27149092737,-3.01870306062,map_000000428.png
-3.07208001572,2.36337963984,3.02464026011,0.356353193521,-0.0,-0.0,-2.66238739497,2.27149092737,-3.01870306062,map_000000429.png
-3.09299425799,2.36584558511,3.02463599554,0.356353193521,-0.0,-0.0,-2.66238739497,2.27149092737,-3.01870306062,map_000000430.png
-3.12836123372,2.36999220578,3.02464031702,0.325605779886,-0.0,-0.0,-2.66238739497,2.27149092737,-3.01870306062,map_000000431.png
-3.16516280386,2.3743247878,3.02463607695,0.325605779886,-0.0,-0.0,-2.66238739497,2.27149092737,-3.01870306062,map_000000432.png
-3.19890431529,2.37829074546,3.02463526758,-0.0,-0.0,-0.0,-2.66238739497,2.27149092737,-3.01870306062,map_000000433.png
-3.20666031278,2.37920039664,3.02463599196,-0.0,-0.0,-0.0,-2.66238739497,2.27149092737,-3.01870306062,map_000000434.png
-3.20666218587,2.37920225287,3.02463525819,-0.0,-0.0,-0.0,-2.66238739497,2.27149092737,-3.01870306062,map_000000435.png
-3.20665042989,2.37919054323,3.02464006166,-0.124126404524,-0.0276306960732,-0.0,-2.66238739497,2.27149092737,-3.01870306062,map_000000436.png
-3.20362744448,2.37951311683,3.02463523345,-0.381855219603,-0.124584183097,-0.0,-2.66238739497,2.27149092737,-3.01870306062,map_000000437.png
-3.18832787994,2.38137790423,3.02463951925,-0.5,-0.1907902807,-0.0,-2.66238739497,2.27149092737,-3.01870306062,map_000000438.png
-3.14740191123,2.3896183523,3.0246354591,-0.5,-0.1907902807,-0.0,-2.66238739497,2.27149092737,-3.01870306062,map_000000439.png
-3.09702938263,2.40209378855,3.0246384965,-0.5,-0.24517044425,-0.0,-2.66238739497,2.27149092737,-3.01870306062,map_000000440.png
-3.04264574901,2.41962342836,3.02463444436,-0.0,-0.0,-0.0,-2.66238739497,2.27149092737,-3.01870306062,map_000000441.png
-3.01534903055,2.42924903,3.02463269717,-0.0,-0.0,-0.0,-2.66238739497,2.27149092737,-3.01870306062,map_000000442.png
-3.01534717296,2.42924717835,3.02463343095,-0.0,-0.0,-0.0,-2.66238739497,2.27149092737,-3.01870306062,map_000000443.png
-3.01534904605,2.4292490346,3.02463269773,-0.0,-0.0,-0.0,-2.66238739497,2.27149092737,-3.01870306062,map_000000444.png
-3.01533729028,2.4292373245,3.02463743932,-0.0,-0.0,-0.0,-2.66238739497,2.27149092737,-3.01870306062,map_000000445.png
-3.01534906157,2.42924903867,3.02463264882,-0.0,-0.0,-0.0,-2.66238739497,2.27149092737,-3.01870306062,map_000000446.png
-3.01533730557,2.42923732909,3.02463746013,-0.169045835733,-0.0,-0.0,-2.66238739497,2.27149092737,-3.01870306062,map_000000447.png
-3.00527806615,2.42806412115,3.02463338417,-0.5,-0.0,-0.0,-2.66238739497,2.27149092737,-3.01870306062,map_000000448.png
-2.97534397483,2.42453834978,3.0246370864,-0.5,-0.0,-0.0,-2.66238739497,2.27149092737,-3.01870306062,map_000000449.png
-2.92373142955,2.41848284387,3.02463348234,-0.5,-0.0,-0.0,-2.66238739497,2.27149092737,-3.01870306062,map_000000450.png
-2.87211026938,2.4124193103,3.02463264454,-0.126491591334,-0.0,-0.0,-2.66238739497,2.27149092737,-3.01870306062,map_000000451.png
-2.82247164535,2.40658537611,3.02463334916,-0.126491591334,-0.0,-0.0,-2.66238739497,2.27149092737,-3.01870306062,map_000000452.png
-2.80348083434,2.40435569962,3.02463235229,-0.0,-0.0,-0.0,-2.66238739497,2.27149092737,-3.01870306062,map_000000453.png
-2.79945076647,2.40387184955,3.02463705401,-0.0,-0.0,-0.0,-2.66238739497,2.27149092737,-3.01870306062,map_000000454.png
-2.7994625379,2.40388356404,3.02463227933,-0.0,-0.0,-0.0,-2.66238739497,2.27149092737,-3.01870306062,map_000000455.png
-2.79946068035,2.40388171204,3.02463297673,-0.0,-0.0,-0.0,-2.66238739497,2.27149092737,-3.01870306062,map_000000456.png
-2.79946255339,2.40388356865,3.02463228089,-0.0,-0.0,-0.0,-2.66238739497,2.27149092737,-3.01870306062,map_000000457.png
-2.79946069576,2.40388171729,3.02463304748,-0.0,-0.0,-0.0,-2.66238739497,2.27149092737,-3.01870306062,map_000000458.png
-2.79946256891,2.40388357275,3.0246322351,-0.0,-0.0,-0.0,-2.66238739497,2.27149092737,-3.01870306062,map_000000459.png
-2.79945081291,2.40387186315,3.02463704418,-0.471713155508,-0.0,-0.0,-2.66238739497,2.27149092737,-3.01870306062,map_000000460.png
-2.77511133568,2.40102247703,3.02463263702,-0.5,-0.0,-0.0,-2.66238739497,2.27149092737,-3.01870306062,map_000000461.png
-2.72538667175,2.39516975418,3.02463701988,-0.5,-0.0,-0.0,-2.66238739497,2.27149092737,-3.01870306062,map_000000462.png
-2.67377412638,2.38911424821,3.02463347482,-0.379490047693,-0.0,-0.0,-2.66238739497,2.27149092737,-3.01870306062,map_000000463.png
-2.62412688716,2.38327228807,3.02463708104,-0.379490047693,-0.0,-0.0,-2.66238739497,2.27149092737,-3.01870306062,map_000000464.png
-2.62412688716,2.38327228807,3.02463708104,-0.379490047693,-0.0,-0.0,-2.66238739497,2.27149092737,-3.01870306062,map_000000465.png
-2.58304215683,2.37845374487,3.02463339459,-0.0,-0.0,-0.0,-2.66238739497,2.27149092737,-3.01870306062,map_000000466.png
-2.57550898448,2.3775702775,3.02463265222,-0.0,-0.0,-0.0,-2.66238739497,2.27149092737,-3.01870306062,map_000000467.png
-2.57550712687,2.37756842592,3.02463339404,-0.0,-0.0,-0.0,-2.66238739497,2.27149092737,-3.01870306062,map_000000468.png
-2.57550899996,2.37757028199,3.02463264608,-0.0,-0.0,-0.0,-2.66238739497,2.27149092737,-3.01870306062,map_000000469.png
-2.57549724399,2.3775585724,3.02463745212,-0.0,-0.0,-0.0,-2.66238739497,2.27149092737,-3.01870306062,map_000000470.png
-2.57550901543,2.37757028691,3.02463267814,-0.0,-0.0,-0.0,-2.66238739497,2.27149092737,-3.01870306062,map_000000471.png
-2.57549725949,2.37755857688,3.0246374423,-0.0,-0.0,-0.0,-2.66238739497,2.27149092737,-3.01870306062,map_000000472.png
-2.57550716606,2.37756843735,3.02463337838,-0.0,-0.0,-0.0,-2.66238739497,2.27149092737,-3.01870306062,map_000000473.png
-2.57549727515,2.3775585814,3.02463742117,-0.0,-0.0,-0.0,-2.66238739497,2.27149092737,-3.01870306062,map_000000474.png
-2.57550718147,2.3775684426,3.02463344937,-0.0,-0.0,-0.0,-2.66238739497,2.27149092737,-3.01870306062,map_000000475.png
-2.57550905462,2.37757029824,3.02463265405,-0.0,-0.0,0.323252052069,-2.66238739497,2.27149092737,-3.01870306062,map_000000476.png
-2.57550018113,2.37762294959,3.0309935155,-0.0,-0.0,1.0,-2.66238739497,2.27149092737,-3.01870306062,map_000000477.png
-2.57546816466,2.37797061007,3.06670921091,-0.0,-0.0,1.0,-2.66238739497,2.27149092737,-3.01870306062,map_000000478.png
-2.57543971122,2.37892347255,-3.11419173412,-0.0,-0.0,1.0,-2.66238739497,2.27149092737,-3.01870306062,map_000000479.png
-2.57551389485,2.37989289016,-3.01586833098,-0.0,-0.0,1.0,-2.66238739497,2.27149092737,-3.01870306062,map_000000480.png
-2.5756806152,2.38085620202,-2.91359450329,-0.0,-0.0,1.0,-2.66238739497,2.27149092737,-3.01870306062,map_000000481.png
-2.57594380723,2.38178628198,-2.81131523005,-0.0,-0.0,1.0,-2.66238739497,2.27149092737,-3.01870306062,map_000000482.png
-2.57627299032,2.38264634924,-2.71296517877,-0.0,-0.0,-0.0,-2.66238739497,2.27149092737,-3.01870306062,map_000000483.png
-2.57669559723,2.3834578115,-2.62251491461,-0.0,-0.0,-0.0,-2.66238739497,2.27149092737,-3.01870306062,map_000000484.png
-2.5766966233,2.38345774819,-2.62251504559,-0.0,-0.0,-0.0,-2.66238739497,2.27149092737,-3.01870306062,map_000000485.png
-2.57668683986,2.38344798502,-2.62250893406,-0.0,-0.0,-0.0,-2.66238739497,2.27149092737,-3.01870306062,map_000000486.png
-2.57669655449,2.38345765785,-2.62251512468,-0.0,-0.0,-0.0,-2.66238739497,2.27149092737,-3.01870306062,map_000000487.png
-2.57668682193,2.38344795768,-2.62250917311,-0.0,-0.0,-0.0,-2.66238739497,2.27149092737,-3.01870306062,map_000000488.png
-2.57669654815,2.38345765877,-2.62251499744,-0.0,-0.0,-0.0,-2.66238739497,2.27149092737,-3.01870306062,map_000000489.png
-2.57669658098,2.38345768416,-2.62251497149,-0.0,-0.0,-0.0,-2.66238739497,2.27149092737,-3.01870306062,map_000000490.png
-2.57669653094,2.38345763323,-2.62251492938,-0.0,-0.0,-0.0,-2.66238739497,2.27149092737,-3.01870306062,map_000000491.png
-2.57669651171,2.3834575943,-2.6225150234,-0.0,-0.0,-0.0,-2.66238739497,2.27149092737,-3.01870306062,map_000000492.png
-2.57668677909,2.38344789397,-2.62250910472,-0.0,-0.0,-0.841494500637,-2.66238739497,2.27149092737,-3.01870306062,map_000000493.png
-2.57644804225,2.38299568959,-2.67878953443,-0.0,-0.0,-1.0,-2.66238739497,2.27149092737,-3.01870306062,map_000000494.png
-2.5761038354,2.38221731851,-2.76902623636,-0.0,-0.0,-1.0,-2.66238739497,2.27149092737,-3.01870306062,map_000000495.png
-2.57580596479,2.38131767909,-2.86736227772,-0.0,-0.0,-0.146053954959,-2.66238739497,2.27149092737,-3.01870306062,map_000000496.png
-2.57557918945,2.38040638053,-2.9629059556,-0.0,-0.0,-0.0,-2.66238739497,2.27149092737,-3.01870306062,map_000000497.png
-2.57554743444,2.38026212882,-2.97726299331,-0.0,-0.0,-0.0,-2.66238739497,2.27149092737,-3.01870306062,map_000000498.png
-2.57555241121,2.38024884144,-2.97956564218,-0.0,-0.0,-0.0,-2.66238739497,2.27149092737,-3.01870306062,map_000000499.png
-2.57555447505,2.38025088552,-2.97956670169,-0.0,-0.0,-0.0,-2.66238739497,2.27149092737,-3.01870306062,map_000000500.png
-2.57555242969,2.3802488458,-2.97956560376,-0.0,-0.0,-0.0,-2.66238739497,2.27149092737,-3.01870306062,map_000000501.png
-2.57555449327,2.38025088936,-2.97956670615,-0.0,-0.0,-0.0,-2.66238739497,2.27149092737,-3.01870306062,map_000000502.png
-2.57554260154,2.38023904192,-2.979560293,-0.0,-0.0,-0.0,-2.66238739497,2.27149092737,-3.01870306062,map_000000503.png
-2.57554260154,2.38023904192,-2.979560293,-0.0,-0.0,-0.0,-2.66238739497,2.27149092737,-3.01870306062,map_000000504.png
-2.57555451154,2.38025089346,-2.97956668301,-0.14066362381,0.329878389835,-0.0,-2.66238739497,2.27149092737,-3.01870306062,map_000000505.png
-2.57554262003,2.38023904533,-2.97956038437,-0.14066362381,0.329878389835,-0.0,-2.66238739497,2.27149092737,-3.01870306062,map_000000506.png
-2.56019614068,2.35603010429,-2.97956497577,-0.216330453753,0.5,-0.0,-2.66238739497,2.27149092737,-3.01870306062,map_000000507.png
-2.53527447646,2.31703195723,-2.97955847052,-0.157219916582,0.5,-0.0,-2.66238739497,2.27149092737,-3.01870306062,map_000000508.png
-2.50703746844,2.26899170645,-2.97956247865,-0.0,-0.0,-0.0,-2.66238739497,2.27149092737,-3.01870306062,map_000000509.png
-2.48818159838,2.23156239625,-2.97956252066,-0.0,-0.0,-0.0,-2.66238739497,2.27149092737,-3.01870306062,map_000000510.png
-2.48817955296,2.23156035616,-2.97956145903,-0.0,-0.0,-0.0,-2.66238739497,2.27149092737,-3.01870306062,map_000000511.png
-2.48818161651,2.23156239954,-2.97956257926,-0.0,-0.0,-0.0,-2.66238739497,2.27149092737,-3.01870306062,map_000000512.png
-2.48816972492,2.23155055179,-2.97955622337,-0.0,-0.0,-0.0,-2.66238739497,2.27149092737,-3.01870306062,map_000000513.png
-2.48818163471,2.23156240325,-2.9795625966,-0.0,-0.0,-0.0,-2.66238739497,2.27149092737,-3.01870306062,map_000000514.png
-2.48816974301,2.23155055595,-2.97955617066,-0.0,-0.0,-0.0,-2.66238739497,2.27149092737,-3.01870306062,map_000000515.png
-2.48817959899,2.23156036554,-2.97956150386,-0.0,-0.0,-0.0,-2.66238739497,2.27149092737,-3.01870306062,map_000000516.png
-2.48816976122,2.23155055972,-2.97955618121,-0.0,-0.0,-0.0,-2.66238739497,2.27149092737,-3.01870306062,map_000000517.png
-2.48817961729,2.23156036985,-2.97956145749,-0.0,-0.0,-0.0,-2.66238739497,2.27149092737,-3.01870306062,map_000000518.png
-2.48818168078,2.23156241291,-2.97956260926,-0.0,-0.0,-0.0,-2.66238739497,2.27149092737,-3.01870306062,map_000000519.png
-2.48817963542,2.23156037307,-2.97956152693,-0.0,-0.0,-0.0,-2.66238739497,2.27149092737,-3.01870306062,map_000000520.png
-2.48818169906,2.23156241704,-2.97956258536,-0.0,-0.0,-0.0,-2.66238739497,2.27149092737,-3.01870306062,map_000000521.png
-2.48816980741,2.23155056936,-2.97955621221,-0.0,-0.0,-0.0,-2.66238739497,2.27149092737,-3.01870306062,map_000000522.png
-2.48818171728,2.23156242087,-2.97956258917,-0.0,-0.0,-0.0,-2.66238739497,2.27149092737,-3.01870306062,map_000000523.png
-2.48816982556,2.23155057346,-2.97955617466,-0.0,-0.0,-0.0,-2.66238739497,2.27149092737,-3.01870306062,map_000000524.png
-2.48817968152,2.23156038286,-2.97956152818,-0.0,-0.0,-0.0,-2.66238739497,2.27149092737,-3.01870306062,map_000000525.png
-2.48816984405,2.23155057686,-2.97955626708,0.5,-0.0,-0.0,-2.66238739497,2.27149092737,-3.01870306062,map_000000526.png
-2.52171977772,2.22607774087,-2.97956199625,0.434385210276,-0.0,-0.0,-2.66238739497,2.27149092737,-3.01870306062,map_000000527.png
-2.56991222908,2.21820229781,-2.97956310466,-0.0,-0.0,-0.0,-2.66238739497,2.27149092737,-3.01870306062,map_000000528.png
