
-5.18213561934,4.41356830969,-1.75828433913,-0.0,-0.0,-0.0,-4.12557397626,6.8580346081,-1.59403755475,map_000000039.png
-5.18213555956,4.41356825074,-1.75828432195,-0.0,-0.5,-0.0,-4.12557397626,6.8580346081,-1.59403755475,map_000000040.png
-5.19392145923,4.41580416564,-1.75828411521,-0.0,-0.5,-0.0,-4.12557397626,6.8580346081,-1.59403755475,map_000000041.png
-5.24498196989,4.42548345888,-1.75827742889,-0.0,-0.5,-0.0,-4.12557397626,6.8580346081,-1.59403755475,map_000000042.png
-5.29606210161,4.43518152986,-1.75828054451,-0.0,-0.5,-0.0,-4.12557397626,6.8580346081,-1.59403755475,map_000000043.png
-5.3451677242,4.44449741649,-1.7582787696,-0.0,-0.5,-0.0,-4.12557397626,6.8580346081,-1.59403755475,map_000000044.png
-5.39623788335,4.4541857879,-1.75827674166,-0.0,-0.5,-0.0,-4.12557397626,6.8580346081,-1.59403755475,map_000000045.png
-5.4473084724,4.46387422922,-1.75827508034,-0.0,-0.5,-0.0,-4.12557397626,6.8580346081,-1.59403755475,map_000000046.png
-5.49640530489,4.47318045952,-1.75826845352,-0.0,-0.5,-0.0,-4.12557397626,6.8580346081,-1.59403755475,map_000000047.png
-5.54748552369,4.48287807159,-1.75827167478,-0.0,-0.5,-0.0,-4.12557397626,6.8580346081,-1.59403755475,map_000000048.png
-5.59854615991,4.49255672162,-1.75826439956,-0.0,-0.0,-0.0,-4.12557397626,6.8580346081,-1.59403755475,map_000000049.png
-5.64766147593,4.50188143266,-1.75826776033,-0.0,-0.0,-0.0,-4.12557397626,6.8580346081,-1.59403755475,map_000000050.png
-5.65748347169,4.50374467114,-1.75826745144,-0.0,-0.0,-0.0,-4.12557397626,6.8580346081,-1.59403755475,map_000000051.png
-5.65748341159,4.50374461213,-1.75826746823,0.112796410918,0.348799854517,-0.0,-4.12557397626,6.8580346081,-1.59403755475,map_000000052.png
-5.64333481389,4.49601076018,-1.75826811083,0.202654346824,0.5,-0.0,-4.12557397626,6.8580346081,-1.59403755475,map_000000053.png
-5.60619541225,4.47446228606,-1.75826396769,0.18136768043,0.5,-0.0,-4.12557397626,6.8580346081,-1.59403755475,map_000000054.png
-5.55901285379,4.44433483699,-1.75827076537,0.18136768043,0.5,-0.0,-4.12557397626,6.8580346081,-1.59403755475,map_000000055.png
-5.51328631779,4.41720713895,-1.7582721706,0.18136768043,0.5,-0.0,-4.12557397626,6.8580346081,-1.59403755475,map_000000056.png
-5.46573024303,4.38899390384,-1.75827400278,0.17190694809,0.5,-0.0,-4.12557397626,6.8580346081,-1.59403755475,map_000000057.png
-5.41804006929,4.36148666519,-1.75827535367,0.17190694809,0.5,-0.0,-4.12557397626,6.8580346081,-1.59403755475,map_000000058.png
-5.37212738163,4.33527809983,-1.7582718865,0.17190694809,0.5,-0.0,-4.12557397626,6.8580346081,-1.59403755475,map_000000059.png
-5.37212738163,4.33527809983,-1.7582718865,0.17190694809,0.5,-0.0,-4.12557397626,6.8580346081,-1.59403755475,map_000000060.png
-5.32439686281,4.30803997643,-1.75827841052,0.17190694809,0.5,-0.0,-4.12557397626,6.8580346081,-1.59403755475,map_000000061.png
-5.27664871662,4.280783669,-1.75827556124,0.17190694809,0.5,-0.0,-4.12557397626,6.8580346081,-1.59403755475,map_000000062.png
-5.23075509443,4.25459378306,-1.75828181017,0.17190694809,0.5,-0.0,-4.12557397626,6.8580346081,-1.59403755475,map_000000063.png
-5.18301577955,4.22734633659,-1.75828322788,0.17190694809,0.5,-0.0,-4.12557397626,6.8580346081,-1.59403755475,map_000000064.png
-5.13527669106,4.20009889821,-1.75828504902,0.17190694809,0.5,-0.0,-4.12557397626,6.8580346081,-1.59403755475,map_000000065.png
-5.08937299337,4.17389891085,-1.75828628821,0.0489555038512,0.5,-0.0,-4.12557397626,6.8580346081,-1.59403755475,map_000000066.png
-5.04052542174,4.15243837529,-1.75828349853,-0.0248077325523,0.5,-0.0,-4.12557397626,6.8580346081,-1.59403755475,map_000000067.png
-4.99008275765,4.13949689767,-1.75828989162,-0.192697688937,0.5,-0.0,-4.12557397626,6.8580346081,-1.59403755475,map_000000068.png
-4.94026485637,4.13393615255,-1.75829133568,-0.265999317169,0.46465575695,-0.0,-4.12557397626,6.8580346081,-1.59403755475,map_000000069.png
-4.88546055462,4.14392907079,-1.75829358577,-0.265999317169,0.46465575695,-0.0,-4.12557397626,6.8580346081,-1.59403755475,map_000000070.png
-4.83267715835,4.16146539195,-1.75829532233,-0.275460064411,0.46465575695,-0.0,-4.12557397626,6.8580346081,-1.59403755475,map_000000071.png
-4.77992135341,4.18037337773,-1.7582975396,-0.275460064411,0.46465575695,-0.0,-4.12557397626,6.8580346081,-1.59403755475,map_000000072.png
-4.72712298102,4.19950445806,-1.75829927766,-0.275460064411,0.46465575695,-0.0,-4.12557397626,6.8580346081,-1.59403755475,map_000000073.png
-4.67634593411,4.2178901607,-1.75829676172,-0.275460064411,0.46465575695,-0.0,-4.12557397626,6.8580346081,-1.59403755475,map_000000074.png
-4.62355640874,4.23703043145,-1.75830305869,-0.275460064411,0.46465575695,-0.0,-4.12557397626,6.8580346081,-1.59403755475,map_000000075.png
-4.57074922548,4.25615160319,-1.75830075109,-0.275460064411,0.46465575695,-0.0,-4.12557397626,6.8580346081,-1.59403755475,map_000000076.png
-4.51999108798,4.27455564784,-1.75830723542,-0.275460064411,0.46465575695,-0.0,-4.12557397626,6.8580346081,-1.59403755475,map_000000077.png
-4.46719252784,4.29368621236,-1.75830899068,-0.275460064411,0.46465575695,-0.0,-4.12557397626,6.8580346081,-1.59403755475,map_000000078.png
-4.41439415494,4.31281647081,-1.75831120496,-0.275460064411,0.46465575695,-0.0,-4.12557397626,6.8580346081,-1.59403755475,map_000000079.png
-4.36362559218,4.33121117842,-1.75831279122,-0.275460064411,0.46465575695,-0.0,-4.12557397626,6.8580346081,-1.59403755475,map_000000080.png
-4.31081822212,4.35033183563,-1.7583104764,-0.244712665677,0.490672767162,-0.0,-4.12557397626,6.8580346081,-1.59403755475,map_000000081.png
-4.25739413714,4.36834991647,-1.75831701806,-0.237617120147,0.5,-0.0,-4.12557397626,6.8580346081,-1.59403755475,map_000000082.png
-4.20458200395,4.38316975914,-1.75831879813,-0.221060827374,0.5,-0.0,-4.12557397626,6.8580346081,-1.59403755475,map_000000083.png
-4.14890683515,4.39774922286,-1.75832109517,-0.221060827374,0.5,-0.0,-4.12557397626,6.8580346081,-1.59403755475,map_000000084.png
-4.09352760013,4.41076777141,-1.75832289344,-0.138298436999,0.5,-0.0,-4.12557397626,6.8580346081,-1.59403755475,map_000000085.png
-4.04140320893,4.41729873379,-1.75832030358,-0.138298436999,0.5,-0.0,-4.12557397626,6.8580346081,-1.59403755475,map_000000086.png
-3.98766160777,4.42174292235,-1.75832686991,-0.0,0.5,-0.0,-4.12557397626,6.8580346081,-1.59403755475,map_000000087.png
-3.93493336384,4.42073544235,-1.75832354341,0.0442251339555,0.5,-0.0,-4.12557397626,6.8580346081,-1.59403755475,map_000000088.png
-3.88596912245,4.41073149798,-1.75833059193,0.0678579062223,0.5,-0.0,-4.12557397626,6.8580346081,-1.59403755475,map_000000089.png
-3.8357563488,4.39652314011,-1.75833210123,0.0678579062223,0.5,-0.0,-4.12557397626,6.8580346081,-1.59403755475,map_000000090.png
-3.78600186368,4.37990086304,-1.75833398793,0.0678579062223,0.5,-0.0,-4.12557397626,6.8580346081,-1.59403755475,map_000000091.png
-3.73816023321,4.36391754715,-1.75833558443,0.0678579062223,0.5,-0.0,-4.12557397626,6.8580346081,-1.59403755475,map_000000092.png
-3.68839688448,4.34728593839,-1.75833247548,0.0678579062223,0.5,-0.0,-4.12557397626,6.8580346081,-1.59403755475,map_000000093.png
-3.63865120571,4.33067255487,-1.75833881755,0.0678579062223,0.5,-0.0,-4.12557397626,6.8580346081,-1.59403755475,map_000000094.png
-3.59081097779,4.31468952261,-1.75834054942,-0.0,0.5,-0.0,-4.12557397626,6.8580346081,-1.59403755475,map_000000095.png
-3.54085427511,4.29913312873,-1.75834243523,-0.0602664276958,0.5,-0.0,-4.12557397626,6.8580346081,-1.59403755475,map_000000096.png
-3.54085427511,4.29913312873,-1.75834243523,-0.0602664276958,0.5,-0.0,-4.12557397626,6.8580346081,-1.59403755475,map_000000097.png
-3.54085427511,4.29913312873,-1.75834243523,-0.5,0.159623250365,-0.0,-4.12557397626,6.8580346081,-1.59403755475,map_000000098.png
-3.43959114575,4.28579482958,-1.75834105486,-0.5,0.159623250365,-0.0,-4.12557397626,6.8580346081,-1.59403755475,map_000000099.png
-3.40754825185,4.32189227849,-1.7583472213,-0.5,0.150162518024,-0.0,-4.12557397626,6.8580346081,-1.59403755475,map_000000100.png
-3.38213794825,4.3699708611,-1.75834395483,-0.5,0.112338632345,-0.0,-4.12557397626,6.8580346081,-1.59403755475,map_000000101.png
-3.35956634683,4.41656861283,-1.75834934501,-0.5,0.093417160213,-0.0,-4.12557397626,6.8580346081,-1.59403755475,map_000000102.png
-3.33884597164,4.46554548974,-1.75835023846,-0.5,0.0721304938197,-0.0,-4.12557397626,6.8580346081,-1.59403755475,map_000000103.png
-3.31977945284,4.51483583259,-1.75835115416,-0.5,-0.0,-0.0,-4.12557397626,6.8580346081,-1.59403755475,map_000000104.png
-3.30337572554,4.56259746454,-1.75835172507,-0.5,-0.0,-0.0,-4.12557397626,6.8580346081,-1.59403755475,map_000000105.png
-3.29254076529,4.6134421586,-1.75834783309,-0.5,-0.00161366618704,-0.0,-4.12557397626,6.8580346081,-1.59403755475,map_000000106.png
-3.2829717971,4.66454324731,-1.75835316744,-0.5,-0.0229003261775,-0.0,-4.12557397626,6.8580346081,-1.59403755475,map_000000107.png
-3.27452214053,4.71584063874,-1.75834939649,-0.5,-0.0229003261775,-0.0,-4.12557397626,6.8580346081,-1.59403755475,map_000000108.png
-3.26717806366,4.76736398285,-1.75835392774,-0.5,-0.0229003261775,-0.0,-4.12557397626,6.8580346081,-1.59403755475,map_000000109.png
-3.26010767066,4.81689573684,-1.7583544544,-0.5,-0.0607432797551,-0.0,-4.12557397626,6.8580346081,-1.59403755475,map_000000110.png
-3.25275426051,4.86840904783,-1.75835489582,-0.5,-0.079645678401,-0.0,-4.12557397626,6.8580346081,-1.59403755475,map_000000111.png
-3.24911742055,4.92062812402,-1.75835526948,-0.5,-0.079645678401,-0.0,-4.12557397626,6.8580346081,-1.59403755475,map_000000112.png
-3.24723913585,4.9711382274,-1.75835121781,-0.5,-0.079645678401,-0.0,-4.12557397626,6.8580346081,-1.59403755475,map_000000113.png
-3.24569094352,5.02376157321,-1.75835592017,-0.5,-0.0891064181924,-0.0,-4.12557397626,6.8580346081,-1.59403755475,map_000000114.png
-3.24457009058,5.07644989499,-1.7583518924,-0.5,-0.0985671579838,-0.0,-4.12557397626,6.8580346081,-1.59403755475,map_000000115.png
-3.24427111446,5.12727466172,-1.75835623359,-0.5,-0.0985671579838,-0.0,-4.12557397626,6.8580346081,-1.59403755475,map_000000116.png
-3.24464623863,5.18025517449,-1.7583565038,-0.5,-0.108027890325,-0.0,-4.12557397626,6.8580346081,-1.59403755475,map_000000117.png
-3.24502125945,5.23323526656,-1.75835666952,-0.5,-0.108027890325,-0.0,-4.12557397626,6.8580346081,-1.59403755475,map_000000118.png
-3.24623670155,5.28434080426,-1.75835673144,-0.5,-0.136410102248,-0.0,-4.12557397626,6.8580346081,-1.59403755475,map_000000119.png
-3.24968718597,5.33789672654,-1.75835245613,-0.5,-0.136410102248,-0.0,-4.12557397626,6.8580346081,-1.59403755475,map_000000120.png
-3.25393685652,5.3916204604,-1.75835704549,-0.5,-0.0,-0.0,-4.12557397626,6.8580346081,-1.59403755475,map_000000121.png
-3.25319133741,5.44235261912,-1.75835713983,-0.145393997431,0.166718795896,-0.0,-4.12557397626,6.8580346081,-1.59403755475,map_000000122.png
-3.24193654735,5.48735259816,-1.7583577841,-0.0,0.419736325741,-0.0,-4.12557397626,6.8580346081,-1.59403755475,map_000000123.png
-3.22208952264,5.49897121862,-1.7583584267,-0.0,0.5,-0.0,-4.12557397626,6.8580346081,-1.59403755475,map_000000124.png
-3.18085747478,5.49113805246,-1.7583549283,-0.0,0.5,-0.0,-4.12557397626,6.8580346081,-1.59403755475,map_000000125.png
-3.13137322278,5.48175376806,-1.75836183819,-0.0,0.5,-0.0,-4.12557397626,6.8580346081,-1.59403755475,map_000000126.png
-3.08029485092,5.47205173395,-1.7583590165,-0.0,0.5,-0.0,-4.12557397626,6.8580346081,-1.59403755475,map_000000127.png
-3.03119906395,5.46274102816,-1.75836532643,-0.0,0.5,-0.0,-4.12557397626,6.8580346081,-1.59403755475,map_000000128.png
-2.98012943526,5.45304804903,-1.7583668865,-0.0,0.5,-0.0,-4.12557397626,6.8580346081,-1.59403755475,map_000000129.png
-2.92906003048,5.44335495222,-1.75836892596,-0.0,0.5,-0.0,-4.12557397626,6.8580346081,-1.59403755475,map_000000130.png
-2.87995401986,5.43403442254,-1.75837086995,-0.0,0.5,-0.0,-4.12557397626,6.8580346081,-1.59403755475,map_000000131.png
-2.82887573559,5.42433193776,-1.75836768209,-0.26363414526,0.0177503284067,-0.0,-4.12557397626,6.8580346081,-1.59403755475,map_000000132.png
-2.81007571865,5.44115796561,-1.75837276029,-0.5,-0.0,-0.0,-4.12557397626,6.8580346081,-1.59403755475,map_000000133.png
-2.80192697162,5.47990347342,-1.75837335487,-0.5,-0.0,-0.0,-4.12557397626,6.8580346081,-1.59403755475,map_000000134.png
-2.79223357589,5.53097268294,-1.75837397788,-0.5,-0.0,-0.0,-4.12557397626,6.8580346081,-1.59403755475,map_000000135.png
-2.79223357589,5.53097268294,-1.75837397788,-0.5,-0.0,-0.0,-4.12557397626,6.8580346081,-1.59403755475,map_000000136.png
-2.7825401884,5.58204229469,-1.75837446366,-0.5,-0.0,-0.0,-4.12557397626,6.8580346081,-1.59403755475,map_000000137.png
-2.77321016557,5.63113814389,-1.75837071942,-0.5,-0.0,-0.0,-4.12557397626,6.8580346081,-1.59403755475,map_000000138.png
-2.76352594445,5.68221735836,-1.75837541483,-0.5,-0.0,-0.0,-4.12557397626,6.8580346081,-1.59403755475,map_000000139.png
-2.75382321851,5.73327693392,-1.75837142761,-0.5,-0.0,-0.0,-4.12557397626,6.8580346081,-1.59403755475,map_000000140.png
-2.74451192346,5.7823912561,-1.75837668424,-0.5,-0.0,-0.0,-4.12557397626,6.8580346081,-1.59403755475,map_000000141.png
-2.73481839732,5.83346084178,-1.75837716351,-0.5,-0.0,-0.0,-4.12557397626,6.8580346081,-1.59403755475,map_000000142.png
-2.72512480804,5.8845300144,-1.7583777744,-0.5,-0.0,-0.0,-4.12557397626,6.8580346081,-1.59403755475,map_000000143.png
-2.71580388224,5.93363585375,-1.75837823486,-0.5,-0.0,-0.0,-4.12557397626,6.8580346081,-1.59403755475,map_000000144.png
-2.70610101633,5.98469540292,-1.75837443635,-0.5,-0.0,-0.0,-4.12557397626,6.8580346081,-1.59403755475,map_000000145.png
-2.69641659912,6.03577458002,-1.75837943433,-0.5,-0.0,-0.0,-4.12557397626,6.8580346081,-1.59403755475,map_000000146.png
-2.6867136767,6.08683411919,-1.75837575345,-0.5,-0.0,-0.0,-4.12557397626,6.8580346081,-1.59403755475,map_000000147.png
-2.67702920602,6.13791328571,-1.75838026653,-0.5,-0.0,-0.0,-4.12557397626,6.8580346081,-1.59403755475,map_000000148.png
-2.66770847754,6.18701795364,-1.75838097731,-0.5,-0.0,-0.0,-4.12557397626,6.8580346081,-1.59403755475,map_000000149.png
-2.65801469406,6.23808708965,-1.75838157426,-0.5,-0.0,-0.0,-4.12557397626,6.8580346081,-1.59403755475,map_000000150.png
-2.64832091593,6.28915662729,-1.75838210418,-0.5,-0.0,-0.0,-4.12557397626,6.8580346081,-1.59403755475,map_000000151.png
-2.63899052102,6.33825240598,-1.75837831322,-0.5,-0.0,-0.0,-4.12557397626,6.8580346081,-1.59403755475,map_000000152.png
-2.62930591126,6.38933154692,-1.75838296721,-0.5,-0.0,-0.0,-4.12557397626,6.8580346081,-1.59403755475,map_000000153.png
-2.61960279706,6.44039104822,-1.75837900991,-0.5,-0.0,-0.0,-4.12557397626,6.8580346081,-1.59403755475,map_000000154.png
-2.61029112878,6.48950529941,-1.75838427769,-0.5,-0.0,-0.0,-4.12557397626,6.8580346081,-1.59403755475,map_000000155.png
-2.6005972136,6.54057481132,-1.75838477328,-0.5,-0.0,-0.0,-4.12557397626,6.8580346081,-1.59403755475,map_000000156.png
-2.59090323604,6.59164391015,-1.75838536704,-0.5,-0.0,-0.0,-4.12557397626,6.8580346081,-1.59403755475,map_000000157.png
-2.58158193606,6.64074967898,-1.75838567057,-0.5,-0.0,-0.0,-4.12557397626,6.8580346081,-1.59403755475,map_000000158.png
-2.57187868345,6.69180915383,-1.75838176364,-0.5,-0.0,-0.0,-4.12557397626,6.8580346081,-1.59403755475,map_000000159.png
-2.56219387532,6.74288825785,-1.7583871576,-0.5,-0.0,-0.0,-4.12557397626,6.8580346081,-1.59403755475,map_000000160.png
-2.55287282948,6.79199286569,-1.75838745158,-0.5,-0.0,-0.0,-4.12557397626,6.8580346081,-1.59403755475,map_000000161.png
-2.54317871281,6.84306193813,-1.75838809506,-0.5,-0.0,-0.0,-4.12557397626,6.8580346081,-1.59403755475,map_000000162.png
-2.53348460451,6.89413141351,-1.75838857227,-0.5,-0.0,-0.0,-4.12557397626,6.8580346081,-1.59403755475,map_000000163.png
-2.52415389097,6.9432271307,-1.75838446524,-0.5,-0.0,-0.0,-4.12557397626,6.8580346081,-1.59403755475,map_000000164.png
-2.51446894599,6.99430620852,-1.75838983712,-0.5,-0.0,-0.0,-4.12557397626,6.8580346081,-1.59403755475,map_000000165.png
-2.50476549986,7.04536564665,-1.75838563738,-0.5,-0.0,-0.0,-4.12557397626,6.8580346081,-1.59403755475,map_000000166.png
-2.49545351272,7.09447983717,-1.75839080163,-0.5,0.166718795896,-0.0,-4.12557397626,6.8580346081,-1.59403755475,map_000000167.png
-2.47789999247,7.14405739184,-1.75839158383,-0.135933250189,0.5,-0.0,-4.12557397626,6.8580346081,-1.59403755475,map_000000168.png
-2.4439132585,7.18014344712,-1.75839303018,-0.135933250189,0.5,-0.0,-4.12557397626,6.8580346081,-1.59403755475,map_000000169.png
-2.39227322366,7.1841719293,-1.75839484995,-0.135933250189,0.5,-0.0,-4.12557397626,6.8580346081,-1.59403755475,map_000000170.png
-2.33855958762,7.18835207241,-1.75839171887,-0.135933250189,0.5,-0.0,-4.12557397626,6.8580346081,-1.59403755475,map_000000171.png
-2.33855958762,7.18835207241,-1.75839171887,-0.135933250189,0.5,-0.0,-4.12557397626,6.8580346081,-1.59403755475,map_000000172.png
-2.23322488651,7.19657901725,-1.75840049435,-0.135933250189,0.5,-0.0,-4.12557397626,6.8580346081,-1.59403755475,map_000000173.png
-2.23322488651,7.19657901725,-1.75840049435,-0.135933250189,0.5,-0.0,-4.12557397626,6.8580346081,-1.59403755475,map_000000174.png
-2.17952012942,7.20076815043,-1.75840262504,-0.135933250189,0.5,-0.0,-4.12557397626,6.8580346081,-1.59403755475,map_000000175.png
-2.12581513817,7.20495728756,-1.75840439391,-0.0626316145062,0.183275088668,-0.0,-4.12557397626,6.8580346081,-1.59403755475,map_000000176.png
-2.08195937512,7.20866525113,-1.75840130718,-0.474078327417,-0.285378575325,-0.0,-4.12557397626,6.8580346081,-1.59403755475,map_000000177.png
-2.06356941575,7.21348449794,-1.75840661524,-0.429139822721,-0.306646168232,-0.0,-4.12557397626,6.8580346081,-1.59403755475,map_000000178.png
-2.08351552339,7.26742966637,-1.75840182006,-0.429139822721,-0.306646168232,-0.0,-4.12557397626,6.8580346081,-1.59403755475,map_000000179.png
-2.10528827283,7.31578377384,-1.75840564089,-0.429139822721,-0.306646168232,-0.0,-4.12557397626,6.8580346081,-1.59403755475,map_000000180.png
-2.1282876757,7.36556141277,-1.75840515929,-0.429139822721,-0.306646168232,-0.0,-4.12557397626,6.8580346081,-1.59403755475,map_000000181.png
-2.15128687856,7.4153386321,-1.75840439189,-0.429139822721,-0.306646168232,-0.0,-4.12557397626,6.8580346081,-1.59403755475,map_000000182.png
-2.17428634725,7.46511624047,-1.75840388699,-0.429139822721,-0.306646168232,-0.0,-4.12557397626,6.8580346081,-1.59403755475,map_000000183.png
-2.19728561531,7.51489343055,-1.75840309766,-0.429139822721,-0.306646168232,-0.0,-4.12557397626,6.8580346081,-1.59403755475,map_000000184.png
-2.21940073301,7.56275695223,-1.75840264542,-0.429139822721,-0.306646168232,-0.0,-4.12557397626,6.8580346081,-1.59403755475,map_000000185.png
-2.24239062866,7.6125245017,-1.75839717078,-0.429139822721,-0.306646168232,-0.0,-4.12557397626,6.8580346081,-1.59403755475,map_000000186.png
-2.26539965762,7.66231166347,-1.75840118372,-0.429139822721,-0.306646168232,-0.0,-4.12557397626,6.8580346081,-1.59403755475,map_000000187.png
-2.28751439096,7.71017402766,-1.75840073314,-0.457522064447,-0.268822282553,-0.0,-4.12557397626,6.8580346081,-1.59403755475,map_000000188.png
-2.3084767739,7.76095062084,-1.75840003238,-0.478808701038,-0.254631191492,-0.0,-4.12557397626,6.8580346081,-1.59403755475,map_000000189.png
-2.32647446414,7.76471864336,-1.75892662235,-0.485904276371,-0.266457110643,-0.0,-4.12557397626,6.8580346081,-1.59403755475,map_000000190.png
-2.3426343276,7.76661923445,-1.75947888965,-0.273094892502,-0.443788707256,-0.0,-4.12557397626,6.8580346081,-1.59403755475,map_000000191.png
-2.36034931625,7.76631063133,-1.76008456436,-0.273094892502,-0.443788707256,-0.0,-4.12557397626,6.8580346081,-1.59403755475,map_000000192.png
-2.39945836951,7.76547335051,-1.76052221167,-0.265999317169,-0.474536120892,-0.0,-4.12557397626,6.8580346081,-1.59403755475,map_000000193.png
-2.44026876499,7.76389515036,-1.76094277757,-0.445696115494,-0.278283029795,-0.0,-4.12557397626,6.8580346081,-1.59403755475,map_000000194.png
-2.47078754878,7.76367769061,-1.76144764275,-0.5,-0.167138427496,-0.0,-4.12557397626,6.8580346081,-1.59403755475,map_000000195.png
-2.48514326244,7.76336068021,-1.76204051702,-0.0,-0.0229003261775,-0.0,-4.12557397626,6.8580346081,-1.59403755475,map_000000196.png
-2.49091653165,7.76319288942,-1.76249790756,0.179002508521,-0.0,-0.0,-4.12557397626,6.8580346081,-1.59403755475,map_000000197.png
-2.49329979782,7.76279258753,-1.76252503224,0.5,0.0674001276493,-0.0,-4.12557397626,6.8580346081,-1.59403755475,map_000000198.png
-2.49684671783,7.74496521957,-1.76254918555,0.5,0.0674001276493,-0.0,-4.12557397626,6.8580346081,-1.59403755475,map_000000199.png
-2.4998195056,7.6989486331,-1.76257471085,0.240478217602,-0.0820108652115,-0.0,-4.12557397626,6.8580346081,-1.59403755475,map_000000200.png
-2.50984885886,7.66740900214,-1.76260646187,0.5,-0.0,-0.0,-4.12557397626,6.8580346081,-1.59403755475,map_000000201.png
-2.52137700917,7.6308735302,-1.76264217457,0.5,-0.0,-0.0,-4.12557397626,6.8580346081,-1.59403755475,map_000000202.png
-2.53091405097,7.58224265946,-1.76268202412,0.5,-0.0,-0.0,-4.12557397626,6.8580346081,-1.59403755475,map_000000203.png
-2.54083133119,7.53135408892,-1.7626957322,0.5,-0.0,-0.0,-4.12557397626,6.8580346081,-1.59403755475,map_000000204.png
-2.55074521247,7.4803271282,-1.76269507382,0.5,-0.0,-0.0,-4.12557397626,6.8580346081,-1.59403755475,map_000000205.png
-2.56027796416,7.43126188876,-1.76269472804,0.5,-0.0,-0.0,-4.12557397626,6.8580346081,-1.59403755475,map_000000206.png
-2.57018249766,7.38022596354,-1.76268853889,0.5,-0.100932337344,-0.0,-4.12557397626,6.8580346081,-1.59403755475,map_000000207.png
-2.58604849691,7.33036231283,-1.76269294148,0.5,-0.254631191492,-0.0,-4.12557397626,6.8580346081,-1.59403755475,map_000000208.png
-2.61212146804,7.2845120047,-1.76269212931,-0.0,-0.5,-0.0,-4.12557397626,6.8580346081,-1.59403755475,map_000000209.png
-2.61212146804,7.2845120047,-1.76269212931,-0.0,-0.5,-0.0,-4.12557397626,6.8580346081,-1.59403755475,map_000000210.png
-2.65209374781,7.2535808024,-1.76269031285,-0.0,-0.5,-0.0,-4.12557397626,6.8580346081,-1.59403755475,map_000000211.png
-2.70312107806,7.26349455486,-1.76268876686,-0.0,-0.5,-0.0,-4.12557397626,6.8580346081,-1.59403755475,map_000000212.png
-2.75217631705,7.27301742716,-1.76268179079,-0.0,-0.5,-0.0,-4.12557397626,6.8580346081,-1.59403755475,map_000000213.png
-2.80321327954,7.28294035603,-1.76268495735,-0.0,-0.5,-0.0,-4.12557397626,6.8580346081,-1.59403755475,map_000000214.png
-2.85423065245,7.29284431226,-1.76267846111,-0.0,-0.5,-0.0,-4.12557397626,6.8580346081,-1.59403755475,map_000000215.png
-2.90330438122,7.30238566981,-1.76268135444,-0.0,-0.5,-0.0,-4.12557397626,6.8580346081,-1.59403755475,map_000000216.png
-2.95433179931,7.31229896599,-1.7626798038,-0.0,-0.5,-0.0,-4.12557397626,6.8580346081,-1.59403755475,map_000000217.png
-3.00535882564,7.32221200421,-1.76267769042,-0.0,-0.5,-0.0,-4.12557397626,6.8580346081,-1.59403755475,map_000000218.png
-3.05442417543,7.33174386898,-1.76267597516,-0.0,-0.5,-0.0,-4.12557397626,6.8580346081,-1.59403755475,map_000000219.png
-3.10544163702,7.3416473687,-1.76266947739,-0.0,-0.5,-0.0,-4.12557397626,6.8580346081,-1.59403755475,map_000000220.png
-3.15647872608,7.35156965265,-1.76267254972,-0.0,-0.5,-0.0,-4.12557397626,6.8580346081,-1.59403755475,map_000000221.png
-3.20749622498,7.36147296657,-1.76266584221,-0.0,-0.5,-0.0,-4.12557397626,6.8580346081,-1.59403755475,map_000000222.png
-3.25853334977,7.37139506543,-1.76266889614,-0.0,-0.5,-0.0,-4.12557397626,6.8580346081,-1.59403755475,map_000000223.png
-3.30759761745,7.38092635748,-1.76266720893,-0.0,-0.5,-0.0,-4.12557397626,6.8580346081,-1.59403755475,map_000000224.png
-3.35862476816,7.39083875362,-1.76266515879,-0.0,-0.5,-0.0,-4.12557397626,6.8580346081,-1.59403755475,map_000000225.png
-3.4096523485,7.40075121945,-1.76266353942,-0.0,-0.5,-0.0,-4.12557397626,6.8580346081,-1.59403755475,map_000000226.png
-3.45870782647,7.41027285541,-1.76265671555,-0.0,-0.5,-0.0,-4.12557397626,6.8580346081,-1.59403755475,map_000000227.png
-3.50974503954,7.42019449703,-1.76265991438,-0.0,-0.5,-0.0,-4.12557397626,6.8580346081,-1.59403755475,map_000000228.png
-3.56076266461,7.43009716737,-1.76265298874,-0.0,-0.5,-0.0,-4.12557397626,6.8580346081,-1.59403755475,map_000000229.png
-3.60983663133,7.43963728825,-1.76265620032,-0.0,-0.5,-0.0,-4.12557397626,6.8580346081,-1.59403755475,map_000000230.png
-3.66086430104,7.44954929601,-1.76265455664,-0.0,-0.5,-0.0,-4.12557397626,6.8580346081,-1.59403755475,map_000000231.png
-3.71189157596,7.459461049,-1.7626525418,-0.0,-0.5,-0.0,-4.12557397626,6.8580346081,-1.59403755475,map_000000232.png
-3.76095716626,7.46899167756,-1.76265078767,-0.0,-0.5,-0.0,-4.12557397626,6.8580346081,-1.59403755475,map_000000233.png
-3.81197487892,7.4788938902,-1.76264412577,-0.0,-0.5,-0.0,-4.12557397626,6.8580346081,-1.59403755475,map_000000234.png
-3.86301221619,7.48881488929,-1.76264739055,-0.0,-0.5,-0.0,-4.12557397626,6.8580346081,-1.59403755475,map_000000235.png
-3.91207669007,7.49834512311,-1.7626456262,-0.0,-0.5,-0.0,-4.12557397626,6.8580346081,-1.59403755475,map_000000236.png
-3.96310405376,7.50825641845,-1.76264359963,-0.0,-0.5,-0.0,-4.12557397626,6.8580346081,-1.59403755475,map_000000237.png
-4.01413184781,7.51816778368,-1.76264198651,-0.0,-0.5,-0.0,-4.12557397626,6.8580346081,-1.59403755475,map_000000238.png
-4.0631875303,7.52768836191,-1.76263530652,-0.0,-0.5,-0.0,-4.12557397626,6.8580346081,-1.59403755475,map_000000239.png
-4.11422495845,7.53760890318,-1.76263822469,-0.0,-0.5,-0.0,-4.12557397626,6.8580346081,-1.59403755475,map_000000240.png
-4.16524279703,7.54751047309,-1.76263139871,-0.0,-0.0,-0.0,-4.12557397626,6.8580346081,-1.59403755475,map_000000241.png
-4.18880336859,7.55209413473,-1.76263549513,-0.0,-0.0,-0.0,-4.12557397626,6.8580346081,-1.59403755475,map_000000242.png
-4.18880341156,7.55209416927,-1.76263545454,-0.0,-0.0,-0.0,-4.12557397626,6.8580346081,-1.59403755475,map_000000243.png
-4.18880335158,7.5520941103,-1.76263546084,-0.0,-0.0,-0.0,-4.12557397626,6.8580346081,-1.59403755475,map_000000244.png
-4.18880332404,7.55209406463,-1.76263511484,-0.0,-0.0,-0.0,-4.12557397626,6.8580346081,-1.59403755475,map_000000245.png
-4.18879400643,7.5520847213,-1.76263047946,-0.0,-0.0,-0.0,-4.12557397626,6.8580346081,-1.59403755475,map_000000246.png
-4.18879400643,7.5520847213,-1.76263047946,-0.0,-0.0,-0.0,-4.12557397626,6.8580346081,-1.59403755475,map_000000247.png
-4.18880330578,7.55209404,-1.76263537434,-0.0,-0.0,-0.0,-4.12557397626,6.8580346081,-1.59403755475,map_000000248.png
-4.18880336935,7.55209410914,-1.76263540526,-0.0,-0.0,-0.0,-4.12557397626,6.8580346081,-1.59403755475,map_000000249.png
-4.18880330978,7.55209405022,-1.76263536995,-0.0,-0.0,-0.0,-4.12557397626,6.8580346081,-1.59403755475,map_000000250.png
-4.1888033525,7.5520940848,-1.76263535287,-0.0,-0.0,1.0,-4.12557397626,6.8580346081,-1.59403755475,map_000000251.png
-4.18882157106,7.55208213481,-1.75869211057,-0.0,-0.0,1.0,-4.12557397626,6.8580346081,-1.59403755475,map_000000252.png
-4.18978213147,7.55222517287,-1.65641612615,-0.0,-0.0,1.0,-4.12557397626,6.8580346081,-1.59403755475,map_000000253.png
-4.19076816988,7.55226903601,-1.55414855283,-0.0,-0.0,1.0,-4.12557397626,6.8580346081,-1.59403755475,map_000000254.png
-4.19172202436,7.55220213215,-1.45581850358,-0.0,-0.0,1.0,-4.12557397626,6.8580346081,-1.59403755475,map_000000255.png
-4.1926977324,7.55205474062,-1.35354800236,-0.0,-0.0,0.954641878605,-4.12557397626,6.8580346081,-1.59403755475,map_000000256.png
-4.19361806065,7.55181433335,-1.25287441416,-0.0,-0.0,-0.0,-4.12557397626,6.8580346081,-1.59403755475,map_000000257.png
-4.19434479435,7.5515339706,-1.17402694018,-0.0,-0.0,-0.0,-4.12557397626,6.8580346081,-1.59403755475,map_000000258.png
-4.19433562757,7.55152471577,-1.17402471604,-0.0,-0.0,-0.0,-4.12557397626,6.8580346081,-1.59403755475,map_000000259.png
-4.19433563261,7.55152471555,-1.17402448026,-0.0,-0.0,-0.0,-4.12557397626,6.8580346081,-1.59403755475,map_000000260.png
-4.19434800005,7.55153712105,-1.17402768544,-0.0,-0.0,-0.0,-4.12557397626,6.8580346081,-1.59403755475,map_000000261.png
-4.19434475532,7.55153387675,-1.17402685236,-0.0,-0.0,-0.0,-4.12557397626,6.8580346081,-1.59403755475,map_000000262.png
-4.19434475875,7.55153387804,-1.17402685328,-0.0,-0.0,-0.0,-4.12557397626,6.8580346081,-1.59403755475,map_000000263.png
-4.19434474651,7.55153384991,-1.17402690308,-0.0,-0.0,-0.850650072098,-4.12557397626,6.8580346081,-1.59403755475,map_000000264.png
-4.19428555178,7.55155865375,-1.18071872188,-0.0,-0.0,-1.0,-4.12557397626,6.8580346081,-1.59403755475,map_000000265.png
-4.19352640552,7.55182882986,-1.26436376043,-0.0,-0.0,-1.0,-4.12557397626,6.8580346081,-1.59403755475,map_000000266.png
-4.19259133995,7.55207792685,-1.36545962133,-0.0,-0.0,-0.713393032551,-4.12557397626,6.8580346081,-1.59403755475,map_000000267.png
-4.19184228622,7.55220689363,-1.44631361412,-0.0,-0.0,-0.0,-4.12557397626,6.8580346081,-1.59403755475,map_000000268.png
-4.19153450754,7.55224094816,-1.47717287206,-0.0,-0.0,-0.0,-4.12557397626,6.8580346081,-1.59403755475,map_000000269.png
-4.19154434239,7.55225081326,-1.47717692487,-0.0,-0.0,-0.0,-4.12557397626,6.8580346081,-1.59403755475,map_000000270.png
-4.19153260451,7.55223901938,-1.47717201585,-0.0,-0.0,-0.0,-4.12557397626,6.8580346081,-1.59403755475,map_000000271.png
-4.1915325967,7.55223900586,-1.47717199059,-0.0,-0.0,-0.0,-4.12557397626,6.8580346081,-1.59403755475,map_000000272.png
-4.19153451553,7.55224091754,-1.47717283034,-0.0,-0.0,-0.0,-4.12557397626,6.8580346081,-1.59403755475,map_000000273.png
-4.19152525223,7.55223161516,-1.47716876406,-0.0,-0.0,-0.0,-4.12557397626,6.8580346081,-1.59403755475,map_000000274.png
-4.19152524407,7.55223160157,-1.47716876526,-0.0,-0.0,-0.0,-4.12557397626,6.8580346081,-1.59403755475,map_000000275.png
-4.19153444867,7.55224084248,-1.47717285038,-0.0,-0.0,-0.0,-4.12557397626,6.8580346081,-1.59403755475,map_000000276.png
-4.19154428562,7.55225071592,-1.4771767992,0.105700857937,-0.0,-0.0,-4.12557397626,6.8580346081,-1.59403755475,map_000000277.png
-4.19150476766,7.55182989014,-1.47717683535,0.330336153507,-0.0,-0.0,-4.12557397626,6.8580346081,-1.59403755475,map_000000278.png
-4.19046576716,7.54087787995,-1.47717199885,0.330336153507,-0.0,-0.0,-4.12557397626,6.8580346081,-1.59403755475,map_000000279.png
-4.18742523607,7.50847820013,-1.47717300691,0.491130560637,-0.0,-0.0,-4.12557397626,6.8580346081,-1.59403755475,map_000000280.png
-4.1831963627,7.46344124684,-1.47717337996,0.5,-0.0,-0.0,-4.12557397626,6.8580346081,-1.59403755475,map_000000281.png
-4.17836431678,7.41206949322,-1.4771693654,0.5,-0.0,-0.0,-4.12557397626,6.8580346081,-1.59403755475,map_000000282.png
-4.17351425918,7.36032817531,-1.4771738824,0.5,-0.0,-0.0,-4.12557397626,6.8580346081,-1.59403755475,map_000000283.png
-4.16884191236,7.3105679038,-1.47717407809,0.5,-0.0,-0.0,-4.12557397626,6.8580346081,-1.59403755475,map_000000284.png
-4.16884191236,7.3105679038,-1.47717407809,0.5,-0.0,-0.0,-4.12557397626,6.8580346081,-1.59403755475,map_000000285.png
-4.16399252339,7.25882693655,-1.47717888944,0.5,-0.0,-0.0,-4.12557397626,6.8580346081,-1.59403755475,map_000000286.png
-4.15912158551,7.20706429266,-1.4771736711,0.5,-0.0,-0.0,-4.12557397626,6.8580346081,-1.59403755475,map_000000287.png
-4.1544492693,7.15730401831,-1.47717388984,0.5,-0.0,-0.0,-4.12557397626,6.8580346081,-1.59403755475,map_000000288.png
-4.14959200629,7.10555567022,-1.47717483609,0.5,-0.0,-0.0,-4.12557397626,6.8580346081,-1.59403755475,map_000000289.png
-4.14472356955,7.05379552121,-1.47717064188,0.5,-0.0,-0.0,-4.12557397626,6.8580346081,-1.59403755475,map_000000290.png
-4.1400512861,7.0040352432,-1.47717072202,0.5,-0.0,-0.0,-4.12557397626,6.8580346081,-1.59403755475,map_000000291.png
-4.13520131188,6.95229391881,-1.47717567139,0.5,-0.0,-0.0,-4.12557397626,6.8580346081,-1.59403755475,map_000000292.png
-4.13035200227,6.90055294427,-1.47718020858,0.5,-0.0,-0.0,-4.12557397626,6.8580346081,-1.59403755475,map_000000293.png
-4.12567974887,6.85079266417,-1.47718048401,0.5,-0.0,-0.0,-4.12557397626,6.8580346081,-1.59403755475,map_000000294.png
-4.12080889568,6.79903001255,-1.47717538075,0.5,-0.0,-0.0,-4.12557397626,6.8580346081,-1.59403755475,map_000000295.png
-4.11595170841,6.74728165725,-1.47717641543,0.467478722334,-0.00634403526783,-0.0,-4.12557397626,6.8580346081,-1.59403755475,map_000000296.png
-4.11145744727,6.69679240234,-1.47717228297,-0.0,-0.0,-0.0,-4.12557397626,6.8580346081,-1.59403755475,map_000000297.png
-4.10847707406,6.65953521166,-1.47717633165,-0.0,-0.0,-0.0,-4.12557397626,6.8580346081,-1.59403755475,map_000000298.png
-4.10847706573,6.65953519821,-1.47717636428,-0.0,-0.0,-0.0,-4.12557397626,6.8580346081,-1.59403755475,map_000000299.png
-4.10848690342,6.6595450713,-1.47718021029,-0.0,-0.0,-0.0,-4.12557397626,6.8580346081,-1.59403755475,map_000000300.png
-4.10847516405,6.65953327805,-1.477175499,-0.0,-0.0,-0.0,-4.12557397626,6.8580346081,-1.59403755475,map_000000301.png
-4.10847515652,6.6595332645,-1.47717544419,-0.0,-0.0,-0.0,-4.12557397626,6.8580346081,-1.59403755475,map_000000302.png
-4.10847707481,6.65953517622,-1.47717633956,-0.0,-0.0,-0.0,-4.12557397626,6.8580346081,-1.59403755475,map_000000303.png
-4.10846780932,6.65952587557,-1.47717264281,-0.0,-0.0,-0.0,-4.12557397626,6.8580346081,-1.59403755475,map_000000304.png
-4.10846780218,6.6595258616,-1.47717251192,-0.0,-0.0,-0.0,-4.12557397626,6.8580346081,-1.59403755475,map_000000305.png
-4.10847700897,6.65953510107,-1.47717625003,-0.0,-0.0,-0.0,-4.12557397626,6.8580346081,-1.59403755475,map_000000306.png
-4.10848684558,6.65954497468,-1.47718025123,-0.0,-0.0,-0.0,-4.12557397626,6.8580346081,-1.59403755475,map_000000307.png
-4.10848683755,6.6595449612,-1.4771802506,-0.0,-0.0,-0.0,-4.12557397626,6.8580346081,-1.59403755475,map_000000308.png
-4.10847509965,6.65953316736,-1.47717534594,-0.5,-0.108027890325,-0.0,-4.12557397626,6.8580346081,-1.59403755475,map_000000309.png
-4.11526338033,6.6809858966,-1.47717583869,-0.5,-0.108027890325,-0.0,-4.12557397626,6.8580346081,-1.59403755475,map_000000310.png
-4.1306877263,6.72974008273,-1.47717533153,-0.5,-0.0749153122306,-0.0,-4.12557397626,6.8580346081,-1.59403755475,map_000000311.png
-4.14658768655,6.78044640694,-1.47717155984,-0.0,-0.0,-0.0,-4.12557397626,6.8580346081,-1.59403755475,map_000000312.png
