3.58015933469,2.20260482922,2.7650240506,-0.0,-0.0,-0.0,0.636981548031,5.84520072755,0.429788632159,map_000000051.png
3.58014940567,2.20261472448,2.76502142635,-0.0,-0.0,-0.182638019323,0.636981548031,5.84520072755,0.429788632159,map_000000052.png
3.58010940942,2.20251355364,2.75352686528,-0.0,-0.0,-0.832338929176,0.636981548031,5.84520072755,0.429788632159,map_000000053.png
3.57992036927,2.20207698318,2.70418435675,-0.0,-0.0,-0.946745216846,0.636981548031,5.84520072755,0.429788632159,map_000000054.png
3.57954293155,2.20134812338,2.61589949542,-0.0,-0.0,-1.0,0.636981548031,5.84520072755,0.429788632159,map_000000055.png
3.57906467335,2.20059167981,2.52237751658,-0.0,-0.0,-1.0,0.636981548031,5.84520072755,0.429788632159,map_000000056.png
3.57845691565,2.19982137068,2.42010417797,-0.0,-0.0,-1.0,0.636981548031,5.84520072755,0.429788632159,map_000000057.png
3.57777400468,2.19911753535,2.31783070031,-0.0,-0.0,-0.658497869968,0.636981548031,5.84520072755,0.429788632159,map_000000058.png
3.57722353126,2.19862065201,2.24368662467,-0.0,-0.0,-0.516624987125,0.636981548031,5.84520072755,0.429788632159,map_000000059.png
3.57676357336,2.19829441121,2.18415356049,-0.0,-0.0,-0.123165071011,0.636981548031,5.84520072755,0.429788632159,map_000000060.png
3.57646292303,2.19808941387,2.14679871494,-0.0,-0.0,-0.0,0.636981548031,5.84520072755,0.429788632159,map_000000061.png
3.57639020604,2.19802806168,2.13711049446,-0.0,-0.0,-0.0,0.636981548031,5.84520072755,0.429788632159,map_000000062.png
3.57638027666,2.19803801326,2.13711191174,-0.0,-0.0,-0.0,0.636981548031,5.84520072755,0.429788632159,map_000000063.png
3.57637859884,2.19803969346,2.13711217865,-0.0,-0.0,-0.0,0.636981548031,5.84520072755,0.429788632159,map_000000064.png
3.57638026987,2.19803802445,2.13711195968,-0.0,-0.0,-0.0,0.636981548031,5.84520072755,0.429788632159,map_000000065.png
3.57638026987,2.19803802445,2.13711195968,-0.0,-0.0,-0.0,0.636981548031,5.84520072755,0.429788632159,map_000000066.png
3.57637859143,2.19803970422,2.13711214724,-0.0,-0.0,-0.0,0.636981548031,5.84520072755,0.429788632159,map_000000067.png
3.57639017072,2.19802810591,2.13711051853,-0.0,-0.0,-0.0,0.636981548031,5.84520072755,0.429788632159,map_000000068.png
3.57637858454,2.19803971531,2.1371121778,-0.0,-0.0,-0.0,0.636981548031,5.84520072755,0.429788632159,map_000000069.png
3.5763802546,2.19803804568,2.13711183693,-0.0,-0.0,-0.255844295025,0.636981548031,5.84520072755,0.429788632159,map_000000070.png
3.57637857712,2.19803972606,2.13711214449,-0.0,-0.0,-0.255844295025,0.636981548031,5.84520072755,0.429788632159,map_000000071.png
3.57620208154,2.19791048594,2.11396498601,-0.0,-0.0,-0.274155408144,0.636981548031,5.84520072755,0.429788632159,map_000000072.png
3.57597650279,2.19780075137,2.08649847878,-0.0,-0.0,-0.992484807968,0.636981548031,5.84520072755,0.429788632159,map_000000073.png
3.57546626353,2.19752892231,2.02454666028,-0.0,-0.0,-1.0,0.636981548031,5.84520072755,0.429788632159,map_000000074.png
3.57459316204,2.19715424103,1.92668646191,-0.0,-0.0,-1.0,0.636981548031,5.84520072755,0.429788632159,map_000000075.png
3.57365905702,2.19685822092,1.82441384468,-0.0,-0.0,-0.992484807968,0.636981548031,5.84520072755,0.429788632159,map_000000076.png
3.57269053599,2.19665001344,1.72214649949,-0.0,-0.0,-0.0,0.636981548031,5.84520072755,0.429788632159,map_000000077.png
3.57177175536,2.19654753434,1.62454261702,-0.0,-0.0,-0.0,0.636981548031,5.84520072755,0.429788632159,map_000000078.png
3.57157477195,2.19652767794,1.60502847278,-0.0,-0.0,-0.0,0.636981548031,5.84520072755,0.429788632159,map_000000079.png
3.57156492595,2.1965375813,1.60503302312,-0.0,-0.0,-0.0,0.636981548031,5.84520072755,0.429788632159,map_000000080.png
3.57157476618,2.19652769985,1.60502857751,-0.0,-0.0,-0.0,0.636981548031,5.84520072755,0.429788632159,map_000000081.png
3.57156492115,2.1965375976,1.60503297175,-0.0,-0.0,-0.0,0.636981548031,5.84520072755,0.429788632159,map_000000082.png
3.57156301218,2.19653951764,1.60503382867,-0.0,-0.0,-0.0,0.636981548031,5.84520072755,0.429788632159,map_000000083.png
3.57156491626,2.19653761388,1.60503291058,-0.0,-0.0,-0.0,0.636981548031,5.84520072755,0.429788632159,map_000000084.png
3.57156300818,2.19653953395,1.60503385984,0.110431224108,-0.0,-0.0,0.636981548031,5.84520072755,0.429788632159,map_000000085.png
3.57128760523,2.20491204913,1.60502842853,0.238113045692,-0.0,-0.0,0.636981548031,5.84520072755,0.429788632159,map_000000086.png
3.57067087225,2.22258860176,1.60503394297,0.472209095955,-0.0,-0.0,0.636981548031,5.84520072755,0.429788632159,map_000000087.png
3.56954700901,2.25573427208,1.60502844959,0.5,-0.0,-0.0,0.636981548031,5.84520072755,0.429788632159,map_000000088.png
3.56783788838,2.30535919249,1.60503332114,0.5,-0.0,-0.0,0.636981548031,5.84520072755,0.429788632159,map_000000089.png
3.56613701877,2.35529882087,1.60502848312,0.5,-0.0,-0.0,0.636981548031,5.84520072755,0.429788632159,map_000000090.png
3.56434802389,2.40725581277,1.60503333349,0.5,-0.0,-0.0,0.636981548031,5.84520072755,0.429788632159,map_000000091.png
3.56256699326,2.45920541632,1.60503422171,0.5,-0.0,-0.0,0.636981548031,5.84520072755,0.429788632159,map_000000092.png
3.56085815939,2.50915243306,1.60503337127,0.5,-0.0,-0.0,0.636981548031,5.84520072755,0.429788632159,map_000000093.png
3.55907712712,2.56110203661,1.60503416723,0.5,-0.0,-0.0,0.636981548031,5.84520072755,0.429788632159,map_000000094.png
3.55730971313,2.61303733099,1.60502850581,0.5,-0.0,-0.0,0.636981548031,5.84520072755,0.429788632159,map_000000095.png
3.55558726217,2.66299865689,1.60503418108,0.5,-0.0,-0.0,0.636981548031,5.84520072755,0.429788632159,map_000000096.png
3.55381984767,2.7149339509,1.60502840846,0.5,-0.0,-0.0,0.636981548031,5.84520072755,0.429788632159,map_000000097.png
3.5520308531,2.76689094315,1.60503330127,0.5,-0.0,-0.0,0.636981548031,5.84520072755,0.429788632159,map_000000098.png
3.55032998274,2.81683057118,1.60502842487,0.5,-0.0,-0.0,0.636981548031,5.84520072755,0.429788632159,map_000000099.png
3.5485409894,2.86878756347,1.60503344686,0.5,-0.0,-0.0,0.636981548031,5.84520072755,0.429788632159,map_000000100.png
3.54675995667,2.92073716699,1.60503419234,0.5,-0.0,-0.0,0.636981548031,5.84520072755,0.429788632159,map_000000101.png
3.54505112264,2.97068418371,1.60503332223,0.5,-0.0,-0.0,0.636981548031,5.84520072755,0.429788632159,map_000000102.png
3.54327009096,3.02263378728,1.60503418033,0.5,-0.0,-0.0,0.636981548031,5.84520072755,0.429788632159,map_000000103.png
3.54150267511,3.07456908133,1.60502841893,0.5,-0.0,-0.0,0.636981548031,5.84520072755,0.429788632159,map_000000104.png
3.53978022439,3.12453040755,1.60503419857,0.5,-0.0,-0.0,0.636981548031,5.84520072755,0.429788632159,map_000000105.png
3.53978022439,3.12453040755,1.60503419857,0.5,-0.0,-0.0,0.636981548031,5.84520072755,0.429788632159,map_000000106.png
3.53801280889,3.17646570153,1.60502841698,0.5,-0.0,-0.0,0.636981548031,5.84520072755,0.429788632159,map_000000107.png
3.53622381379,3.22842269383,1.60503333445,0.5,-0.0,-0.0,0.636981548031,5.84520072755,0.429788632159,map_000000108.png
3.53452294337,3.27836232221,1.60502851041,0.5,-0.0,-0.0,0.636981548031,5.84520072755,0.429788632159,map_000000109.png
3.53280049194,3.32832364811,1.60503418731,0.5,-0.0,-0.0,0.636981548031,5.84520072755,0.429788632159,map_000000110.png
3.5310330761,3.38025894216,1.60502842769,0.5,-0.0,-0.0,0.636981548031,5.84520072755,0.429788632159,map_000000111.png
3.52931062543,3.43022026837,1.60503420962,0.5,-0.0,-0.0,0.636981548031,5.84520072755,0.429788632159,map_000000112.png
3.52754320962,3.48215556251,1.60502843946,0.5,-0.0,-0.0,0.636981548031,5.84520072755,0.429788632159,map_000000113.png
3.52575421468,3.53411255467,1.60503338252,0.5,-0.0,-0.0,0.636981548031,5.84520072755,0.429788632159,map_000000114.png
3.52405334389,3.58405218301,1.60502851618,0.5,-0.0,-0.0,0.636981548031,5.84520072755,0.429788632159,map_000000115.png
3.52226434804,3.63600917494,1.6050333451,0.5,-0.0,-0.0,0.636981548031,5.84520072755,0.429788632159,map_000000116.png
3.52048331579,3.68795877849,1.60503421516,0.5,-0.0,-0.0,0.636981548031,5.84520072755,0.429788632159,map_000000117.png
3.51877448092,3.73790579521,1.60503333163,0.5,-0.0,-0.0,0.636981548031,5.84520072755,0.429788632159,map_000000118.png
3.51699344843,3.78985539877,1.60503420329,0.5,-0.0,-0.0,0.636981548031,5.84520072755,0.429788632159,map_000000119.png
3.51522603254,3.84179069279,1.60502843468,0.5,-0.0,-0.0,0.636981548031,5.84520072755,0.429788632159,map_000000120.png
3.51350358184,3.89175201905,1.60503422,0.5,-0.0,-0.0,0.636981548031,5.84520072755,0.429788632159,map_000000121.png
3.51173616671,3.9436873134,1.60502851338,0.5,-0.0,-0.0,0.636981548031,5.84520072755,0.429788632159,map_000000122.png
3.50994717112,3.99564430534,1.60503339446,0.5,-0.0,-0.0,0.636981548031,5.84520072755,0.429788632159,map_000000123.png
3.50824629898,4.04558393335,1.60502843072,0.5,-0.0,-0.0,0.636981548031,5.84520072755,0.429788632159,map_000000124.png
3.50645730318,4.0975409256,1.60503334562,0.5,-0.0,-0.0,0.636981548031,5.84520072755,0.429788632159,map_000000125.png
3.50467626959,4.14949052916,1.60503420063,0.5,-0.0,-0.0,0.636981548031,5.84520072755,0.429788632159,map_000000126.png
3.50296743441,4.19943754589,1.60503335954,0.5,-0.0,-0.0,0.636981548031,5.84520072755,0.429788632159,map_000000127.png
3.50118640127,4.25138714945,1.60503421336,0.5,-0.0,-0.0,0.636981548031,5.84520072755,0.429788632159,map_000000128.png
3.49941898505,4.3033224433,1.60502839455,0.5,-0.0,-0.0,0.636981548031,5.84520072755,0.429788632159,map_000000129.png
3.49769653375,4.35328376972,1.60503423162,0.5,-0.0,-0.0,0.636981548031,5.84520072755,0.429788632159,map_000000130.png
3.49592911779,4.4052190639,1.60502847294,0.5,-0.0,-0.0,0.636981548031,5.84520072755,0.429788632159,map_000000131.png
3.49414012174,4.45717605601,1.60503339506,0.5,-0.0,-0.0,0.636981548031,5.84520072755,0.429788632159,map_000000132.png
3.49243924922,4.50711568398,1.60502843834,0.5,-0.0,-0.0,0.636981548031,5.84520072755,0.429788632159,map_000000133.png
3.49065025283,4.55907267625,1.60503329514,0.5,-0.0,-0.0,0.636981548031,5.84520072755,0.429788632159,map_000000134.png
3.48886922028,4.61102227984,1.60503421151,0.5,-0.0,-0.0,0.636981548031,5.84520072755,0.429788632159,map_000000135.png
3.48716038531,4.66096929656,1.60503339115,0.5,-0.0,-0.0,0.636981548031,5.84520072755,0.429788632159,map_000000136.png
3.48537935233,4.71291890011,1.60503418693,0.5,-0.0,-0.0,0.636981548031,5.84520072755,0.429788632159,map_000000137.png
3.48361193592,4.76485419433,1.60502848164,0.5,-0.0,-0.0,0.636981548031,5.84520072755,0.429788632159,map_000000138.png
3.48188948454,4.81481552038,1.60503424978,0.363448739052,-0.0,-0.0,0.636981548031,5.84520072755,0.429788632159,map_000000139.png
3.48036500981,4.85965729346,1.60502860472,0.197923973203,-0.0,-0.0,0.636981548031,5.84520072755,0.429788632159,map_000000140.png
3.47926578176,4.89147455152,1.60503334596,-0.0,-0.0,-0.0,0.636981548031,5.84520072755,0.429788632159,map_000000141.png
3.47867969303,4.90886440772,1.60502867652,-0.0,-0.0,-0.0,0.636981548031,5.84520072755,0.429788632159,map_000000142.png
3.47866984902,4.90887430603,1.60503323161,-0.0,-0.0,0.153950616717,0.636981548031,5.84520072755,0.429788632159,map_000000143.png
3.47866793938,4.90887622607,1.60503402006,-0.0,-0.0,0.153950616717,0.636981548031,5.84520072755,0.429788632159,map_000000144.png
3.47877728674,4.90887866487,1.61653955293,-0.0,-0.0,1.0,0.636981548031,5.84520072755,0.429788632159,map_000000145.png
3.47877728674,4.90887866487,1.61653955293,-0.0,-0.0,1.0,0.636981548031,5.84520072755,0.429788632159,map_000000146.png
3.47940698007,4.90892481523,1.68220233095,-0.0,-0.0,1.0,0.636981548031,5.84520072755,0.429788632159,map_000000147.png
3.4803756856,4.90908018169,1.7844754176,-0.0,-0.0,1.0,0.636981548031,5.84520072755,0.429788632159,map_000000148.png
3.48125576528,4.90930263948,1.88283146056,-0.0,-0.0,1.0,0.636981548031,5.84520072755,0.429788632159,map_000000149.png
3.48215738485,4.90964743094,1.98116035477,-0.0,-0.0,1.0,0.636981548031,5.84520072755,0.429788632159,map_000000150.png
3.48304019861,4.91008222446,2.08343201497,-0.0,-0.0,1.0,0.636981548031,5.84520072755,0.429788632159,map_000000151.png
3.48382481424,4.91057004634,2.18178073705,-0.0,-0.0,1.0,0.636981548031,5.84520072755,0.429788632159,map_000000152.png
3.48460297471,4.91116877977,2.28405370406,-0.0,-0.0,1.0,0.636981548031,5.84520072755,0.429788632159,map_000000153.png
3.48531513383,4.91184297872,2.38632727159,-0.0,-0.0,-0.0,0.636981548031,5.84520072755,0.429788632159,map_000000154.png
3.48581396248,4.91241578723,2.46104540227,-0.0,-0.0,-0.0,0.636981548031,5.84520072755,0.429788632159,map_000000155.png
3.48582542026,4.91240432633,2.46104624675,-0.0,-0.0,-0.0,0.636981548031,5.84520072755,0.429788632159,map_000000156.png
3.48581548911,4.91241424962,2.46104556418,-0.0,-0.0,-0.0,0.636981548031,5.84520072755,0.429788632159,map_000000157.png
3.48582540951,4.91240433408,2.46104616492,-0.0,-0.0,-0.0,0.636981548031,5.84520072755,0.429788632159,map_000000158.png
3.48581547865,4.9124142569,2.46104546461,-0.0,-0.0,-0.0,0.636981548031,5.84520072755,0.429788632159,map_000000159.png
3.48581381461,4.9124159155,2.46104535238,-0.0,-0.0,-0.0,0.636981548031,5.84520072755,0.429788632159,map_000000160.png
3.48581546936,4.91241426562,2.46104555962,-0.0,-0.0,-0.0,0.636981548031,5.84520072755,0.429788632159,map_000000161.png
3.48581380501,4.91241592385,2.46104539555,-0.0,-0.0,-0.0,0.636981548031,5.84520072755,0.429788632159,map_000000162.png
3.48582538478,4.91240435456,2.46104619591,-0.0,-0.0,0.524559795856,0.636981548031,5.84520072755,0.429788632159,map_000000163.png
3.48581379492,4.91241593158,2.46104535836,-0.0,-0.0,0.524559795856,0.636981548031,5.84520072755,0.429788632159,map_000000164.png
3.48605834247,4.91272685369,2.50231077533,-0.0,-0.0,1.0,0.636981548031,5.84520072755,0.429788632159,map_000000165.png
3.48649108873,4.91335369196,2.58589876542,-0.0,-0.0,1.0,0.636981548031,5.84520072755,0.429788632159,map_000000166.png
3.48695360171,4.91419499715,2.68423010852,-0.0,-0.0,1.0,0.636981548031,5.84520072755,0.429788632159,map_000000167.png
3.48734437443,4.91509607464,2.78650211125,-0.0,-0.0,1.0,0.636981548031,5.84520072755,0.429788632159,map_000000168.png
3.48763974805,4.91603051759,2.88877465813,-0.0,-0.0,-0.0,0.636981548031,5.84520072755,0.429788632159,map_000000169.png
3.487837212,4.91694221192,2.98711811405,-0.0,-0.0,-0.0,0.636981548031,5.84520072755,0.429788632159,map_000000170.png
3.48786828687,4.91711999005,3.00283838091,-0.0,-0.0,-0.0,0.636981548031,5.84520072755,0.429788632159,map_000000171.png
3.48788002766,4.91710829225,3.0028429897,-0.0,-0.0,-0.0,0.636981548031,5.84520072755,0.429788632159,map_000000172.png
3.4878682664,4.91711999756,3.00283837227,-0.0,-0.0,-0.0,0.636981548031,5.84520072755,0.429788632159,map_000000173.png
3.4878800128,4.91710829734,3.0028430676,0.0584162436426,-0.0,-0.0,0.636981548031,5.84520072755,0.429788632159,map_000000174.png
3.4869448718,4.91724737018,3.00283911416,0.209749907255,0.0721304938197,-0.0,0.636981548031,5.84520072755,0.429788632159,map_000000175.png
3.48117173701,4.91804510771,3.00284303254,0.209749907255,0.0721304938197,-0.0,0.636981548031,5.84520072755,0.429788632159,map_000000176.png
3.45980796921,4.91404830444,3.00283933544,0.280686348677,0.211638227105,-0.0,0.636981548031,5.84520072755,0.429788632159,map_000000177.png
3.43001277694,4.89937535563,3.00283902751,0.363448739052,0.24711599946,-0.0,0.636981548031,5.84520072755,0.429788632159,map_000000178.png
3.39409184877,4.88088183241,3.00284033709,0.363448739052,0.24711599946,-0.0,0.636981548031,5.84520072755,0.429788632159,map_000000179.png
3.35311732848,4.86066686082,3.00284032459,0.363448739052,0.24711599946,-0.0,0.636981548031,5.84520072755,0.429788632159,map_000000180.png
3.31215691504,4.84043859636,3.00284622287,0.363448739052,0.24711599946,-0.0,0.636981548031,5.84520072755,0.429788632159,map_000000181.png
3.27274853932,4.82101107952,3.00284164874,0.387081503868,0.173814356327,-0.0,0.636981548031,5.84520072755,0.429788632159,map_000000182.png
3.2317881509,4.80078276182,3.00284758125,0.387081503868,0.173814356327,-0.0,0.636981548031,5.84520072755,0.429788632159,map_000000183.png
3.18979820885,4.78633922755,3.00284358211,0.467478722334,0.0414021722972,-0.0,0.636981548031,5.84520072755,0.429788632159,map_000000184.png
3.14516302454,4.78357416542,3.0028482085,0.5,0.0224806964397,-0.0,0.636981548031,5.84520072755,0.429788632159,map_000000185.png
3.14516302454,4.78357416542,3.0028482085,0.5,0.0224806964397,-0.0,0.636981548031,5.84520072755,0.429788632159,map_000000186.png
3.09500827932,4.78715742851,3.00284394698,0.5,0.0224806964397,-0.0,0.636981548031,5.84520072755,0.429788632159,map_000000187.png
3.04320457517,4.79203340225,3.00284327534,0.5,0.0224806964397,-0.0,0.636981548031,5.84520072755,0.429788632159,map_000000188.png
2.99339772412,4.79671821964,3.0028439595,0.5,0.0224806964397,-0.0,0.636981548031,5.84520072755,0.429788632159,map_000000189.png
2.94359833779,4.80139502647,3.00284846287,0.5,0.0224806964397,-0.0,0.636981548031,5.84520072755,0.429788632159,map_000000190.png
2.89178716856,4.80627900861,3.00284424888,0.5,0.0224806964397,-0.0,0.636981548031,5.84520072755,0.429788632159,map_000000191.png
2.84198778127,4.8109558083,3.00284861033,0.5,0.0224806964397,-0.0,0.636981548031,5.84520072755,0.429788632159,map_000000192.png
2.79017661018,4.81583977984,3.00284429019,0.5,0.0224806964397,-0.0,0.636981548031,5.84520072755,0.429788632159,map_000000193.png
2.73837290392,4.82071573893,3.00284365239,0.5,0.0224806964397,-0.0,0.636981548031,5.84520072755,0.429788632159,map_000000194.png
2.68856605025,4.82540054222,3.00284442268,0.5,0.0224806964397,-0.0,0.636981548031,5.84520072755,0.429788632159,map_000000195.png
2.63676234202,4.83027649339,3.0028437289,0.5,0.0224806964397,-0.0,0.636981548031,5.84520072755,0.429788632159,map_000000196.png
2.58497283195,4.83513889948,3.00284894225,0.5,0.0224806964397,-0.0,0.636981548031,5.84520072755,0.429788632159,map_000000197.png
2.53515177698,4.83983723595,3.0028438887,0.5,0.0224806964397,-0.0,0.636981548031,5.84520072755,0.429788632159,map_000000198.png
2.48336226721,4.84469963787,3.00284899827,0.5,0.0224806964397,-0.0,0.636981548031,5.84520072755,0.429788632159,map_000000199.png
2.43155109488,4.8495835877,3.00284469094,0.5,0.0224806964397,-0.0,0.636981548031,5.84520072755,0.429788632159,map_000000200.png
2.38175170602,4.85426036042,3.00284919611,0.5,0.0224806964397,-0.0,0.636981548031,5.84520072755,0.429788632159,map_000000201.png
2.32994053348,4.8591443054,3.00284479524,0.5,0.0224806964397,-0.0,0.636981548031,5.84520072755,0.429788632159,map_000000202.png
2.27813682538,4.86402023712,3.002844211,0.5,0.0224806964397,-0.0,0.636981548031,5.84520072755,0.429788632159,map_000000203.png
2.22832996938,4.86870501101,3.00284492569,0.5,0.0224806964397,-0.0,0.636981548031,5.84520072755,0.429788632159,map_000000204.png
2.17652625919,4.87358093424,3.00284428619,0.5,0.0224806964397,-0.0,0.636981548031,5.84520072755,0.429788632159,map_000000205.png
2.12473674774,4.87844331444,3.00284945586,0.5,0.0224806964397,-0.0,0.636981548031,5.84520072755,0.429788632159,map_000000206.png
2.07491569222,4.88314162329,3.00284441226,0.5,0.0224806964397,-0.0,0.636981548031,5.84520072755,0.429788632159,map_000000207.png
2.02312618073,4.88800399479,3.00284951021,0.5,0.0224806964397,-0.0,0.636981548031,5.84520072755,0.429788632159,map_000000208.png
1.97131500591,4.89288791717,3.00284528586,0.5,0.0224806964397,-0.0,0.636981548031,5.84520072755,0.429788632159,map_000000209.png
1.92151561394,4.89756466397,3.00284970825,0.5,0.0224806964397,-0.0,0.636981548031,5.84520072755,0.429788632159,map_000000210.png
1.86970443795,4.90244858307,3.00284547463,0.5,0.0224806964397,-0.0,0.636981548031,5.84520072755,0.429788632159,map_000000211.png
1.81790072584,4.90732448304,3.0028447383,0.5,0.0224806964397,-0.0,0.636981548031,5.84520072755,0.429788632159,map_000000212.png
1.7680938671,4.91200923039,3.00284555019,0.5,0.0224806964397,-0.0,0.636981548031,5.84520072755,0.429788632159,map_000000213.png
1.71629015452,4.91688512559,3.00284481543,0.5,0.0224806964397,-0.0,0.636981548031,5.84520072755,0.429788632159,map_000000214.png
1.664500641,4.92174747689,3.00284998119,0.5,0.0224806964397,-0.0,0.636981548031,5.84520072755,0.429788632159,map_000000215.png
1.61467958243,4.92644575538,3.00284493991,0.5,0.0224806964397,-0.0,0.636981548031,5.84520072755,0.429788632159,map_000000216.png
1.56289006782,4.93130809901,3.00285009705,0.5,0.0224806964397,-0.0,0.636981548031,5.84520072755,0.429788632159,map_000000217.png
1.51107888934,4.93619199465,3.00284582007,0.5,0.0224806964397,-0.0,0.636981548031,5.84520072755,0.429788632159,map_000000218.png
1.46127949323,4.94086871371,3.00285022345,0.5,0.0224806964397,-0.0,0.636981548031,5.84520072755,0.429788632159,map_000000219.png
1.4094683142,4.94575260152,3.00284598404,0.5,0.0224806964397,-0.0,0.636981548031,5.84520072755,0.429788632159,map_000000220.png
1.35766459945,4.95062847276,3.00284523304,0.5,0.0224806964397,-0.0,0.636981548031,5.84520072755,0.429788632159,map_000000221.png
1.30785773882,4.955313196,3.00284606254,0.5,0.0224806964397,-0.0,0.636981548031,5.84520072755,0.429788632159,map_000000222.png
1.25605402423,4.96018906427,3.00284543225,0.5,0.0224806964397,-0.0,0.636981548031,5.84520072755,0.429788632159,map_000000223.png
1.20426450819,4.96505138622,3.00285056759,0.5,-0.0,-0.0,0.636981548031,5.84520072755,0.429788632159,map_000000224.png
1.15464234669,4.97117397611,3.00284549681,0.247573778033,-0.0,-0.0,0.636981548031,5.84520072755,0.429788632159,map_000000225.png
1.11517091244,4.976675832,3.00285050746,-0.0,-0.0,-0.0,0.636981548031,5.84520072755,0.429788632159,map_000000226.png
1.11517091244,4.976675832,3.00285050746,-0.0,-0.0,-0.0,0.636981548031,5.84520072755,0.429788632159,map_000000227.png
1.09653406696,4.97928680725,3.00284638135,-0.0,-0.0,-0.0,0.636981548031,5.84520072755,0.429788632159,map_000000228.png
1.09654396086,4.97927694798,3.00285030973,-0.0,-0.0,-0.155171364546,0.636981548031,5.84520072755,0.429788632159,map_000000229.png
1.09653219958,4.97928865316,3.00284567707,-0.0,-0.0,-0.155171364546,0.636981548031,5.84520072755,0.429788632159,map_000000230.png
1.09651359033,4.97914778446,2.98819845135,-0.0,-0.0,-0.237533181906,0.636981548031,5.84520072755,0.429788632159,map_000000231.png
1.09649261899,4.97896026923,2.96710261281,-0.0,-0.0,-0.0,0.636981548031,5.84520072755,0.429788632159,map_000000232.png
1.09646124593,4.97884248093,2.95589748942,-0.0,-0.0,-0.0,0.636981548031,5.84520072755,0.429788632159,map_000000233.png
1.09645941037,4.9788443023,2.9558968505,-0.0,-0.0,-0.0,0.636981548031,5.84520072755,0.429788632159,map_000000234.png
1.09646122916,4.97884248968,2.95589753392,-0.0,-0.0,-0.0,0.636981548031,5.84520072755,0.429788632159,map_000000235.png
1.0964593955,4.97884430682,2.95589681415,-0.0,-0.0,-0.0,0.636981548031,5.84520072755,0.429788632159,map_000000236.png
1.0964711212,4.97883262604,2.95590120969,-0.0,-0.0,-0.0,0.636981548031,5.84520072755,0.429788632159,map_000000237.png
1.09645938074,4.97884431184,2.95589682964,-0.0,-0.0,-0.0,0.636981548031,5.84520072755,0.429788632159,map_000000238.png
1.09647110639,4.97883263098,2.95590121402,-0.0,-0.0,-0.0,0.636981548031,5.84520072755,0.429788632159,map_000000239.png
1.09646119179,4.97884250214,2.9558975524,-0.0,-0.0,-0.0,0.636981548031,5.84520072755,0.429788632159,map_000000240.png
1.09647109154,4.97883263552,2.95590118073,-0.0,-0.0,-0.466307550669,0.636981548031,5.84520072755,0.429788632159,map_000000241.png
1.09645790936,4.97882523185,2.95406357636,-0.0,-0.0,-0.608142316341,0.636981548031,5.84520072755,0.429788632159,map_000000242.png
1.09636252272,4.97837924881,2.90637552399,-0.0,-0.0,-0.608142316341,0.636981548031,5.84520072755,0.429788632159,map_000000243.png
1.09622067906,4.97785503006,2.84824203093,-0.0,-0.0,-0.306161701679,0.636981548031,5.84520072755,0.429788632159,map_000000244.png
1.0961017004,4.97747667926,2.80743209944,-0.0,-0.0,-0.0,0.636981548031,5.84520072755,0.429788632159,map_000000245.png
1.09605000502,4.97733737144,2.79298608729,-0.0,-0.0,-0.0,0.636981548031,5.84520072755,0.429788632159,map_000000246.png
1.09605992124,4.97732749012,2.79298873292,-0.0,-0.0,-0.0,0.636981548031,5.84520072755,0.429788632159,map_000000247.png
1.09604999358,4.97733738212,2.7929859359,-0.0,-0.0,-0.0865428596735,0.636981548031,5.84520072755,0.429788632159,map_000000248.png
1.0960482395,4.9773391238,2.79298549359,-0.0,-0.0,-0.0865428596735,0.636981548031,5.84520072755,0.429788632159,map_000000249.png
1.09604998074,4.97733738858,2.79298602158,-0.0,-0.0,-0.14147618413,0.636981548031,5.84520072755,0.429788632159,map_000000250.png
1.09601842806,4.97723321408,2.78014781416,-0.0,-0.0,-0.14147618413,0.636981548031,5.84520072755,0.429788632159,map_000000251.png
1.09595848476,4.97709534726,2.76568511699,-0.0,-0.0,-0.260422080755,0.636981548031,5.84520072755,0.429788632159,map_000000252.png
1.09589007376,4.9769272831,2.7470963608,-0.0,-0.0,-0.0,0.636981548031,5.84520072755,0.429788632159,map_000000253.png
1.09580304535,4.9767303572,2.72456101021,-0.0,-0.0,-0.0,0.636981548031,5.84520072755,0.429788632159,map_000000254.png
1.09581462921,4.97671880222,2.72456378304,0.0205732900649,-0.0,-0.0,0.636981548031,5.84520072755,0.429788632159,map_000000255.png
1.0958029775,4.97673041459,2.7245609739,0.0205732900649,-0.0,-0.0,0.636981548031,5.84520072755,0.429788632159,map_000000256.png
1.09416003191,4.97745181518,2.72456381291,0.413098543882,0.0224806964397,-0.0,0.636981548031,5.84520072755,0.429788632159,map_000000257.png
1.06571076277,4.98829120684,2.7245614015,0.5,0.145432144403,-0.0,0.636981548031,5.84520072755,0.429788632159,map_000000258.png
1.02033866525,4.99893863396,2.72456437287,0.5,0.152527689934,-0.0,0.636981548031,5.84520072755,0.429788632159,map_000000259.png
0.966590273679,5.00597168065,2.72456202101,0.5,0.152527689934,-0.0,0.636981548031,5.84520072755,0.429788632159,map_000000260.png
0.912642637239,5.01252965344,2.72456210172,0.5,0.152527689934,-0.0,0.636981548031,5.84520072755,0.429788632159,map_000000261.png
0.860774079613,5.01883198619,2.72456283382,0.5,0.152527689934,-0.0,0.636981548031,5.84520072755,0.429788632159,map_000000262.png
0.806826436715,5.02538991374,2.72456290592,0.5,0.166718795896,-0.0,0.636981548031,5.84520072755,0.429788632159,map_000000263.png
0.75243312712,5.03089693574,2.72456654291,0.5,0.185640275478,-0.0,0.636981548031,5.84520072755,0.429788632159,map_000000264.png
0.699516372965,5.03487805623,2.72456379907,0.410733371973,0.131241038442,-0.0,0.636981548031,5.84520072755,0.429788632159,map_000000265.png
0.699516372965,5.03487805623,2.72456379907,0.401272624731,0.121799372137,-0.0,0.636981548031,5.84520072755,0.429788632159,map_000000266.png
0.648332729002,5.03881833742,2.72456741764,0.401272624731,0.121799372137,-0.0,0.636981548031,5.84520072755,0.429788632159,map_000000267.png
0.604057456731,5.04376399894,2.72456497288,0.34452727437,0.093417160213,-0.0,0.636981548031,5.84520072755,0.429788632159,map_000000268.png
0.562716803104,5.04888100097,2.72456791878,-0.0,-0.0,-0.0,0.636981548031,5.84520072755,0.429788632159,map_000000269.png
0.527436270301,5.05430405406,2.72456519202,-0.0,-0.0,-0.0,0.636981548031,5.84520072755,0.429788632159,map_000000270.png
0.520394287312,5.05537474018,2.72456820568,-0.0,-0.0,-0.0,0.636981548031,5.84520072755,0.429788632159,map_000000271.png
0.520382636362,5.05538635311,2.72456549951,-0.0,-0.0,-0.0,0.636981548031,5.84520072755,0.429788632159,map_000000272.png
0.520394275121,5.05537474652,2.72456824237,-0.0,-0.0,-0.0,0.636981548031,5.84520072755,0.429788632159,map_000000273.png
0.520384344925,5.05538464687,2.72456594609,0.436750382185,-0.0,-0.0,0.636981548031,5.84520072755,0.429788632159,map_000000274.png
0.517201264916,5.05678927759,2.72456847607,0.488765358925,0.00119403668214,-0.0,0.636981548031,5.84520072755,0.429788632159,map_000000275.png
0.475679995796,5.07518912954,2.72456589752,0.488765358925,0.00119403668214,-0.0,0.636981548031,5.84520072755,0.429788632159,map_000000276.png
0.429556535243,5.09549789735,2.72456550607,0.495860934258,0.00119403668214,-0.0,0.636981548031,5.84520072755,0.429788632159,map_000000277.png
0.384348846038,5.11539390007,2.72456595644,0.495860934258,0.00119403668214,-0.0,0.636981548031,5.84520072755,0.429788632159,map_000000278.png
0.337166769257,5.1361612009,2.72456552602,0.5,0.00119403668214,-0.0,0.636981548031,5.84520072755,0.429788632159,map_000000279.png
0.289847275431,5.15698202086,2.72456846056,0.5,0.00119403668214,-0.0,0.636981548031,5.84520072755,0.429788632159,map_000000280.png
0.244091787356,5.17712806074,2.72456549965,0.5,0.00119403668214,-0.0,0.636981548031,5.84520072755,0.429788632159,map_000000281.png
0.196530203897,5.19805613119,2.72456857313,0.5,0.00119403668214,-0.0,0.636981548031,5.84520072755,0.429788632159,map_000000282.png
0.148947040513,5.21900570271,2.72456596732,0.5,0.00119403668214,-0.0,0.636981548031,5.84520072755,0.429788632159,map_000000283.png
0.103213131009,5.23913023807,2.72456857867,0.458017975092,-0.0,-0.0,0.636981548031,5.84520072755,0.429788632159,map_000000284.png
0.0582718235333,5.25899820693,2.7245659205,0.429654836655,-0.0,-0.0,0.636981548031,5.84520072755,0.429788632159,map_000000285.png
0.0160847968953,5.27768841671,2.7245655402,0.283051550388,-0.0,-0.0,0.636981548031,5.84520072755,0.429788632159,map_000000286.png
-0.0188922559673,5.29318267849,2.72456601768,0.214480265975,-0.0,-0.0,0.636981548031,5.84520072755,0.429788632159,map_000000287.png
-0.0447944669803,5.30465855841,2.72456565164,0.195558801293,-0.0,-0.0,0.636981548031,5.84520072755,0.429788632159,map_000000288.png
-0.0651682980998,5.31367792587,2.72456851852,0.0820490121841,-0.0,-0.0,0.636981548031,5.84520072755,0.429788632159,map_000000289.png
-0.0831905958976,5.32166842861,2.72456563583,0.0820490121841,-0.0,-0.0,0.636981548031,5.84520072755,0.429788632159,map_000000290.png
-0.0934670838926,5.32621457397,2.72456849003,0.0536858737469,-0.0,-0.0,0.636981548031,5.84520072755,0.429788632159,map_000000291.png
-0.0997201631341,5.32899025277,2.72456604714,0.138813436031,-0.0,-0.0,0.636981548031,5.84520072755,0.429788632159,map_000000292.png
-0.107728622845,5.33253257901,2.72456853363,0.290147095919,-0.0,-0.0,0.636981548031,5.84520072755,0.429788632159,map_000000293.png
-0.12425151952,5.33985788972,2.72456599734,0.458017975092,-0.0,-0.0,0.636981548031,5.84520072755,0.429788632159,map_000000294.png
-0.152444577895,5.35234862626,2.72456555819,0.488765358925,-0.0,-0.0,0.636981548031,5.84520072755,0.429788632159,map_000000295.png
-0.194301086486,5.37089055312,2.72456596699,0.488765358925,-0.0,-0.0,0.636981548031,5.84520072755,0.429788632159,map_000000296.png
-0.240308857833,5.39127338723,2.7245656084,0.495860934258,-0.0,-0.0,0.636981548031,5.84520072755,0.429788632159,map_000000297.png
-0.287219258077,5.41204873412,2.72456855265,0.495860934258,-0.0,-0.0,0.636981548031,5.84520072755,0.429788632159,map_000000298.png
-0.332548131586,5.43213631788,2.72456557043,0.495860934258,-0.0,-0.0,0.636981548031,5.84520072755,0.429788632159,map_000000299.png
-0.379666039442,5.45300359369,2.72456857122,0.495860934258,-0.0,-0.0,0.636981548031,5.84520072755,0.429788632159,map_000000300.png
-0.426805526556,5.47389237234,2.72456594706,0.406002998352,-0.0,-0.0,0.636981548031,5.84520072755,0.429788632159,map_000000301.png
-0.472112821076,5.49395845321,2.72456856428,0.406002998352,-0.0,-0.0,0.636981548031,5.84520072755,0.429788632159,map_000000302.png
-0.511368620699,5.51135467875,2.7245658714,-0.0,-0.0,-0.0,0.636981548031,5.84520072755,0.429788632159,map_000000303.png
-0.520275516174,5.51530147553,2.72456556041,-0.0,-0.0,-0.0,0.636981548031,5.84520072755,0.429788632159,map_000000304.png
-0.520273801322,5.51529976536,2.72456592936,-0.0,-0.0,-0.0,0.636981548031,5.84520072755,0.429788632159,map_000000305.png
-0.520273801322,5.51529976536,2.72456592936,-0.0,-0.0,-0.0,0.636981548031,5.84520072755,0.429788632159,map_000000306.png
-0.520275528549,5.51530148174,2.72456557198,-0.0,-0.0,-0.0,0.636981548031,5.84520072755,0.429788632159,map_000000307.png
-0.520263890041,5.51528987482,2.72456826953,-0.0,-0.0,-0.0,0.636981548031,5.84520072755,0.429788632159,map_000000308.png
-0.520275541039,5.51530148766,2.72456555249,-0.0,-0.0,-0.0,0.636981548031,5.84520072755,0.429788632159,map_000000309.png
-0.520273825961,5.51529977803,2.72456598238,-0.0,-0.0,-0.0,0.636981548031,5.84520072755,0.429788632159,map_000000310.png
-0.520275553373,5.51530149399,2.72456557676,-0.0,-0.0,-0.0,0.636981548031,5.84520072755,0.429788632159,map_000000311.png
-0.520273838329,5.51529978425,2.7245659956,-0.0,-0.0,-0.0,0.636981548031,5.84520072755,0.429788632159,map_000000312.png
-0.520275565815,5.51530150005,2.72456557179,-0.0,-0.0,-0.0,0.636981548031,5.84520072755,0.429788632159,map_000000313.png
-0.520263927322,5.5152898931,2.7245682655,-0.0,-0.0,-0.0,0.636981548031,5.84520072755,0.429788632159,map_000000314.png
-0.520275578297,5.51530150597,2.72456555307,-0.0,-0.0,-0.0,0.636981548031,5.84520072755,0.429788632159,map_000000315.png
-0.520263939528,5.51528989941,2.72456829875,-0.0,-0.0,-0.0,0.636981548031,5.84520072755,0.429788632159,map_000000316.png
-0.520273869721,5.51529979975,2.72456600274,-0.0,-0.0,-0.0,0.636981548031,5.84520072755,0.429788632159,map_000000317.png
-0.520263951705,5.5152899057,2.72456833323,-0.0,-0.0,-0.0,0.636981548031,5.84520072755,0.429788632159,map_000000318.png
-0.520273882238,5.51529980565,2.7245659796,-0.0,-0.0,-0.0,0.636981548031,5.84520072755,0.429788632159,map_000000319.png
-0.520275609727,5.51530152142,2.72456555273,-0.0,-0.5,-0.0,0.636981548031,5.84520072755,0.429788632159,map_000000320.png
-0.517035105077,5.52261066666,2.72456575867,-0.0,-0.5,-0.0,0.636981548031,5.84520072755,0.429788632159,map_000000321.png
-0.495983363773,5.57013584878,2.7245639805,0.0229384750128,-0.5,-0.0,0.636981548031,5.84520072755,0.429788632159,map_000000322.png
-0.47491847425,5.61764710884,2.72456467557,0.0229384750128,-0.5,-0.0,0.636981548031,5.84520072755,0.429788632159,map_000000323.png
-0.456447303526,5.66413426004,2.72456124891,0.046590320766,-0.5,-0.0,0.636981548031,5.84520072755,0.429788632159,map_000000324.png
-0.438859418594,5.71318589203,2.72456207839,0.0607814267278,-0.5,-0.0,0.636981548031,5.84520072755,0.429788632159,map_000000325.png
-0.422866636289,5.76295615284,2.72455893151,0.0607814267278,-0.233344525099,-0.0,0.636981548031,5.84520072755,0.429788632159,map_000000326.png
-0.410758738526,5.80525376262,2.72455958479,-0.0,-0.0,-0.0,0.636981548031,5.84520072755,0.429788632159,map_000000327.png
-0.40703161269,5.82809853446,2.72455656692,-0.0,-0.0,-0.0,0.636981548031,5.84520072755,0.429788632159,map_000000328.png
-0.407033340184,5.82810025022,2.72455613954,-0.0,-0.0,-0.0,0.636981548031,5.84520072755,0.429788632159,map_000000329.png
-0.407031625163,5.82809854046,2.72455655304,-0.0,-0.0,-0.0,0.636981548031,5.84520072755,0.429788632159,map_000000330.png
-0.407033352538,5.82810025648,2.72455615644,-0.0,-0.0,-0.0,0.636981548031,5.84520072755,0.429788632159,map_000000331.png
-0.407021713677,5.82808865003,2.7245589181,-0.0,-0.0,-0.0,0.636981548031,5.84520072755,0.429788632159,map_000000332.png
-0.407033365032,5.82810026239,2.724556136,-0.0,-0.0,-0.0,0.636981548031,5.84520072755,0.429788632159,map_000000333.png
-0.407021725841,5.82808865635,2.72455895617,-0.0,-0.0,-0.0,0.636981548031,5.84520072755,0.429788632159,map_000000334.png
-0.407031656583,5.8280985559,2.72455655283,-0.0,-0.0,-0.39310130477,0.636981548031,5.84520072755,0.429788632159,map_000000335.png
-0.407021738049,5.82808866265,2.72455898838,-0.0,-0.0,-0.39310130477,0.636981548031,5.84520072755,0.429788632159,map_000000336.png
-0.407148463684,5.82782992373,2.69207813432,-0.0,-0.0,-1.0,0.636981548031,5.84520072755,0.429788632159,map_000000337.png
-0.407459123498,5.82722919683,2.61843983673,-0.0,-0.0,-1.0,0.636981548031,5.84520072755,0.429788632159,map_000000338.png
-0.40798068391,5.82641546987,2.52011097391,-0.0,-0.0,-1.0,0.636981548031,5.84520072755,0.429788632159,map_000000339.png
-0.408590194963,5.82564656583,2.41783762688,-0.0,-0.0,-1.0,0.636981548031,5.84520072755,0.429788632159,map_000000340.png
-0.409274749686,5.82494423267,2.3155641877,-0.0,-0.0,-1.0,0.636981548031,5.84520072755,0.429788632159,map_000000341.png
-0.409985930618,5.8243398184,2.21721961361,-0.0,-0.0,-1.0,0.636981548031,5.84520072755,0.429788632159,map_000000342.png
-0.410793533545,5.82378560311,2.1149454663,-0.0,-0.0,-1.0,0.636981548031,5.84520072755,0.429788632159,map_000000343.png
-0.411658601185,5.82332382065,2.01267237484,-0.0,-0.0,-1.0,0.636981548031,5.84520072755,0.429788632159,map_000000344.png
-0.412542119916,5.8229423672,1.91434212333,-0.0,-0.0,-1.0,0.636981548031,5.84520072755,0.429788632159,map_000000345.png
-0.412542119916,5.8229423672,1.91434212333,-0.0,-0.0,-1.0,0.636981548031,5.84520072755,0.429788632159,map_000000346.png
-0.413480433916,5.82267141297,1.81206790175,-0.0,-0.0,-1.0,0.636981548031,5.84520072755,0.429788632159,map_000000347.png
-0.414453510153,5.82247290487,1.70980159301,-0.0,-0.0,-1.0,0.636981548031,5.84520072755,0.429788632159,map_000000348.png
-0.41537764,5.82237267102,1.61145764651,-0.0,-0.0,-1.0,0.636981548031,5.84520072755,0.429788632159,map_000000349.png
-0.416325884574,5.82238113833,1.51312159154,-0.0,-0.0,-1.0,0.636981548031,5.84520072755,0.429788632159,map_000000350.png
-0.417320647529,5.82248597356,1.41085843357,-0.0,-0.0,-1.0,0.636981548031,5.84520072755,0.429788632159,map_000000351.png
-0.418219425957,5.82266735736,1.31250649623,-0.0,-0.0,-1.0,0.636981548031,5.84520072755,0.429788632159,map_000000352.png
-0.419149639114,5.82295558334,1.2102303913,-0.0,-0.0,-1.0,0.636981548031,5.84520072755,0.429788632159,map_000000353.png
-0.420049170181,5.82334252179,1.10795639354,-0.0,-0.0,-1.0,0.636981548031,5.84520072755,0.429788632159,map_000000354.png
-0.420887937357,5.82380934453,1.00962463951,-0.0,-0.0,-1.0,0.636981548031,5.84520072755,0.429788632159,map_000000355.png
-0.421693677143,5.824372867,0.907352184929,-0.0,-0.0,-1.0,0.636981548031,5.84520072755,0.429788632159,map_000000356.png
-0.422435824878,5.82501360884,0.805078551,-0.0,-0.0,-1.0,0.636981548031,5.84520072755,0.429788632159,map_000000357.png
-0.423079679993,5.82568692544,0.706733080411,-0.0,-0.0,-1.0,0.636981548031,5.84520072755,0.429788632159,map_000000358.png
-0.42367346078,5.82645914402,0.604456635405,-0.0,-0.0,-1.0,0.636981548031,5.84520072755,0.429788632159,map_000000359.png
-0.424194670808,5.82729367543,0.502185119245,-0.0,-0.0,-0.933011889458,0.636981548031,5.84520072755,0.429788632159,map_000000360.png
-0.424621354602,5.8281574049,0.404384956449,-0.0,-0.0,-0.859805583954,0.636981548031,5.84520072755,0.429788632159,map_000000361.png
-0.424945607384,5.82901660042,0.308965412591,-0.0,-0.0,-0.859805583954,0.636981548031,5.84520072755,0.429788632159,map_000000362.png
-0.425181514637,5.82984853207,0.220465554993,-0.0,-0.0,-0.512085318565,0.636981548031,5.84520072755,0.429788632159,map_000000363.png
-0.425289009358,5.83040352693,0.160531587073,-0.0,-0.0,-0.0,0.636981548031,5.84520072755,0.429788632159,map_000000364.png
-0.425315459742,5.83063318832,0.136360665161,-0.0,-0.0252655111253,-0.0,0.636981548031,5.84520072755,0.429788632159,map_000000365.png
-0.425187455028,5.82964174705,0.136365738121,-0.0,-0.304280996323,-0.0,0.636981548031,5.84520072755,0.429788632159,map_000000366.png
-0.424247435685,5.82270905484,0.136361114591,0.167176574469,-0.377582639456,-0.0,0.636981548031,5.84520072755,0.429788632159,map_000000367.png
-0.419937629667,5.79138179963,0.136364354218,0.240478217602,-0.405964851379,-0.0,0.636981548031,5.84520072755,0.429788632159,map_000000368.png
-0.397384634082,5.75485768044,0.136362267422,0.240478217602,-0.405964851379,-0.0,0.636981548031,5.84520072755,0.429788632159,map_000000369.png
-0.36927807352,5.71821448395,0.136359901036,0.261764883995,-0.436712235212,-0.0,0.636981548031,5.84520072755,0.429788632159,map_000000370.png
-0.337055471537,5.67793084169,0.136358412912,0.268860429525,-0.45561465621,-0.0,0.636981548031,5.84520072755,0.429788632159,map_000000371.png
-0.303457913037,5.63579047575,0.136350348674,0.268860429525,-0.45561465621,-0.0,0.636981548031,5.84520072755,0.429788632159,map_000000372.png
-0.270652511358,5.59433471818,0.136352340315,0.268860429525,-0.45561465621,-0.0,0.636981548031,5.84520072755,0.429788632159,map_000000373.png
-0.236535251221,5.55120119158,0.136345154361,0.275956004858,-0.45561465621,-0.0,0.636981548031,5.84520072755,0.429788632159,map_000000374.png
-0.202398324403,5.50808730209,0.136347255223,0.275956004858,-0.45561465621,-0.0,0.636981548031,5.84520072755,0.429788632159,map_000000375.png
-0.168927934591,5.46670113946,0.136339994295,0.285416722298,-0.226248964667,-0.0,0.636981548031,5.84520072755,0.429788632159,map_000000376.png
-0.135736076909,5.44104669013,0.136342382451,-0.0,-0.0,-0.0,0.636981548031,5.84520072755,0.429788632159,map_000000377.png
-0.120692150937,5.43215546909,0.136342309761,-0.0,-0.0,-0.0,0.636981548031,5.84520072755,0.429788632159,map_000000378.png
-0.120694003845,5.4321536612,0.136341537535,-0.0,-0.0,-0.0,0.636981548031,5.84520072755,0.429788632159,map_000000379.png
-0.12069396392,5.43215363049,0.13634151989,-0.0,-0.0,-0.0,0.636981548031,5.84520072755,0.429788632159,map_000000380.png
-0.120703861438,5.43214376527,0.136337584804,0.422559291124,-0.0,-0.0,0.636981548031,5.84520072755,0.429788632159,map_000000381.png
-0.120692107478,5.43215545476,0.136342249629,0.422559291124,-0.0,-0.0,0.636981548031,5.84520072755,0.429788632159,map_000000382.png
-0.0855348700464,5.43696657036,0.136335266169,0.5,-0.0,-0.0,0.636981548031,5.84520072755,0.429788632159,map_000000383.png
-0.037118072526,5.4436194253,0.136338638971,0.5,-0.0,-0.0,0.636981548031,5.84520072755,0.429788632159,map_000000384.png
0.0123857637254,5.45040220976,0.136332400432,0.5,-0.0,-0.0,0.636981548031,5.84520072755,0.429788632159,map_000000385.png
0.0123857637254,5.45040220976,0.136332400432,0.5,-0.0,-0.0,0.636981548031,5.84520072755,0.429788632159,map_000000386.png
0.063889627234,5.45747634335,0.136334937164,0.5,-0.0,-0.0,0.636981548031,5.84520072755,0.429788632159,map_000000387.png
0.115383950245,5.46454048832,0.136332627969,0.5,-0.0,-0.0,0.636981548031,5.84520072755,0.429788632159,map_000000388.png
0.164897145064,5.471332805,0.136330859204,0.5,-0.0,-0.0,0.636981548031,5.84520072755,0.429788632159,map_000000389.png
0.214401034297,5.47811520368,0.136324581152,0.0489555038512,-0.0,-0.0,0.636981548031,5.84520072755,0.429788632159,map_000000390.png
0.23374568601,5.4807774115,0.136328395915,-0.0,-0.0,-0.0,0.636981548031,5.84520072755,0.429788632159,map_000000391.png
0.236276010848,5.48111390145,0.136323198975,-0.0,-0.0,-0.0,0.636981548031,5.84520072755,0.429788632159,map_000000392.png
0.236266694217,5.48112321406,0.13632823561,-0.0,-0.0,-0.0,0.636981548031,5.84520072755,0.429788632159,map_000000393.png
0.236268528118,5.48112502535,0.136328893433,-0.0,-0.0,-0.0,0.636981548031,5.84520072755,0.429788632159,map_000000394.png
0.236266675475,5.48112321615,0.136328263613,-0.0,-0.0,0.0715887919068,0.636981548031,5.84520072755,0.429788632159,map_000000395.png
0.236266715453,5.48112318513,0.136328277157,-0.0,-0.0,0.0715887919068,0.636981548031,5.84520072755,0.429788632159,map_000000396.png
0.236282848964,5.48106103759,0.141955170662,-0.0,-0.0,0.529137551785,0.636981548031,5.84520072755,0.429788632159,map_000000397.png
0.236322458773,5.48076418725,0.174194588634,-0.0,-0.0,0.629810452461,0.636981548031,5.84520072755,0.429788632159,map_000000398.png
0.236433632176,5.48021800448,0.232267187309,-0.0,-0.0,-0.0,0.636981548031,5.84520072755,0.429788632159,map_000000399.png
0.236560977396,5.47973438361,0.284289742788,-0.0,-0.0,-0.0,0.636981548031,5.84520072755,0.429788632159,map_000000400.png
0.236551097861,5.47972450151,0.284286728937,-0.0,-0.0,-0.0,0.636981548031,5.84520072755,0.429788632159,map_000000401.png
0.236561005214,5.47973440635,0.284289892192,-0.0,-0.0,-0.0,0.636981548031,5.84520072755,0.429788632159,map_000000402.png
0.236561043985,5.47973437653,0.284289880612,-0.0,-0.0,-0.0,0.636981548031,5.84520072755,0.429788632159,map_000000403.png
0.236561065771,5.47973438942,0.284289955744,-0.0,-0.0,-0.0,0.636981548031,5.84520072755,0.429788632159,map_000000404.png
0.236562821713,5.47973612451,0.284290463294,-0.0,-0.0,-0.0,0.636981548031,5.84520072755,0.429788632159,map_000000405.png
0.236570480815,5.47972499503,0.284284631164,-0.0,-0.0,-0.0,0.636981548031,5.84520072755,0.429788632159,map_000000406.png
0.236561086666,5.47973436252,0.284289912563,0.119891963899,-0.0,-0.0,0.636981548031,5.84520072755,0.429788632159,map_000000407.png
0.23655117319,5.47972447707,0.284286755147,0.119891963899,-0.0,-0.0,0.636981548031,5.84520072755,0.429788632159,map_000000408.png
0.2476037055,5.48296107408,0.284289544002,0.493495732546,-0.0,-0.0,0.636981548031,5.84520072755,0.429788632159,map_000000409.png
0.286357938553,5.49427300989,0.284282093935,0.5,-0.0,-0.0,0.636981548031,5.84520072755,0.429788632159,map_000000410.png
0.335938759181,5.50877264471,0.2842859477,0.5,-0.0,-0.0,0.636981548031,5.84520072755,0.429788632159,map_000000411.png
0.385831156765,5.52335230756,0.284284772416,0.5,-0.0,-0.0,0.636981548031,5.84520072755,0.429788632159,map_000000412.png
0.433800401563,5.53736755752,0.284282352569,0.5,-0.0,-0.0,0.636981548031,5.84520072755,0.429788632159,map_000000413.png
0.483690867143,5.55194521718,0.284280091879,0.110431224108,-0.0,-0.0,0.636981548031,5.84520072755,0.429788632159,map_000000414.png
0.533571076023,5.56651282167,0.284274832377,0.110431224108,-0.0,-0.0,0.636981548031,5.84520072755,0.429788632159,map_000000415.png
0.550158215818,5.5713676482,0.284278231154,-0.0,-0.0,0.410191655159,0.636981548031,5.84520072755,0.429788632159,map_000000416.png
0.554040011268,5.5722213035,0.311701608131,-0.0,-0.0,0.538293123245,0.636981548031,5.84520072755,0.429788632159,map_000000417.png
0.55419804764,5.57179411825,0.359698173331,-0.0,-0.0,0.538293123245,0.636981548031,5.84520072755,0.429788632159,map_000000418.png
0.554392293928,5.57131962894,0.412628504891,-0.0,-0.0,0.350718706846,0.636981548031,5.84520072755,0.429788632159,map_000000419.png
0.55459562554,5.57085424986,0.465464489942,-0.0,-0.0,-0.0,0.636981548031,5.84520072755,0.429788632159,map_000000420.png
0.554764373828,5.57055861989,0.50133111832,-0.0,-0.0,-0.0,0.636981548031,5.84520072755,0.429788632159,map_000000421.png
0.554777177398,5.57053546373,0.504089973602,-0.0,-0.0,-0.0,0.636981548031,5.84520072755,0.429788632159,map_000000422.png
0.554776393707,5.5705354361,0.504090231431,-0.0,-0.0,-0.0,0.636981548031,5.84520072755,0.429788632159,map_000000423.png
0.554776426596,5.57053543244,0.504090230207,-0.0,-0.0,-0.0,0.636981548031,5.84520072755,0.429788632159,map_000000424.png
0.554776434094,5.57053542761,0.504090203618,0.164811402559,-0.0,-0.0,0.636981548031,5.84520072755,0.429788632159,map_000000425.png
0.557662365308,5.57212703648,0.504089866565,0.249938964844,-0.0,-0.0,0.636981548031,5.84520072755,0.429788632159,map_000000426.png
0.557662365308,5.57212703648,0.504089866565,0.249938964844,-0.0,-0.0,0.636981548031,5.84520072755,0.429788632159,map_000000427.png
0.572675015304,5.58039357728,0.504082776357,0.257034510374,-0.0,-0.0,0.636981548031,5.84520072755,0.429788632159,map_000000428.png
0.594552333983,5.59246158761,0.504082055744,0.257034510374,-0.0,-0.0,0.636981548031,5.84520072755,0.429788632159,map_000000429.png
0.616926527927,5.60480365707,0.504080944036,0.197923973203,-0.0,-0.0,0.636981548031,5.84520072755,0.429788632159,map_000000430.png
0.637003954517,5.61589345548,0.504086171824,0.197923973203,-0.0,-0.0,0.636981548031,5.84520072755,0.429788632159,map_000000431.png
0.654328397664,5.62544993195,0.504085400577,0.280686348677,-0.0,-0.0,0.636981548031,5.84520072755,0.429788632159,map_000000432.png
0.67408366682,5.63634770393,0.504084626449,0.410733371973,-0.0,-0.0,0.636981548031,5.84520072755,0.429788632159,map_000000433.png
0.700090995379,5.65069374732,0.504083598667,0.363448739052,-0.0,-0.0,0.636981548031,5.84520072755,0.429788632159,map_000000434.png
0.736042863654,5.67052530736,0.504081995153,0.363448739052,-0.0,-0.0,0.636981548031,5.84520072755,0.429788632159,map_000000435.png
0.769790962191,5.68914081765,0.504080302316,0.0229384750128,-0.0,-0.0,0.636981548031,5.84520072755,0.429788632159,map_000000436.png
0.781426256562,5.69554417378,0.504073672076,-0.0,-0.0,-0.0,0.636981548031,5.84520072755,0.429788632159,map_000000437.png
0.782390014718,5.69607578283,0.504073537352,-0.0,-0.0,-0.0,0.636981548031,5.84520072755,0.429788632159,map_000000438.png
0.782380525765,5.69608525076,0.504079554938,-0.0,-0.0,-0.0,0.636981548031,5.84520072755,0.429788632159,map_000000439.png
0.782379741308,5.69608522381,0.504079734778,-0.0,-0.0,-0.0,0.636981548031,5.84520072755,0.429788632159,map_000000440.png
0.782379749042,5.69608521766,0.504079816919,-0.0,-0.0,-0.0,0.636981548031,5.84520072755,0.429788632159,map_000000441.png
0.782379781928,5.69608521416,0.504079802388,-0.0,-0.0,-0.0,0.636981548031,5.84520072755,0.429788632159,map_000000442.png
0.782380506529,5.69608527376,0.504079594339,-0.0,-0.0,-0.0,0.636981548031,5.84520072755,0.429788632159,map_000000443.png
0.782380514264,5.6960852679,0.504079639972,-0.0,-0.0,-0.0,0.636981548031,5.84520072755,0.429788632159,map_000000444.png
0.782390069459,5.69607574238,0.50407373094,-0.0,-0.0,-0.0,0.636981548031,5.84520072755,0.429788632159,map_000000445.png
0.782380580401,5.69608521085,0.504079633127,-0.0,-0.0,-0.0,0.636981548031,5.84520072755,0.429788632159,map_000000446.png
0.782380587915,5.69608520543,0.504079628727,-0.0,-0.0,-0.0,0.636981548031,5.84520072755,0.429788632159,map_000000447.png
0.782379803376,5.69608517862,0.504079791478,-0.0,-0.0,-0.0,0.636981548031,5.84520072755,0.429788632159,map_000000448.png
0.782379836273,5.69608517462,0.504079827735,-0.0,0.336973935366,-0.0,0.636981548031,5.84520072755,0.429788632159,map_000000449.png
0.770665198287,5.71732235443,0.504081121931,-0.0579012408853,0.5,-0.0,0.636981548031,5.84520072755,0.429788632159,map_000000450.png
0.746498969094,5.75442305591,0.504083001279,-0.0579012408853,0.5,-0.0,0.636981548031,5.84520072755,0.429788632159,map_000000451.png
0.716130269986,5.79702208444,0.504079305143,-0.0,0.5,-0.0,0.636981548031,5.84520072755,0.429788632159,map_000000452.png
0.687933955487,5.83855088018,0.504082019134,0.117526777089,0.365337073803,-0.0,0.636981548031,5.84520072755,0.429788632159,map_000000453.png
0.662816983745,5.88407605398,0.504090510143,-0.0,-0.0,-0.0,0.636981548031,5.84520072755,0.429788632159,map_000000454.png
