
-6.18928419027,6.95010071211,2.2392409589,-0.0,-0.0,-0.0,-1.87284038768,2.60279571223,1.20718054826,map_000000049.png
-6.18927262008,6.95008913146,2.23924006095,-0.0,-0.079645678401,-0.0,-1.87284038768,2.60279571223,1.20718054826,map_000000050.png
-6.18753320609,6.95148055754,2.2392407616,-0.249443039298,-0.491092413664,-0.0,-1.87284038768,2.60279571223,1.20718054826,map_000000051.png
-6.17745735986,6.9568784173,2.23923910775,-0.242347478867,-0.5,-0.0,-1.87284038768,2.60279571223,1.20718054826,map_000000052.png
-6.17745735986,6.9568784173,2.23923910775,-0.242347478867,-0.5,-0.0,-1.87284038768,2.60279571223,1.20718054826,map_000000053.png
-6.12133161162,6.96817805959,2.23923911429,-0.242347478867,-0.5,-0.0,-1.87284038768,2.60279571223,1.20718054826,map_000000054.png
-6.06495848714,6.98048930312,2.23923789003,-0.242347478867,-0.5,-0.0,-1.87284038768,2.60279571223,1.20718054826,map_000000055.png
-6.01072124244,6.9924513595,2.23923639836,-0.242347478867,-0.5,-0.0,-1.87284038768,2.60279571223,1.20718054826,map_000000056.png
-5.95431698134,7.00489546376,2.23923518647,-0.242347478867,-0.5,-0.0,-1.87284038768,2.60279571223,1.20718054826,map_000000057.png
-5.89790013581,7.01732605406,2.23923228396,-0.242347478867,-0.5,-0.0,-1.87284038768,2.60279571223,1.20718054826,map_000000058.png
-5.84367541322,7.02930132475,2.23923249668,-0.242347478867,-0.5,-0.0,-1.87284038768,2.60279571223,1.20718054826,map_000000059.png
-5.78725853236,7.04173176313,2.23922960481,-0.251808226109,-0.5,-0.0,-1.87284038768,2.60279571223,1.20718054826,map_000000060.png
-5.73086311137,7.05418363989,2.23922959944,-0.251808226109,-0.5,-0.0,-1.87284038768,2.60279571223,1.20718054826,map_000000061.png
-5.67612455072,7.06551376346,2.23922689059,-0.282536536455,-0.5,-0.0,-1.87284038768,2.60279571223,1.20718054826,map_000000062.png
-5.6178251393,7.07555451007,2.2392268745,-0.0,-0.0,-0.0,-1.87284038768,2.60279571223,1.20718054826,map_000000063.png
-5.58605985573,7.08049017938,2.23922629509,-0.0,-0.0,-0.0,-1.87284038768,2.60279571223,1.20718054826,map_000000064.png
-5.58604828554,7.08047859874,2.23922539702,-0.0,-0.00397885078564,-0.0,-1.87284038768,2.60279571223,1.20718054826,map_000000065.png
-5.58600826805,7.08052796784,2.23922615903,-0.459887236357,-0.247535631061,-0.0,-1.87284038768,2.60279571223,1.20718054826,map_000000066.png
-5.58568622989,7.0807645308,2.23922539764,-0.459887236357,-0.247535631061,-0.0,-1.87284038768,2.60279571223,1.20718054826,map_000000067.png
-5.5377763921,7.06004272492,2.23922550321,-0.459887236357,-0.247535631061,-0.0,-1.87284038768,2.60279571223,1.20718054826,map_000000068.png
-5.48795371365,7.03847277144,2.23922495837,-0.459887236357,-0.266457110643,-0.0,-1.87284038768,2.60279571223,1.20718054826,map_000000069.png
-5.43921356088,7.01838581912,2.2392241425,-0.459887236357,-0.306646168232,-0.0,-1.87284038768,2.60279571223,1.20718054826,map_000000070.png
-5.38658612558,6.9990307297,2.23922357286,-0.459887236357,-0.306646168232,-0.0,-1.87284038768,2.60279571223,1.20718054826,map_000000071.png
-5.3319283603,6.981255902,2.23922149232,-0.422063350677,-0.375217437744,-0.0,-1.87284038768,2.60279571223,1.20718054826,map_000000072.png
-5.27939512815,6.9641872996,2.23922192604,-0.405507057905,-0.384678184986,-0.0,-1.87284038768,2.60279571223,1.20718054826,map_000000073.png
-5.22157993694,6.95391597544,2.23921957028,-0.405507057905,-0.384678184986,-0.0,-1.87284038768,2.60279571223,1.20718054826,map_000000074.png
-5.16403569334,6.94532476617,2.23921969782,-0.405507057905,-0.384678184986,-0.0,-1.87284038768,2.60279571223,1.20718054826,map_000000075.png
-5.1087284472,6.93733441356,2.23921746699,-0.405507057905,-0.384678184986,-0.0,-1.87284038768,2.60279571223,1.20718054826,map_000000076.png
-5.05122957887,6.92904466995,2.23921760117,-0.405507057905,-0.384678184986,-0.0,-1.87284038768,2.60279571223,1.20718054826,map_000000077.png
-4.9937218181,6.92074655231,2.23921670135,-0.405507057905,-0.384678184986,-0.0,-1.87284038768,2.60279571223,1.20718054826,map_000000078.png
-4.93842349863,6.91276434286,2.2392155486,-0.405507057905,-0.384678184986,-0.0,-1.87284038768,2.60279571223,1.20718054826,map_000000079.png
-4.88091575489,6.90446610507,2.23921463361,-0.405507057905,-0.384678184986,-0.0,-1.87284038768,2.60279571223,1.20718054826,map_000000080.png
-4.82339544266,6.89615460909,2.23921223689,-0.405507057905,-0.384678184986,-0.0,-1.87284038768,2.60279571223,1.20718054826,map_000000081.png
-4.76810972563,6.88818542373,2.23921255212,-0.429139822721,-0.323202461004,-0.0,-1.87284038768,2.60279571223,1.20718054826,map_000000082.png
-4.71233590855,6.87692944307,2.23921031163,-0.5,-0.186059907079,-0.0,-1.87284038768,2.60279571223,1.20718054826,map_000000083.png
-4.66087747478,6.85712897956,2.23921068488,-0.5,-0.134044930339,-0.0,-1.87284038768,2.60279571223,1.20718054826,map_000000084.png
-4.61595060705,6.82890588178,2.23920937599,-0.5,-0.0299958791584,-0.0,-1.87284038768,2.60279571223,1.20718054826,map_000000085.png
-4.57281186718,6.79675939643,2.23920986867,-0.5,-0.0,-0.0,-1.87284038768,2.60279571223,1.20718054826,map_000000086.png
-4.53815331205,6.75790083807,2.23920991071,-0.5,-0.0,-0.0,-1.87284038768,2.60279571223,1.20718054826,map_000000087.png
-4.50670746066,6.71904759405,2.23920971029,-0.5,0.154892876744,-0.0,-1.87284038768,2.60279571223,1.20718054826,map_000000088.png
-4.48227275741,6.67211551624,2.23920990407,-0.5,0.24002045393,-0.0,-1.87284038768,2.60279571223,1.20718054826,map_000000089.png
-4.48227275741,6.67211551624,2.23920990407,-0.5,0.266037464142,-0.0,-1.87284038768,2.60279571223,1.20718054826,map_000000090.png
-4.45424722694,6.56433375237,2.23921098305,-0.5,0.273133039474,-0.0,-1.87284038768,2.60279571223,1.20718054826,map_000000091.png
-4.45424722694,6.56433375237,2.23921098305,-0.5,0.273133039474,-0.0,-1.87284038768,2.60279571223,1.20718054826,map_000000092.png
-4.4437719846,6.50635520103,2.23921126777,-0.5,0.273133039474,-0.0,-1.87284038768,2.60279571223,1.20718054826,map_000000093.png
-4.43385255135,6.44797618854,2.23921235953,-0.5,0.273133039474,-0.0,-1.87284038768,2.60279571223,1.20718054826,map_000000094.png
-4.42429510378,6.39182263396,2.23921272391,-0.5,0.221098974347,-0.0,-1.87284038768,2.60279571223,1.20718054826,map_000000095.png
-4.41143661679,6.33576448466,2.23921371208,-0.5,0.180909916759,-0.0,-1.87284038768,2.60279571223,1.20718054826,map_000000096.png
-4.3954979979,6.28212314942,2.23921438896,-0.5,0.0484977252781,-0.0,-1.87284038768,2.60279571223,1.20718054826,map_000000097.png
-4.37497480315,6.23464448406,2.23921463534,-0.5,-0.0,-0.0,-1.87284038768,2.60279571223,1.20718054826,map_000000098.png
-4.34611124119,6.19120973749,2.23921493313,-0.5,-0.0276306960732,-0.0,-1.87284038768,2.60279571223,1.20718054826,map_000000099.png
-4.31388681027,6.15040602223,2.23921412092,-0.5,-0.129314556718,-0.0,-1.87284038768,2.60279571223,1.20718054826,map_000000100.png
-4.28075672088,6.11290578557,2.23921489039,-0.5,-0.129314556718,-0.0,-1.87284038768,2.60279571223,1.20718054826,map_000000101.png
-4.2398966954,6.07892144799,2.23921360434,-0.5,-0.174233987927,-0.0,-1.87284038768,2.60279571223,1.20718054826,map_000000102.png
-4.19488855228,6.04825127112,2.23921402103,-0.5,-0.221518605947,-0.0,-1.87284038768,2.60279571223,1.20718054826,map_000000103.png
-4.14668166177,6.02009159204,2.23921362932,-0.5,-0.221518605947,-0.0,-1.87284038768,2.60279571223,1.20718054826,map_000000104.png
-4.09638485477,5.99355926833,2.23921190227,-0.5,-0.221518605947,-0.0,-1.87284038768,2.60279571223,1.20718054826,map_000000105.png
-4.04804489288,5.96806994149,2.2392124417,-0.5,-0.221518605947,-0.0,-1.87284038768,2.60279571223,1.20718054826,map_000000106.png
-3.99774811966,5.94153755816,2.23921072521,-0.5,-0.221518605947,-0.0,-1.87284038768,2.60279571223,1.20718054826,map_000000107.png
-3.94747284398,5.91502665417,2.2392110892,-0.5,-0.221518605947,-0.0,-1.87284038768,2.60279571223,1.20718054826,map_000000108.png
-3.89911144782,5.88951573145,2.23920951325,-0.5,-0.221518605947,-0.0,-1.87284038768,2.60279571223,1.20718054826,map_000000109.png
-3.84883620555,5.86300476632,2.23920987268,-0.5,-0.221518605947,-0.0,-1.87284038768,2.60279571223,1.20718054826,map_000000110.png
-3.79855217446,5.83648524452,2.23920941345,-0.5,-0.183694720268,-0.0,-1.87284038768,2.60279571223,1.20718054826,map_000000111.png
-3.75079304973,5.81051415236,2.23920867181,-0.5,-0.141140475869,-0.0,-1.87284038768,2.60279571223,1.20718054826,map_000000112.png
-3.70359493518,5.7815577342,2.23920829943,-0.5,-0.0867412313819,-0.0,-1.87284038768,2.60279571223,1.20718054826,map_000000113.png
-3.65985588827,5.74984678258,2.23920691097,-0.5,-0.0867412313819,-0.0,-1.87284038768,2.60279571223,1.20718054826,map_000000114.png
-3.62140618402,5.7165472678,2.23920765235,-0.5,-0.0229003261775,-0.0,-1.87284038768,2.60279571223,1.20718054826,map_000000115.png
-3.58531052717,5.6788005463,2.23920666507,-0.5,-0.0,-0.0,-1.87284038768,2.60279571223,1.20718054826,map_000000116.png
-3.55210187714,5.63881251449,2.2392073458,-0.5,-0.0,-0.0,-1.87284038768,2.60279571223,1.20718054826,map_000000117.png
-3.52111814017,5.59957886572,2.23920667829,-0.5,0.0650349408388,-0.0,-1.87284038768,2.60279571223,1.20718054826,map_000000118.png
-3.48952771973,5.55831296597,2.23920738886,-0.5,0.133606225252,-0.0,-1.87284038768,2.60279571223,1.20718054826,map_000000119.png
-3.46262241151,5.51333188269,2.23920768714,-0.5,0.133606225252,-0.0,-1.87284038768,2.60279571223,1.20718054826,map_000000120.png
-3.44169786892,5.46617026379,2.2392077971,-0.5,0.214003413916,-0.0,-1.87284038768,2.60279571223,1.20718054826,map_000000121.png
-3.42518025934,5.41298630121,2.23920834985,-0.5,0.228194519877,-0.0,-1.87284038768,2.60279571223,1.20718054826,map_000000122.png
-3.41108342022,5.35786772421,2.23920842308,-0.424428552389,0.310956895351,-0.0,-1.87284038768,2.60279571223,1.20718054826,map_000000123.png
-3.40204496503,5.30480799146,2.23920963084,-0.173776209354,0.42210149765,-0.0,-1.87284038768,2.60279571223,1.20718054826,map_000000124.png
-3.40490785446,5.25269159491,2.23921024402,-0.0720923468471,0.45756021142,-0.0,-1.87284038768,2.60279571223,1.20718054826,map_000000125.png
-3.40490785446,5.25269159491,2.23921024402,-0.0626316145062,0.488307595253,-0.0,-1.87284038768,2.60279571223,1.20718054826,map_000000126.png
-3.45994065529,5.17755086348,2.23921263219,-0.0626316145062,0.488307595253,-0.0,-1.87284038768,2.60279571223,1.20718054826,map_000000127.png
-3.49515412453,5.1412240559,2.23921412638,-0.00352107314393,0.5,-0.0,-1.87284038768,2.60279571223,1.20718054826,map_000000128.png
-3.49515412453,5.1412240559,2.23921412638,-0.00352107314393,0.5,-0.0,-1.87284038768,2.60279571223,1.20718054826,map_000000129.png
-3.53407309803,5.10731663898,2.23921559816,-0.00352107314393,0.5,-0.0,-1.87284038768,2.60279571223,1.20718054826,map_000000130.png
-3.57307628678,5.07606498526,2.23921683498,-0.00352107314393,0.5,-0.0,-1.87284038768,2.60279571223,1.20718054826,map_000000131.png
-3.61364361431,5.0435660361,2.23921830259,-0.105204932392,0.46465575695,-0.0,-1.87284038768,2.60279571223,1.20718054826,map_000000132.png
-3.65310855846,5.01035973923,2.23921944604,-0.282536536455,0.370067447424,-0.0,-1.87284038768,2.60279571223,1.20718054826,map_000000133.png
-3.6830535342,4.973333528,2.23922092046,-0.282536536455,0.370067447424,-0.0,-1.87284038768,2.60279571223,1.20718054826,map_000000134.png
-3.69650307004,4.92707359102,2.23922169562,-0.466982781887,0.204542681575,-0.0,-1.87284038768,2.60279571223,1.20718054826,map_000000135.png
-3.6889729925,4.87681900631,2.23922279293,-0.485904276371,0.161988437176,-0.0,-1.87284038768,2.60279571223,1.20718054826,map_000000136.png
-3.67337344438,4.82819585049,2.23922285534,-0.495364993811,0.124164558947,-0.0,-1.87284038768,2.60279571223,1.20718054826,map_000000137.png
-3.65387263503,4.77876795703,2.23922374372,-0.5,0.0744956806302,-0.0,-1.87284038768,2.60279571223,1.20718054826,map_000000138.png
-3.631085243,4.73100710444,2.23922416994,-0.5,0.0248458813876,-0.0,-1.87284038768,2.60279571223,1.20718054826,map_000000139.png
-3.60462648984,4.68565024634,2.23922358528,-0.5,-0.0,-0.0,-1.87284038768,2.60279571223,1.20718054826,map_000000140.png
-3.57445017843,4.6432676104,2.23922431167,-0.5,-0.0,-0.0,-1.87284038768,2.60279571223,1.20718054826,map_000000141.png
-3.54362171625,4.60391134128,2.2392236087,-0.5,-0.0,-0.0,-1.87284038768,2.60279571223,1.20718054826,map_000000142.png
-3.51141838541,4.56312943871,2.23922429398,-0.5,-0.0,-0.0,-1.87284038768,2.60279571223,1.20718054826,map_000000143.png
-3.47920646853,4.52233883079,2.23922443203,-0.5,-0.0,-0.0,-1.87284038768,2.60279571223,1.20718054826,map_000000144.png
-3.44823065038,4.48311441405,2.2392243164,-0.5,-0.0,-0.0,-1.87284038768,2.60279571223,1.20718054826,map_000000145.png
-3.41601873325,4.44232380628,2.23922443931,-0.5,-0.0,-0.0,-1.87284038768,2.60279571223,1.20718054826,map_000000146.png
-3.38379391591,4.40152039654,2.23922362716,-0.5,-0.0,-0.0,-1.87284038768,2.60279571223,1.20718054826,map_000000147.png
-3.35283099844,4.36230878146,2.23922443281,-0.5,-0.0,-0.0,-1.87284038768,2.60279571223,1.20718054826,map_000000148.png
-3.3206061808,4.32150537187,2.23922361008,-0.5,-0.0,-0.0,-1.87284038768,2.60279571223,1.20718054826,map_000000149.png
-3.28840284996,4.2807234693,2.23922429535,-0.5,-0.0,-0.0,-1.87284038768,2.60279571223,1.20718054826,map_000000150.png
-3.25741844582,4.24149034721,2.23922362794,-0.5,-0.0,-0.0,-1.87284038768,2.60279571223,1.20718054826,map_000000151.png
-3.22521511493,4.20070844465,2.23922431777,-0.5,-0.0,-0.0,-1.87284038768,2.60279571223,1.20718054826,map_000000152.png
-3.1930031978,4.15991783688,2.23922444068,-0.5,-0.0,-0.0,-1.87284038768,2.60279571223,1.20718054826,map_000000153.png
-3.16202737988,4.12069341997,2.23922429613,-0.5,-0.0,-0.0,-1.87284038768,2.60279571223,1.20718054826,map_000000154.png
-3.12981546299,4.07990281205,2.23922443418,-0.5,-0.0,-0.0,-1.87284038768,2.60279571223,1.20718054826,map_000000155.png
-3.09759064535,4.03909940247,2.23922361145,-0.5,-0.0,-0.0,-1.87284038768,2.60279571223,1.20718054826,map_000000156.png
-3.06662772771,3.99988778755,2.23922444146,-0.5,-0.0,-0.0,-1.87284038768,2.60279571223,1.20718054826,map_000000157.png
-3.03440291037,3.9590843778,2.23922362932,-0.5,-0.0,-0.0,-1.87284038768,2.60279571223,1.20718054826,map_000000158.png
-3.00219957948,3.91830247524,2.23922431915,-0.5,-0.0,-0.0,-1.87284038768,2.60279571223,1.20718054826,map_000000159.png
-2.97121517526,3.87906935314,2.23922361223,-0.5,-0.0110744042322,-0.0,-1.87284038768,2.60279571223,1.20718054826,map_000000160.png
-2.93901184443,3.83828745057,2.23922429751,-0.5,-0.0110744042322,-0.0,-1.87284038768,2.60279571223,1.20718054826,map_000000161.png
-2.90603543016,3.79810056413,2.23922442455,-0.5,-0.0110744042322,-0.0,-1.87284038768,2.60279571223,1.20718054826,map_000000162.png
-2.87419087961,3.75956218223,2.23922427904,-0.5,-0.0205351412296,-0.0,-1.87284038768,2.60279571223,1.20718054826,map_000000163.png
-2.84071923099,3.71976638184,2.23922436009,-0.5,-0.0205351412296,-0.0,-1.87284038768,2.60279571223,1.20718054826,map_000000164.png
-2.84071923099,3.71976638184,2.23922436009,-0.5,-0.0205351412296,-0.0,-1.87284038768,2.60279571223,1.20718054826,map_000000165.png
-2.8068190884,3.68028597369,2.23922346411,-0.5,-0.0205351412296,-0.0,-1.87284038768,2.60279571223,1.20718054826,map_000000166.png
-2.77424527009,3.64234648462,2.23922424282,-0.5,-0.0205351412296,-0.0,-1.87284038768,2.60279571223,1.20718054826,map_000000167.png
-2.74034513149,3.60286607281,2.23922333626,-0.5,-0.0205351412296,-0.0,-1.87284038768,2.60279571223,1.20718054826,map_000000168.png
-2.70646648286,3.56340716403,2.23922399132,-0.5,-0.0205351412296,-0.0,-1.87284038768,2.60279571223,1.20718054826,map_000000169.png
-2.67387118305,3.52544616192,2.23922324335,-0.5,-0.0205351412296,-0.0,-1.87284038768,2.60279571223,1.20718054826,map_000000170.png
-2.63999253651,3.48598724887,2.23922390297,-0.5,-0.0205351412296,-0.0,-1.87284038768,2.60279571223,1.20718054826,map_000000171.png
-2.6061052844,3.44651964652,2.23922397051,-0.5,-0.0205351412296,-0.0,-1.87284038768,2.60279571223,1.20718054826,map_000000172.png
-2.57351859908,3.40856732486,2.23922377056,-0.5,-0.0205351412296,-0.0,-1.87284038768,2.60279571223,1.20718054826,map_000000173.png
-2.53963135353,3.36909971783,2.23922385324,-0.5,-0.0205351412296,-0.0,-1.87284038768,2.60279571223,1.20718054826,map_000000174.png
-2.50573122947,3.32961929125,2.23922294668,-0.5,-0.0205351412296,-0.0,-1.87284038768,2.60279571223,1.20718054826,map_000000175.png
-2.47315742802,3.29167978554,2.23922374975,-0.5,-0.0205351412296,-0.0,-1.87284038768,2.60279571223,1.20718054826,map_000000176.png
-2.43925730962,3.2521993545,2.23922285377,-0.5,-0.0205351412296,-0.0,-1.87284038768,2.60279571223,1.20718054826,map_000000177.png
-2.40537867953,3.21274042918,2.23922351339,-0.5,-0.0205351412296,-0.0,-1.87284038768,2.60279571223,1.20718054826,map_000000178.png
-2.37149144446,3.17327281372,2.23922358093,-0.5,-0.0205351412296,-0.0,-1.87284038768,2.60279571223,1.20718054826,map_000000179.png
-2.33759133106,3.13379237792,2.23922268495,-0.5,-0.0205351412296,-0.0,-1.87284038768,2.60279571223,1.20718054826,map_000000180.png
-2.30501754123,3.09585286216,2.23922346366,-0.5,-0.0205351412296,-0.0,-1.87284038768,2.60279571223,1.20718054826,map_000000181.png
-2.27111743397,3.05637242127,2.2392225571,-0.5,-0.0205351412296,-0.0,-1.87284038768,2.60279571223,1.20718054826,map_000000182.png
-2.23723881394,3.01691348712,2.23922321216,-0.5,-0.0205351412296,-0.0,-1.87284038768,2.60279571223,1.20718054826,map_000000183.png
-2.20464354379,2.97895245938,2.23922246419,-0.5,-0.0205351412296,-0.0,-1.87284038768,2.60279571223,1.20718054826,map_000000184.png
-2.17076492753,2.93949352262,2.23922312381,-0.5,-0.0205351412296,-0.0,-1.87284038768,2.60279571223,1.20718054826,map_000000185.png
-2.13687771057,2.9000258931,2.23922319135,-0.5,-0.0205351412296,-0.0,-1.87284038768,2.60279571223,1.20718054826,map_000000186.png
-2.10429105384,2.86207354904,2.2392229914,-0.5,-0.0205351412296,-0.0,-1.87284038768,2.60279571223,1.20718054826,map_000000187.png
-2.07040384011,2.82260591711,2.23922307409,-0.5,-0.0205351412296,-0.0,-1.87284038768,2.60279571223,1.20718054826,map_000000188.png
-2.0365037475,2.78312546575,2.23922216752,-0.5,-0.0205351412296,-0.0,-1.87284038768,2.60279571223,1.20718054826,map_000000189.png
-2.00392998014,2.74518593179,2.23922297059,-0.5,-0.0205351412296,-0.0,-1.87284038768,2.60279571223,1.20718054826,map_000000190.png
-1.97002989355,2.70570547454,2.23922207461,-0.5,-0.0205351412296,-0.0,-1.87284038768,2.60279571223,1.20718054826,map_000000191.png
-1.93615129516,2.66624652312,2.23922273423,-0.0508247613907,-0.0,-0.0,-1.87284038768,2.60279571223,1.20718054826,map_000000192.png
-1.90708842669,2.63236113377,2.23922195139,-0.0,-0.0,-0.640186786652,-1.87284038768,2.60279571223,1.20718054826,map_000000193.png
-1.90382389173,2.62822459131,2.23922270732,-0.0,-0.0,-0.640186786652,-1.87284038768,2.60279571223,1.20718054826,map_000000194.png
-1.90418354881,2.6277055268,2.17627114061,-0.0,-0.0,-0.72712635994,-1.87284038768,2.60279571223,1.20718054826,map_000000195.png
-1.90473219015,2.62733302946,2.10682028122,-0.0,-0.0,-1.0,-1.87284038768,2.60279571223,1.20718054826,map_000000196.png
-1.90547579014,2.62695831382,2.0163390263,-0.0,-0.0,-1.0,-1.87284038768,2.60279571223,1.20718054826,map_000000197.png
-1.9063739549,2.62658297899,1.9140631682,-0.0,-0.0,-1.0,-1.87284038768,2.60279571223,1.20718054826,map_000000198.png
-1.90729423221,2.62630017963,1.81573401834,-0.0,-0.0,-1.0,-1.87284038768,2.60279571223,1.20718054826,map_000000199.png
-1.90826596818,2.62609879121,1.7134673611,-0.0,-0.0,-1.0,-1.87284038768,2.60279571223,1.20718054826,map_000000200.png
-1.90924603943,2.62599722653,1.61119861506,-0.0,-0.0,-1.0,-1.87284038768,2.60279571223,1.20718054826,map_000000201.png
-1.9101966201,2.62600422612,1.51286361726,-0.0,-0.0,-1.0,-1.87284038768,2.60279571223,1.20718054826,map_000000202.png
-1.9101966201,2.62600422612,1.51286361726,-0.0,-0.0,-1.0,-1.87284038768,2.60279571223,1.20718054826,map_000000203.png
-1.91115289509,2.6261043533,1.4105819701,-0.0,-0.0,-1.0,-1.87284038768,2.60279571223,1.20718054826,map_000000204.png
-1.91210610912,2.62629777685,1.30830516261,-0.0,-0.0,-1.0,-1.87284038768,2.60279571223,1.20718054826,map_000000205.png
-1.91301679015,2.62658280441,1.20997134793,-0.0,-0.0,-1.0,-1.87284038768,2.60279571223,1.20718054826,map_000000206.png
-1.91391479833,2.62697109894,1.10769686833,-0.0,-0.0,-1.0,-1.87284038768,2.60279571223,1.20718054826,map_000000207.png
-1.91477552609,2.627460372,1.00542761347,-0.0,-0.0,-1.0,-1.87284038768,2.60279571223,1.20718054826,map_000000208.png
-1.91553078889,2.62798538518,0.907076717539,-0.0,-0.0,-1.0,-1.87284038768,2.60279571223,1.20718054826,map_000000209.png
-1.91627408689,2.62862493385,0.804803164113,-0.0,-0.0,-0.658497869968,-1.87284038768,2.60279571223,1.20718054826,map_000000210.png
-1.91684519442,2.62923516778,0.722704050004,-0.0,-0.0,-0.0,-1.87284038768,2.60279571223,1.20718054826,map_000000211.png
-1.91709504857,2.62951097538,0.683852496889,-0.0,-0.0,-0.0,-1.87284038768,2.60279571223,1.20718054826,map_000000212.png
-1.91708539056,2.62950136802,0.683846162018,-0.0,-0.0,-0.0,-1.87284038768,2.60279571223,1.20718054826,map_000000213.png
-1.91709496055,2.62951093784,0.683852492414,-0.0,-0.0,-0.0,-1.87284038768,2.60279571223,1.20718054826,map_000000214.png
-1.91710460371,2.62952058241,0.68385879302,-0.0,-0.0,-0.0,-1.87284038768,2.60279571223,1.20718054826,map_000000215.png
-1.91709243194,2.62950843166,0.683850876915,-0.0,-0.0,-0.0,-1.87284038768,2.60279571223,1.20718054826,map_000000216.png
-1.91709241654,2.6295084249,0.683850882499,-0.0,-0.0,-0.0,-1.87284038768,2.60279571223,1.20718054826,map_000000217.png
-1.91709493526,2.62951094169,0.683852515724,-0.0,-0.0,-0.0,-1.87284038768,2.60279571223,1.20718054826,map_000000218.png
-1.91708529446,2.62950132558,0.683846234052,-0.0,-0.0,0.510826468468,-1.87284038768,2.60279571223,1.20718054826,map_000000219.png
-1.91705835234,2.62946609777,0.68988034831,-0.0,-0.0,0.698439002037,-1.87284038768,2.60279571223,1.20718054826,map_000000220.png
-1.91673624536,2.62909357572,0.742125397266,-0.0,-0.0,0.698439002037,-1.87284038768,2.60279571223,1.20718054826,map_000000221.png
-1.91625496446,2.62860279822,0.812811997373,-0.0,-0.0,0.643505632877,-1.87284038768,2.60279571223,1.20718054826,map_000000222.png
-1.9157915286,2.62818958948,0.877169474059,-0.0,-0.0,0.643505632877,-1.87284038768,2.60279571223,1.20718054826,map_000000223.png
-1.91530400968,2.6278034246,0.942982957802,-0.0,-0.0,0.643505632877,-1.87284038768,2.60279571223,1.20718054826,map_000000224.png
-1.91477502371,2.62744939557,1.00878993451,-0.0,-0.0,-0.0,-1.87284038768,2.60279571223,1.20718054826,map_000000225.png
