-0.227786644997,3.40621399231,2.88476183976,-0.0,-0.0,-0.0,-0.303819843401,2.41461343939,0.108879880101,map_000000038.png
-0.227776737421,3.40620411683,2.88476516947,-0.0,-0.0,0.0761665701866,-0.303819843401,2.41461343939,0.108879880101,map_000000039.png
-0.227775825508,3.40625572681,2.88925558954,-0.0,-0.0,0.272934645414,-0.303819843401,2.41461343939,0.108879880101,map_000000040.png
-0.227738651984,3.40639924594,2.90478470503,-0.0,-0.0,0.721289694309,-0.303819843401,2.41461343939,0.108879880101,map_000000041.png
-0.227670943685,3.40671777636,2.94044913683,-0.0,-0.0,1.0,-0.303819843401,2.41461343939,0.108879880101,map_000000042.png
-0.227552746672,3.40740543023,3.01136787663,-0.0,-0.0,1.0,-0.303819843401,2.41461343939,0.108879880101,map_000000043.png
-0.227474049824,3.4083727617,3.11254249914,-0.0,-0.0,1.0,-0.303819843401,2.41461343939,0.108879880101,map_000000044.png
-0.227500556043,3.40928718526,-3.07229183033,-0.0,-0.0,1.0,-0.303819843401,2.41461343939,0.108879880101,map_000000045.png
-0.227604996662,3.41027232572,-2.97002542761,-0.0,-0.0,1.0,-0.303819843401,2.41461343939,0.108879880101,map_000000046.png
-0.227802554135,3.41120316557,-2.87169024832,-0.0,-0.0,1.0,-0.303819843401,2.41461343939,0.108879880101,map_000000047.png
-0.228089272329,3.41207328227,-2.77333835719,-0.0,-0.0,1.0,-0.303819843401,2.41461343939,0.108879880101,map_000000048.png
-0.228476735759,3.41297266391,-2.67106439482,-0.0,-0.0,1.0,-0.303819843401,2.41461343939,0.108879880101,map_000000049.png
-0.228949615648,3.41380741143,-2.57273240338,-0.0,-0.0,1.0,-0.303819843401,2.41461343939,0.108879880101,map_000000050.png
-0.22948930038,3.41456836707,-2.47438750362,-0.0,-0.0,1.0,-0.303819843401,2.41461343939,0.108879880101,map_000000051.png
-0.230129902516,3.41531084705,-2.37211391781,-0.0,-0.0,0.661816775799,-0.303819843401,2.41461343939,0.108879880101,map_000000052.png
-0.230753040157,3.4159038254,-2.28709823295,-0.0,-0.0,0.336985379457,-0.303819843401,2.41461343939,0.108879880101,map_000000053.png
-0.231197228165,3.41625289217,-2.2284107874,-0.0,-0.0,-0.0,-0.303819843401,2.41461343939,0.108879880101,map_000000054.png
-0.231453778144,3.41645947493,-2.19394951709,-0.0,-0.0,-0.0,-0.303819843401,2.41461343939,0.108879880101,map_000000055.png
-0.231462891547,3.41645031817,-2.19395004292,-0.0,-0.0,-0.0,-0.303819843401,2.41461343939,0.108879880101,map_000000056.png
-0.231450511575,3.4164627009,-2.19394910301,-0.0,-0.0,-0.0,-0.303819843401,2.41461343939,0.108879880101,map_000000057.png
-0.231453835838,3.41645940848,-2.19394942763,-0.0,-0.0,-0.0,-0.303819843401,2.41461343939,0.108879880101,map_000000058.png
-0.23144426715,3.41644981892,-2.19394333744,-0.0,-0.0,-0.0,-0.303819843401,2.41461343939,0.108879880101,map_000000059.png
-0.23145380823,3.41645932657,-2.19394959043,-0.0,-0.0,-0.0,-0.303819843401,2.41461343939,0.108879880101,map_000000060.png
-0.231453772508,3.41645939372,-2.19394942907,-0.0,-0.0,0.433042377234,-0.303819843401,2.41461343939,0.108879880101,map_000000061.png
-0.231462903878,3.41645023657,-2.19395021392,-0.0,-0.0,0.433042377234,-0.303819843401,2.41461343939,0.108879880101,map_000000062.png
-0.231723520892,3.41664443678,-2.15817236646,-0.0,-0.0,1.0,-0.303819843401,2.41461343939,0.108879880101,map_000000063.png
-0.232355706837,3.41702715967,-2.07990055446,-0.0,-0.0,1.0,-0.303819843401,2.41461343939,0.108879880101,map_000000064.png
-0.233182142336,3.41745230476,-1.98155440943,-0.0,-0.0,1.0,-0.303819843401,2.41461343939,0.108879880101,map_000000065.png
-0.234102676819,3.4177930262,-1.87928210041,-0.0,-0.0,0.0944776758552,-0.303819843401,2.41461343939,0.108879880101,map_000000066.png
-0.235005410236,3.41804280031,-1.78451828449,-0.0,-0.0,-0.0,-0.303819843401,2.41461343939,0.108879880101,map_000000067.png
-0.23509950234,3.41806975265,-1.77523208723,-0.0,-0.0,-0.0,-0.303819843401,2.41461343939,0.108879880101,map_000000068.png
-0.235106066585,3.41806325733,-1.77374145272,-0.0,-0.0,-0.0,-0.303819843401,2.41461343939,0.108879880101,map_000000069.png
-0.235115391934,3.41807261522,-1.77374640379,-0.0,-0.0,-0.0,-0.303819843401,2.41461343939,0.108879880101,map_000000070.png
-0.235115434843,3.41807264971,-1.77374636354,-0.0,-0.0,-0.0,-0.303819843401,2.41461343939,0.108879880101,map_000000071.png
-0.235106040825,3.41806322143,-1.77374150394,-0.0,-0.0,-0.0,-0.303819843401,2.41461343939,0.108879880101,map_000000072.png
-0.235115367658,3.41807257953,-1.77374629708,-0.0,-0.0,-0.0,-0.303819843401,2.41461343939,0.108879880101,map_000000073.png
-0.235115409726,3.41807261391,-1.77374634208,-0.0,-0.0,-0.0,-0.303819843401,2.41461343939,0.108879880101,map_000000074.png
-0.23510601651,3.41806318557,-1.77374137247,-0.0,-0.0,-0.0,-0.303819843401,2.41461343939,0.108879880101,map_000000075.png
-0.235115342427,3.41807254366,-1.77374629012,-0.0,-0.0,-0.0,-0.303819843401,2.41461343939,0.108879880101,map_000000076.png
-0.235115384716,3.41807257807,-1.77374631304,-0.0,-0.0,-0.0,-0.303819843401,2.41461343939,0.108879880101,map_000000077.png
-0.235105994682,3.41806314947,-1.77374089149,0.0489555038512,-0.0,-0.0,-0.303819843401,2.41461343939,0.108879880101,map_000000078.png
-0.235273138986,3.41730557259,-1.77374622454,0.207384720445,-0.0,-0.0,-0.303819843401,2.41461343939,0.108879880101,map_000000079.png
-0.236299023645,3.41232051269,-1.77374615363,0.40363779664,-0.0,-0.0,-0.303819843401,2.41461343939,0.108879880101,map_000000080.png
-0.240340458318,3.39262605721,-1.77374065245,0.40363779664,-0.0,-0.0,-0.303819843401,2.41461343939,0.108879880101,map_000000081.png
-0.247858793707,3.35614497436,-1.77374578483,0.5,-0.0,-0.0,-0.303819843401,2.41461343939,0.108879880101,map_000000082.png
-0.257156382199,3.31096337024,-1.77374517814,0.5,-0.0,-0.0,-0.303819843401,2.41461343939,0.108879880101,map_000000083.png
-0.267221237485,3.26199772193,-1.77373895919,0.5,-0.0,-0.0,-0.303819843401,2.41461343939,0.108879880101,map_000000084.png
-0.267221237485,3.26199772193,-1.77373895919,0.5,-0.0,-0.0,-0.303819843401,2.41461343939,0.108879880101,map_000000085.png
-0.287781867629,3.16213660156,-1.77374337436,0.5,-0.0,-0.0,-0.303819843401,2.41461343939,0.108879880101,map_000000086.png
-0.297846630685,3.11317093498,-1.77373755,0.5,-0.0,-0.0,-0.303819843401,2.41461343939,0.108879880101,map_000000087.png
-0.297846630685,3.11317093498,-1.77373755,0.5,-0.0,-0.0,-0.303819843401,2.41461343939,0.108879880101,map_000000088.png
-0.308333065684,3.06226534387,-1.77374228748,0.5,-0.0,-0.0,-0.303819843401,2.41461343939,0.108879880101,map_000000089.png
-0.318407081556,3.01330977725,-1.77374155371,0.5,-0.0,-0.0,-0.303819843401,2.41461343939,0.108879880101,map_000000090.png
-0.328471756654,2.96434409211,-1.77373556828,0.5,-0.0,-0.0,-0.303819843401,2.41461343939,0.108879880101,map_000000091.png
-0.338958100473,2.91343848264,-1.77374006991,0.5,-0.0,-0.0,-0.303819843401,2.41461343939,0.108879880101,map_000000092.png
-0.349032025019,2.86448289732,-1.7737397046,0.5,-0.0,-0.0,-0.303819843401,2.41461343939,0.108879880101,map_000000093.png
-0.359508827961,2.8135685351,-1.77373902147,0.5,-0.0,-0.0,-0.303819843401,2.41461343939,0.108879880101,map_000000094.png
-0.369582859937,2.76461156545,-1.7737384431,0.391811877489,-0.0,-0.0,-0.303819843401,2.41461343939,0.108879880101,map_000000095.png
-0.378261658595,2.72243545903,-1.77373796602,0.372890412807,-0.0,-0.0,-0.303819843401,2.41461343939,0.108879880101,map_000000096.png
-0.386303718377,2.68335286683,-1.77373742805,0.363448739052,-0.0,-0.0,-0.303819843401,2.41461343939,0.108879880101,map_000000097.png
-0.393771018287,2.64706355276,-1.77373710164,0.363448739052,-0.00870921928436,-0.0,-0.303819843401,2.41461343939,0.108879880101,map_000000098.png
-0.401127733961,2.61148487358,-1.77373657095,0.363448739052,-0.00870921928436,-0.0,-0.303819843401,2.41461343939,0.108879880101,map_000000099.png
-0.40963001618,2.57465780067,-1.77373608478,0.363448739052,-0.00870921928436,-0.0,-0.303819843401,2.41461343939,0.108879880101,map_000000100.png
-0.417805446858,2.53924653986,-1.77373570524,0.0513206869364,-0.0,-0.0,-0.303819843401,2.41461343939,0.108879880101,map_000000101.png
-0.421410288954,2.52328319356,-1.77373543331,-0.0,-0.0,-0.0,-0.303819843401,2.41461343939,0.108879880101,map_000000102.png
-0.421989257003,2.52046918616,-1.77373532454,-0.0,-0.0,-0.0,-0.303819843401,2.41461343939,0.108879880101,map_000000103.png
-0.421989227728,2.52046914012,-1.77373543102,-0.0,-0.0,-0.0,-0.303819843401,2.41461343939,0.108879880101,map_000000104.png
-0.421979908055,2.52045979196,-1.773730089,-0.0,-0.0,-0.0,-0.303819843401,2.41461343939,0.108879880101,map_000000105.png
-0.421989232106,2.52046915033,-1.77373528323,-0.0,-0.0,-0.0,-0.303819843401,2.41461343939,0.108879880101,map_000000106.png
-0.42198920391,2.52046910452,-1.77373509131,-0.0,-0.0,-0.0,-0.303819843401,2.41461343939,0.108879880101,map_000000107.png
-0.421979886152,2.52045975587,-1.77372961476,-0.0,-0.0,-0.0,-0.303819843401,2.41461343939,0.108879880101,map_000000108.png
-0.421989207347,2.5204691145,-1.77373522964,0.00165181432385,-0.0,-0.0,-0.303819843401,2.41461343939,0.108879880101,map_000000109.png
-0.421998497876,2.52042378155,-1.7737350389,0.212115079165,-0.0,-0.0,-0.303819843401,2.41461343939,0.108879880101,map_000000110.png
-0.422532653825,2.51777330136,-1.77373003149,0.398907423019,-0.0,-0.0,-0.303819843401,2.41461343939,0.108879880101,map_000000111.png
-0.426815530394,2.49701403377,-1.77373494451,0.398907423019,-0.0,-0.0,-0.303819843401,2.41461343939,0.108879880101,map_000000112.png
-0.434551493882,2.45941859701,-1.77373464229,0.22865229845,-0.0,-0.0,-0.303819843401,2.41461343939,0.108879880101,map_000000113.png
-0.44043082048,2.430791596,-1.77372876025,-0.0,-0.0,-0.0,-0.303819843401,2.41461343939,0.108879880101,map_000000114.png
-0.442651375346,2.42005474455,-1.77373374155,-0.0,-0.0,-0.0,-0.303819843401,2.41461343939,0.108879880101,map_000000115.png
-0.442651417706,2.42005477897,-1.77373375699,-0.0,-0.0,-0.0,-0.303819843401,2.41461343939,0.108879880101,map_000000116.png
-0.442642023114,2.42004535083,-1.77372900426,-0.0,-0.0,-0.0,-0.303819843401,2.41461343939,0.108879880101,map_000000117.png
-0.442651350111,2.42005470865,-1.7737337362,-0.0,-0.0,-0.0,-0.303819843401,2.41461343939,0.108879880101,map_000000118.png
-0.44265139269,2.42005474312,-1.77373372835,-0.0,-0.0,-0.0,-0.303819843401,2.41461343939,0.108879880101,map_000000119.png
-0.442642000857,2.42004531469,-1.77372857233,-0.0,-0.0,-0.0,-0.303819843401,2.41461343939,0.108879880101,map_000000120.png
-0.442651325351,2.42005467284,-1.77373368139,-0.0,-0.0,0.0853221192956,-0.303819843401,2.41461343939,0.108879880101,map_000000121.png
-0.442676599731,2.42005984043,-1.77104888753,-0.0,-0.0,0.81280708313,-0.303819843401,2.41461343939,0.108879880101,map_000000122.png
-0.442867517611,2.42009238961,-1.75121537703,-0.0,-0.0,1.0,-0.303819843401,2.41461343939,0.108879880101,map_000000123.png
-0.443622847294,2.42020463818,-1.67129184454,-0.0,-0.0,1.0,-0.303819843401,2.41461343939,0.108879880101,map_000000124.png
-0.444586902523,2.42025395447,-1.5704947385,-0.0,-0.0,1.0,-0.303819843401,2.41461343939,0.108879880101,map_000000125.png
-0.445510975283,2.42019430635,-1.4721503708,-0.0,-0.0,1.0,-0.303819843401,2.41461343939,0.108879880101,map_000000126.png
-0.446461437653,2.42007463238,-1.3738184913,-0.0,-0.0,1.0,-0.303819843401,2.41461343939,0.108879880101,map_000000127.png
-0.447400121099,2.41985011341,-1.27153835145,-0.0,-0.0,1.0,-0.303819843401,2.41461343939,0.108879880101,map_000000128.png
-0.448269323218,2.41953891292,-1.17318913981,-0.0,-0.0,1.0,-0.303819843401,2.41461343939,0.108879880101,map_000000129.png
-0.449156479642,2.41911051639,-1.07091810734,-0.0,-0.0,1.0,-0.303819843401,2.41461343939,0.108879880101,map_000000130.png
-0.449977118045,2.41861861266,-0.972584859753,-0.0,-0.0,1.0,-0.303819843401,2.41461343939,0.108879880101,map_000000131.png
-0.450721704873,2.41805824169,-0.87423957406,-0.0,-0.0,1.0,-0.303819843401,2.41461343939,0.108879880101,map_000000132.png
-0.451444983821,2.41739611963,-0.771965899152,-0.0,-0.0,1.0,-0.303819843401,2.41461343939,0.108879880101,map_000000133.png
-0.452086287638,2.41667693704,-0.673635591205,-0.0,-0.0,1.0,-0.303819843401,2.41461343939,0.108879880101,map_000000134.png
-0.452631257183,2.41592926516,-0.57528738223,-0.0,-0.0,1.0,-0.303819843401,2.41461343939,0.108879880101,map_000000135.png
-0.453117335843,2.41508241249,-0.473012078994,-0.0,-0.0,1.0,-0.303819843401,2.41461343939,0.108879880101,map_000000136.png
-0.453514780777,2.41420808286,-0.374681531965,-0.0,-0.0,1.0,-0.303819843401,2.41461343939,0.108879880101,map_000000137.png
-0.453817891988,2.41332886796,-0.276336437647,-0.0,-0.0,1.0,-0.303819843401,2.41461343939,0.108879880101,map_000000138.png
-0.454045153755,2.41237010729,-0.174066521108,-0.0,-0.0,1.0,-0.303819843401,2.41461343939,0.108879880101,map_000000139.png
-0.454177597649,2.41140255928,-0.0757451633071,-0.0,-0.0,0.112788781524,-0.303819843401,2.41461343939,0.108879880101,map_000000140.png
-0.454216576974,2.41058056969,0.00907233542482,-0.0,-0.0,0.112788781524,-0.303819843401,2.41461343939,0.108879880101,map_000000141.png
-0.454205987148,2.41048318545,0.0201671122868,-0.0,-0.0,-0.0,-0.303819843401,2.41461343939,0.108879880101,map_000000142.png
-0.454194994223,2.41036851463,0.0312536639255,-0.0,-0.0,-0.0,-0.303819843401,2.41461343939,0.108879880101,map_000000143.png
-0.454200760357,2.41035746402,0.0334767986229,-0.0,-0.0,-0.0,-0.303819843401,2.41461343939,0.108879880101,map_000000144.png
-0.454202677613,2.41035559402,0.0334758575713,-0.0,-0.0,-0.0,-0.303819843401,2.41461343939,0.108879880101,map_000000145.png
-0.45419334169,2.41034630912,0.0334711956447,-0.0,-0.0,-0.0,-0.303819843401,2.41461343939,0.108879880101,map_000000146.png
-0.454202613729,2.41035557561,0.0334759273741,-0.0,-0.0,-0.0,-0.303819843401,2.41461343939,0.108879880101,map_000000147.png
-0.454212508262,2.41034571035,0.0334714108136,-0.0,-0.0,-0.0,-0.303819843401,2.41461343939,0.108879880101,map_000000148.png
-0.454200705927,2.41035744555,0.0334767147071,-0.0,-0.0,-0.0,-0.303819843401,2.41461343939,0.108879880101,map_000000149.png
-0.454193297996,2.4103462911,0.0334715129686,-0.0,-0.0,-0.0,-0.303819843401,2.41461343939,0.108879880101,map_000000150.png
-0.454202582129,2.41035554264,0.0334758996994,-0.0,-0.0,0.863124489784,-0.303819843401,2.41461343939,0.108879880101,map_000000151.png
-0.454191925347,2.41001965162,0.0708312250985,-0.0,-0.0,0.876857817173,-0.303819843401,2.41461343939,0.108879880101,map_000000152.png
-0.45409414513,2.40918462405,0.156021330615,-0.0,-0.0,-0.0,-0.303819843401,2.41461343939,0.108879880101,map_000000153.png
-0.453945624928,2.40839832055,0.242261685437,-0.0,-0.0,-0.0,-0.303819843401,2.41461343939,0.108879880101,map_000000154.png
-0.453945624928,2.40839832055,0.242261685437,-0.0,-0.0,-0.0,-0.303819843401,2.41461343939,0.108879880101,map_000000155.png
-0.45392860407,2.40837337385,0.242248413812,-0.0,-0.0,-0.0,-0.303819843401,2.41461343939,0.108879880101,map_000000156.png
-0.453930397681,2.40837162208,0.242247829391,-0.0,-0.0,-0.0,-0.303819843401,2.41461343939,0.108879880101,map_000000157.png
-0.453920973066,2.40836224165,0.242242657944,-0.0,-0.0,-0.0,-0.303819843401,2.41461343939,0.108879880101,map_000000158.png
-0.453930336385,2.40837160405,0.242247982712,-0.0,-0.0,-0.0,-0.303819843401,2.41461343939,0.108879880101,map_000000159.png
-0.453940258395,2.40836170862,0.24224440874,-0.0,-0.0,-0.0,-0.303819843401,2.41461343939,0.108879880101,map_000000160.png
-0.45392855005,2.40837335644,0.24224845751,-0.0,-0.0,-0.0,-0.303819843401,2.41461343939,0.108879880101,map_000000161.png
-0.453920930067,2.40836222869,0.242242487855,-0.0,-0.0,-0.0,-0.303819843401,2.41461343939,0.108879880101,map_000000162.png
-0.453930305448,2.40837157409,0.242247877857,-0.0,-0.0,-0.0,-0.303819843401,2.41461343939,0.108879880101,map_000000163.png
-0.453940215414,2.40836169418,0.242244450375,-0.0,-0.0,-0.278733164072,-0.303819843401,2.41461343939,0.108879880101,map_000000164.png
-0.453958069398,2.4084926097,0.229090743382,-0.0,-0.0,-0.544091641903,-0.303819843401,2.41461343939,0.108879880101,map_000000165.png
-0.454027917211,2.40881019571,0.195420345536,-0.0,-0.0,-0.626453459263,-0.303819843401,2.41461343939,0.108879880101,map_000000166.png
-0.454117876616,2.40934280075,0.139129956324,-0.0,-0.0,-0.763710439205,-0.303819843401,2.41461343939,0.108879880101,map_000000167.png
-0.454180870177,2.40991871977,0.0775231092421,-0.0,-0.0,-0.763710439205,-0.303819843401,2.41461343939,0.108879880101,map_000000168.png
-0.454213649243,2.41063273512,0.00404899415,-0.0,-0.0,-0.763710439205,-0.303819843401,2.41461343939,0.108879880101,map_000000169.png
-0.454179387273,2.41136333903,-0.0740622171752,-0.0,-0.0,-0.0,-0.303819843401,2.41461343939,0.108879880101,map_000000170.png
-0.45414985917,2.41175790141,-0.113103352405,-0.0,-0.0,-0.0,-0.303819843401,2.41461343939,0.108879880101,map_000000171.png
-0.454159711859,2.41174806138,-0.113108463033,-0.0,-0.0,-0.0,-0.303819843401,2.41461343939,0.108879880101,map_000000172.png
-0.45414986662,2.411757902,-0.113103355667,-0.0,-0.0,-0.0,-0.303819843401,2.41461343939,0.108879880101,map_000000173.png
-0.454140588932,2.41174867253,-0.113107178186,-0.0,-0.0,-0.0,-0.303819843401,2.41461343939,0.108879880101,map_000000174.png
-0.454149800388,2.41175788467,-0.113103481248,-0.0,-0.0,-0.0,-0.303819843401,2.41461343939,0.108879880101,map_000000175.png
-0.454159666577,2.41174804458,-0.113108429767,-0.0,-0.0,-0.0,-0.303819843401,2.41461343939,0.108879880101,map_000000176.png
-0.45414779134,2.41175985228,-0.113102250806,-0.0,-0.0,-0.0,-0.303819843401,2.41461343939,0.108879880101,map_000000177.png
-0.454140544273,2.41174865447,-0.113107006918,-0.0,-0.0,-0.0,-0.303819843401,2.41461343939,0.108879880101,map_000000178.png
-0.454149768838,2.41175784792,-0.113103305279,-0.0,-0.0,0.158528402448,-0.303819843401,2.41461343939,0.108879880101,map_000000179.png
-0.454149744927,2.41175786198,-0.113103258879,-0.0,-0.0,0.158528402448,-0.303819843401,2.41461343939,0.108879880101,map_000000180.png
-0.454172948352,2.41161265648,-0.0987663638717,-0.0,-0.0,0.638966023922,-0.303819843401,2.41461343939,0.108879880101,map_000000181.png
-0.454200246303,2.41114647587,-0.0491590879617,-0.0,-0.0,0.474242389202,-0.303819843401,2.41461343939,0.108879880101,map_000000182.png
-0.45421213456,2.41063335018,0.0052534666326,-0.0,-0.0,-0.0,-0.303819843401,2.41461343939,0.108879880101,map_000000183.png
-0.454215788328,2.41031042518,0.0369554190311,-0.0,-0.0,-0.0,-0.303819843401,2.41461343939,0.108879880101,map_000000184.png
-0.454203979537,2.41032216052,0.0369608000504,-0.0,-0.0,-0.0,-0.303819843401,2.41461343939,0.108879880101,map_000000185.png
-0.454196567891,2.4103110075,0.0369555198252,-0.0,-0.0,-0.0,-0.303819843401,2.41461343939,0.108879880101,map_000000186.png
-0.454205853516,2.41032026072,0.0369599016142,-0.0,-0.0,-0.0,-0.303819843401,2.41461343939,0.108879880101,map_000000187.png
-0.454205830421,2.41032027317,0.0369600540367,-0.0,-0.0,-0.0,-0.303819843401,2.41461343939,0.108879880101,map_000000188.png
-0.454203935294,2.41032214474,0.0369608175954,-0.0,-0.0,-0.0,-0.303819843401,2.41461343939,0.108879880101,map_000000189.png
-0.454205850034,2.41032027618,0.0369599633668,-0.0,-0.0,-0.0,-0.303819843401,2.41461343939,0.108879880101,map_000000190.png
-0.454196513142,2.41031098804,0.0369555279312,-0.0,-0.0,-0.0,-0.303819843401,2.41461343939,0.108879880101,map_000000191.png
-0.454205786238,2.41032025873,0.0369599318126,-0.0,-0.0,-0.0,-0.303819843401,2.41461343939,0.108879880101,map_000000192.png
-0.454215681774,2.41031039207,0.0369554708858,-0.0,-0.0,-0.0,-0.303819843401,2.41461343939,0.108879880101,map_000000193.png
-0.454203880555,2.41032212426,0.0369609480619,-0.0,-0.0,-0.0,-0.303819843401,2.41461343939,0.108879880101,map_000000194.png
-0.454196468515,2.41031097359,0.0369553606753,-0.0,-0.0,-0.0,-0.303819843401,2.41461343939,0.108879880101,map_000000195.png
-0.454205754585,2.4103202248,0.0369600102897,-0.0,-0.0,-0.0,-0.303819843401,2.41461343939,0.108879880101,map_000000196.png
-0.454205731584,2.41032023933,0.0369599439755,0.0489555038512,-0.344489127398,-0.0,-0.303819843401,2.41461343939,0.108879880101,map_000000197.png
-0.454203836409,2.41032210953,0.0369608522875,0.0702230930328,-0.152947321534,-0.0,-0.303819843401,2.41461343939,0.108879880101,map_000000198.png
-0.448043517662,2.37609158007,0.0369588269175,0.0702230930328,-0.152947321534,-0.0,-0.303819843401,2.41461343939,0.108879880101,map_000000199.png
-0.440501159342,2.35586215394,0.0369579164121,-0.0,-0.0,-0.0,-0.303819843401,2.41461343939,0.108879880101,map_000000200.png
-0.437772609242,2.35045564211,0.036957776716,-0.0,-0.0,-0.0,-0.303819843401,2.41461343939,0.108879880101,map_000000201.png
-0.437782504818,2.35044577665,0.0369531919809,-0.0,-0.0,-0.0,-0.303819843401,2.41461343939,0.108879880101,map_000000202.png
-0.43777262883,2.35045564484,0.0369577165125,-0.0,-0.0,-0.0,-0.303819843401,2.41461343939,0.108879880101,map_000000203.png
-0.437763291787,2.35044635725,0.0369532049868,-0.0,-0.0,-0.0,-0.303819843401,2.41461343939,0.108879880101,map_000000204.png
-0.437772577634,2.35045560932,0.0369577361476,-0.0,-0.0,-0.0,-0.303819843401,2.41461343939,0.108879880101,map_000000205.png
-0.437782459918,2.35044576032,0.0369533327385,-0.0,-0.0,-0.0,-0.303819843401,2.41461343939,0.108879880101,map_000000206.png
-0.437770659399,2.35045749336,0.0369586531047,-0.0,-0.0,-0.0,-0.303819843401,2.41461343939,0.108879880101,map_000000207.png
-0.437772574175,2.35045562503,0.0369577716265,0.429654836655,-0.0,-0.0,-0.303819843401,2.41461343939,0.108879880101,map_000000208.png
-0.427472543893,2.35083642031,0.0369573615239,0.439115583897,-0.0,-0.0,-0.303819843401,2.41461343939,0.108879880101,map_000000209.png
-0.384556217847,2.35242315725,0.0369558210131,-0.0,-0.0,-0.0,-0.303819843401,2.41461343939,0.108879880101,map_000000210.png
