
-6.02599521032,6.14902693881,-2.4356451693,-0.0,-0.0,-0.0,-0.333737028756,1.60707110051,0.888071277683,map_000000046.png
-6.02599517348,6.14902689623,-2.43564512577,-0.438600569963,-0.0,-0.0,-0.333737028756,1.60707110051,0.888071277683,map_000000047.png
-6.02331645794,6.15129251517,-2.43563938347,-0.5,-0.0,-0.0,-0.333737028756,1.60707110051,0.888071277683,map_000000048.png
-5.98861935176,6.18087166979,-2.43564582517,-0.5,-0.0,-0.0,-0.333737028756,1.60707110051,0.888071277683,map_000000049.png
-5.94943824744,6.21427302557,-2.43565235165,-0.5,-0.0,-0.0,-0.333737028756,1.60707110051,0.888071277683,map_000000050.png
-5.91141448261,6.24670526664,-2.43566466733,-0.5,-0.0,-0.0,-0.333737028756,1.60707110051,0.888071277683,map_000000051.png
-5.87185928148,6.28042463411,-2.43567136192,-0.5,-0.0,-0.0,-0.333737028756,1.60707110051,0.888071277683,map_000000052.png
-5.83230385151,6.31414373275,-2.43567819158,-0.5,-0.0,-0.0,-0.333737028756,1.60707110051,0.888071277683,map_000000053.png
-5.79425970139,6.34655617065,-2.43567880387,-0.5,-0.0,-0.0,-0.333737028756,1.60707110051,0.888071277683,map_000000054.png
-5.75470382576,6.38027474689,-2.43568552903,-0.5,-0.0,-0.0,-0.333737028756,1.60707110051,0.888071277683,map_000000055.png
-5.71514772008,6.41399305337,-2.43569256975,-0.5,-0.0,-0.0,-0.333737028756,1.60707110051,0.888071277683,map_000000056.png
-5.67712265782,6.44642377217,-2.43570475717,-0.5,-0.0134395882487,-0.0,-0.333737028756,1.60707110051,0.888071277683,map_000000057.png
-5.63815871675,6.4808367804,-2.43571137388,-0.5,-0.0418218038976,-0.0,-0.333737028756,1.60707110051,0.888071277683,map_000000058.png
-5.60039168723,6.51665398129,-2.43571796492,-0.469347983599,-0.0418218038976,-0.0,-0.333737028756,1.60707110051,0.888071277683,map_000000059.png
-5.56449450609,6.55296452807,-2.43572444283,-0.351126909256,-0.365775793791,-0.0,-0.333737028756,1.60707110051,0.888071277683,map_000000060.png
-5.56449450609,6.55296452807,-2.43572444283,-0.273094892502,-0.474536120892,-0.0,-0.333737028756,1.60707110051,0.888071277683,map_000000061.png
-5.53498253244,6.59063989951,-2.43573026737,-0.273094892502,-0.474536120892,-0.0,-0.333737028756,1.60707110051,0.888071277683,map_000000062.png
-5.53197916893,6.64122334498,-2.43572808108,-0.273094892502,-0.474536120892,-0.0,-0.333737028756,1.60707110051,0.888071277683,map_000000063.png
-5.52886561458,6.69383997952,-2.43573136998,-0.273094892502,-0.483996868134,-0.0,-0.333737028756,1.60707110051,0.888071277683,map_000000064.png
-5.53873521901,6.75014679215,-2.43573384989,-0.0,-0.0,-0.0,-0.333737028756,1.60707110051,0.888071277683,map_000000065.png
-5.54256334178,6.76978589773,-2.43574023155,0.0371295809746,0.433908343315,-0.0,-0.333737028756,1.60707110051,0.888071277683,map_000000066.png
-5.53142721491,6.75420309601,-2.43574020919,0.0655117928982,0.5,-0.0,-0.333737028756,1.60707110051,0.888071277683,map_000000067.png
-5.50459486613,6.71572228727,-2.43573982657,0.0655117928982,0.5,-0.0,-0.333737028756,1.60707110051,0.888071277683,map_000000068.png
-5.47714905034,6.67342836057,-2.43573311097,0.0655117928982,0.5,-0.0,-0.333737028756,1.60707110051,0.888071277683,map_000000069.png
-5.4486155781,6.6294529236,-2.43573280188,0.0655117928982,0.5,-0.0,-0.333737028756,1.60707110051,0.888071277683,map_000000070.png
-5.42008209225,6.58547749637,-2.43573236248,0.0655117928982,0.5,-0.0,-0.333737028756,1.60707110051,0.888071277683,map_000000071.png
-5.39265583048,6.54320328485,-2.43573860802,0.0655117928982,0.5,-0.0,-0.333737028756,1.60707110051,0.888071277683,map_000000072.png
-5.36412231702,6.4992278753,-2.43573829677,0.0655117928982,0.5,-0.0,-0.333737028756,1.60707110051,0.888071277683,map_000000073.png
-5.33558879144,6.45525247339,-2.43573798252,0.0560510568321,0.5,-0.0,-0.333737028756,1.60707110051,0.888071277683,map_000000074.png
-5.30802774388,6.41305675344,-2.43573095115,-0.327475041151,0.346434682608,-0.0,-0.333737028756,1.60707110051,0.888071277683,map_000000075.png
-5.27874567587,6.36971936529,-2.43573109535,-0.410237431526,0.336973935366,-0.0,-0.333737028756,1.60707110051,0.888071277683,map_000000076.png
-5.22947567502,6.36439416056,-2.43573534987,-0.410237431526,0.336973935366,-0.0,-0.333737028756,1.60707110051,0.888071277683,map_000000077.png
-5.17733710868,6.36439523355,-2.43574625219,-0.410237431526,0.336973935366,-0.0,-0.333737028756,1.60707110051,0.888071277683,map_000000078.png
-5.12215709947,6.3653986718,-2.43575185597,-0.429139822721,0.28967025876,-0.0,-0.333737028756,1.60707110051,0.888071277683,map_000000079.png
-5.06775910305,6.36871729397,-2.43575770577,-0.429139822721,0.28967025876,-0.0,-0.333737028756,1.60707110051,0.888071277683,map_000000080.png
-5.01632068291,6.37449585139,-2.43575761594,-0.429139822721,0.28967025876,-0.0,-0.333737028756,1.60707110051,0.888071277683,map_000000081.png
-4.96283497785,6.3805152406,-2.43576380038,-0.396046340466,0.336973935366,-0.0,-0.333737028756,1.60707110051,0.888071277683,map_000000082.png
-4.90934923628,6.38653430521,-2.43576992612,-0.396046340466,0.336973935366,-0.0,-0.333737028756,1.60707110051,0.888071277683,map_000000083.png
-4.85742498273,6.38704670675,-2.43578111554,-0.242347478867,0.471751302481,-0.0,-0.333737028756,1.60707110051,0.888071277683,map_000000084.png
-4.80455568884,6.37825333719,-2.43578509924,-0.242347478867,0.471751302481,-0.0,-0.333737028756,1.60707110051,0.888071277683,map_000000085.png
-4.75299701989,6.36076617697,-2.43578796995,-0.242347478867,0.471751302481,-0.0,-0.333737028756,1.60707110051,0.888071277683,map_000000086.png
-4.70396340685,6.34058127268,-2.43578402703,-0.242347478867,0.471751302481,-0.0,-0.333737028756,1.60707110051,0.888071277683,map_000000087.png
-4.65297876471,6.31959902132,-2.43578620475,-0.27072969079,0.443369090557,-0.0,-0.333737028756,1.60707110051,0.888071277683,map_000000088.png
-4.60198140537,6.29877664007,-2.43578899905,-0.27072969079,0.443369090557,-0.0,-0.333737028756,1.60707110051,0.888071277683,map_000000089.png
-4.55264864894,6.28261028367,-2.43579761683,-0.27072969079,0.443369090557,-0.0,-0.333737028756,1.60707110051,0.888071277683,map_000000090.png
-4.50133235668,6.2657869875,-2.43580031973,-0.012981810607,0.5,-0.0,-0.333737028756,1.60707110051,0.888071277683,map_000000091.png
-4.46149103845,6.23382913101,-2.43580149271,-0.012981810607,0.5,-0.0,-0.333737028756,1.60707110051,0.888071277683,map_000000092.png
-4.42807609736,6.19662286722,-2.43579542161,-0.012981810607,0.5,-0.0,-0.333737028756,1.60707110051,0.888071277683,map_000000093.png
-4.39333478315,6.15793856036,-2.43579564677,-0.012981810607,0.5,-0.0,-0.333737028756,1.60707110051,0.888071277683,map_000000094.png
-4.35859348358,6.11925423741,-2.43579643303,-0.012981810607,0.5,-0.0,-0.333737028756,1.60707110051,0.888071277683,map_000000095.png
-4.32519822035,6.08206759126,-2.4358031047,-0.012981810607,0.5,-0.0,-0.333737028756,1.60707110051,0.888071277683,map_000000096.png
-4.29045695258,6.04338324247,-2.43580353659,-0.012981810607,0.5,-0.0,-0.333737028756,1.60707110051,0.888071277683,map_000000097.png
-4.255715702,6.0046988781,-2.43580391233,-0.012981810607,0.5,-0.0,-0.333737028756,1.60707110051,0.888071277683,map_000000098.png
-4.255715702,6.0046988781,-2.43580391233,-0.012981810607,0.5,-0.0,-0.333737028756,1.60707110051,0.888071277683,map_000000099.png
-4.2209744669,5.96601449919,-2.43580432387,-0.012981810607,0.5,-0.0,-0.333737028756,1.60707110051,0.888071277683,map_000000100.png
-4.18623324598,5.92733010657,-2.43580475255,-0.012981810607,0.5,-0.0,-0.333737028756,1.60707110051,0.888071277683,map_000000101.png
-4.15316691484,5.90363195705,-2.43573608335,-0.372394472361,0.370067447424,-0.0,-0.333737028756,1.60707110051,0.888071277683,map_000000102.png
-4.11476578792,5.90172912497,-2.43506482607,-0.419698178768,0.310956895351,-0.0,-0.333737028756,1.60707110051,0.888071277683,map_000000103.png
-4.06043428694,5.8973939959,-2.43502721261,-0.419698178768,0.310956895351,-0.0,-0.333737028756,1.60707110051,0.888071277683,map_000000104.png
-4.00833711875,5.90039305437,-2.43503870708,-0.438600569963,0.301496177912,-0.0,-0.333737028756,1.60707110051,0.888071277683,map_000000105.png
-3.95357299238,5.90553200867,-2.43504482086,-0.448061317205,0.29203543067,-0.0,-0.333737028756,1.60707110051,0.888071277683,map_000000106.png
-3.89848641598,5.91203984558,-2.43505116077,-0.448061317205,0.282574683428,-0.0,-0.333737028756,1.60707110051,0.888071277683,map_000000107.png
-3.84568101519,5.91916165938,-2.4350516358,-0.457522064447,0.282574683428,-0.0,-0.333737028756,1.60707110051,0.888071277683,map_000000108.png
-3.79106719821,5.92715495676,-2.43505800681,-0.457522064447,0.251846373081,-0.0,-0.333737028756,1.60707110051,0.888071277683,map_000000109.png
-3.7358203316,5.93568812073,-2.43506443293,-0.497730195522,0.150162518024,-0.0,-0.333737028756,1.60707110051,0.888071277683,map_000000110.png
-3.68470223813,5.94623847964,-2.43507704848,-0.497730195522,0.150162518024,-0.0,-0.333737028756,1.60707110051,0.888071277683,map_000000111.png
-3.6345038207,5.96588594309,-2.43508443963,-0.405507057905,0.0437673591077,-0.0,-0.333737028756,1.60707110051,0.888071277683,map_000000112.png
-3.59391990567,5.98894828366,-2.4350910638,-0.379490047693,0.0248458813876,-0.0,-0.333737028756,1.60707110051,0.888071277683,map_000000113.png
-3.56164995562,6.01181362568,-2.43509099674,-0.5,-0.0,-0.0,-0.333737028756,1.60707110051,0.888071277683,map_000000114.png
-3.52785230173,6.03817653586,-2.43509685299,-0.5,-0.0,-0.0,-0.333737028756,1.60707110051,0.888071277683,map_000000115.png
-3.48831604933,6.07191811836,-2.43510396438,-0.5,-0.0,-0.0,-0.333737028756,1.60707110051,0.888071277683,map_000000116.png
-3.45063751033,6.09493081186,-2.43488379024,-0.5,-0.0,-0.0,-0.333737028756,1.60707110051,0.888071277683,map_000000117.png
-3.41162959635,6.09613438099,-2.4354568402,-0.5,-0.0938367843628,-0.0,-0.333737028756,1.60707110051,0.888071277683,map_000000118.png
-3.37691832887,6.09641681417,-2.43637646957,-0.450426489115,-0.268822282553,-0.0,-0.333737028756,1.60707110051,0.888071277683,map_000000119.png
-3.35356382575,6.09448118987,-2.43718197921,-0.398411512375,-0.344489127398,-0.0,-0.333737028756,1.60707110051,0.888071277683,map_000000120.png
-3.33961725257,6.09450200012,-2.4385698426,-0.362933754921,-0.382312983274,-0.0,-0.333737028756,1.60707110051,0.888071277683,map_000000121.png
-3.33247924674,6.09451675164,-2.44012597006,-0.355838179588,-0.382312983274,-0.0,-0.333737028756,1.60707110051,0.888071277683,map_000000122.png
-3.32969788567,6.09456604731,-2.44234591572,-0.355838179588,-0.382312983274,-0.0,-0.333737028756,1.60707110051,0.888071277683,map_000000123.png
-3.32714577454,6.09464826558,-2.44482091263,-0.464617609978,-0.188425093889,-0.0,-0.333737028756,1.60707110051,0.888071277683,map_000000124.png
-3.3081972748,6.09459461073,-2.44591508692,-0.5,-0.0,-0.0,-0.333737028756,1.60707110051,0.888071277683,map_000000125.png
-3.27633294978,6.09587961754,-2.44653522536,-0.5,-0.0,-0.0,-0.333737028756,1.60707110051,0.888071277683,map_000000126.png
-3.23693606953,6.09589753756,-2.44725861763,-0.5,0.0272110663354,-0.0,-0.333737028756,1.60707110051,0.888071277683,map_000000127.png
-3.19707578981,6.09583005715,-2.44800439964,-0.5,0.0815912336111,-0.0,-0.333737028756,1.60707110051,0.888071277683,map_000000128.png
-3.15716959949,6.09464972462,-2.44891892174,-0.5,0.124164558947,-0.0,-0.333737028756,1.60707110051,0.888071277683,map_000000129.png
-3.11018318414,6.09921030442,-2.4496841012,-0.5,0.124164558947,-0.0,-0.333737028756,1.60707110051,0.888071277683,map_000000130.png
-3.06034273323,6.11580235352,-2.45015939221,-0.5,0.131241038442,-0.0,-0.333737028756,1.60707110051,0.888071277683,map_000000131.png
-3.01373396264,6.13769667633,-2.45001648659,-0.202139347792,0.19510102272,-0.0,-0.333737028756,1.60707110051,0.888071277683,map_000000132.png
-2.97480609724,6.14790548406,-2.45002115168,0.264130055904,0.221098974347,-0.0,-0.333737028756,1.60707110051,0.888071277683,map_000000133.png
-2.95665337381,6.13554224404,-2.45002937651,0.5,-0.0,-0.0,-0.333737028756,1.60707110051,0.888071277683,map_000000134.png
-2.96830591045,6.10064362674,-2.45002913641,0.5,-0.188425093889,-0.0,-0.333737028756,1.60707110051,0.888071277683,map_000000135.png
-3.00834047611,6.0674967501,-2.45002810339,0.5,-0.188425093889,-0.0,-0.333737028756,1.60707110051,0.888071277683,map_000000136.png
-3.00834047611,6.0674967501,-2.45002810339,0.5,-0.188425093889,-0.0,-0.333737028756,1.60707110051,0.888071277683,map_000000137.png
-3.0588603759,6.0501195777,-2.45002536678,0.5,-0.188425093889,-0.0,-0.333737028756,1.60707110051,0.888071277683,map_000000138.png
-3.11137393114,6.03205461464,-2.45001667681,0.5,-0.188425093889,-0.0,-0.333737028756,1.60707110051,0.888071277683,map_000000139.png
-3.16391433976,6.01400191934,-2.45002157398,0.5,-0.188425093889,-0.0,-0.333737028756,1.60707110051,0.888071277683,map_000000140.png
-3.21442351859,5.99663464984,-2.45001954645,0.5,-0.188425093889,-0.0,-0.333737028756,1.60707110051,0.888071277683,map_000000141.png
-3.2669505566,5.97857552684,-2.4500178391,0.5,-0.188425093889,-0.0,-0.333737028756,1.60707110051,0.888071277683,map_000000142.png
-3.31948358618,5.96050990298,-2.45001547801,0.5,-0.188425093889,-0.0,-0.333737028756,1.60707110051,0.888071277683,map_000000143.png
-3.36998364769,5.9431323406,-2.45000650874,0.5,-0.188425093889,-0.0,-0.333737028756,1.60707110051,0.888071277683,map_000000144.png
-3.42252387305,5.92507910848,-2.45001136805,0.5,-0.188425093889,-0.0,-0.333737028756,1.60707110051,0.888071277683,map_000000145.png
-3.47506248457,5.90700745333,-2.45000866486,0.5,-0.188425093889,-0.0,-0.333737028756,1.60707110051,0.888071277683,map_000000146.png
-3.52555972581,5.88965166257,-2.45000765844,0.0347643978894,-0.36104542017,-0.0,-0.333737028756,1.60707110051,0.888071277683,map_000000147.png
-3.5691592379,5.88704718064,-2.45000545427,-0.0,-0.379947811365,-0.0,-0.333737028756,1.60707110051,0.888071277683,map_000000148.png
-3.59564546456,5.91423986398,-2.45000395298,-0.0,-0.0,-0.0,-0.333737028756,1.60707110051,0.888071277683,map_000000149.png
-3.6198682694,5.94349395889,-2.45000279947,-0.0,-0.0,-0.0,-0.333737028756,1.60707110051,0.888071277683,map_000000150.png
-3.62084600586,5.94465473319,-2.4500023229,-0.0,-0.0,-0.0,-0.333737028756,1.60707110051,0.888071277683,map_000000151.png
-3.62084355249,5.94465717862,-2.45000234769,-0.0,-0.0,-0.0,-0.333737028756,1.60707110051,0.888071277683,map_000000152.png
-3.62083694886,5.94466381259,-2.45000270642,-0.0,-0.0,-0.0,-0.333737028756,1.60707110051,0.888071277683,map_000000153.png
-3.62083691812,5.94466377335,-2.45000266669,-0.0,-0.0,-0.0,-0.333737028756,1.60707110051,0.888071277683,map_000000154.png
-3.62083688607,5.94466381148,-2.45000269113,-0.0,-0.0,-0.0,-0.333737028756,1.60707110051,0.888071277683,map_000000155.png
-3.62084601997,5.94465466818,-2.45000231032,-0.0,-0.0,-0.0,-0.333737028756,1.60707110051,0.888071277683,map_000000156.png
-3.62084356637,5.94465711336,-2.45000236884,-0.0,-0.0,-0.0,-0.333737028756,1.60707110051,0.888071277683,map_000000157.png
-3.62082727343,5.94465407269,-2.44999650245,-0.0,-0.0,-0.0,-0.333737028756,1.60707110051,0.888071277683,map_000000158.png
-3.62083693237,5.94466370851,-2.45000263142,-0.0,-0.0,-0.0,-0.333737028756,1.60707110051,0.888071277683,map_000000159.png
-3.62083690034,5.94466374666,-2.45000265022,-0.0,-0.0,-0.0,-0.333737028756,1.60707110051,0.888071277683,map_000000160.png
-3.62083364176,5.94466698923,-2.45000283034,-0.0,-0.0,-0.0,-0.333737028756,1.60707110051,0.888071277683,map_000000161.png
-3.62084358071,5.94465704864,-2.45000231891,0.162446215749,0.339339107275,-0.0,-0.333737028756,1.60707110051,0.888071277683,map_000000162.png
-3.62082728829,5.94465400873,-2.44999625737,0.223921939731,0.5,-0.0,-0.333737028756,1.60707110051,0.888071277683,map_000000163.png
-3.61134562264,5.90672055207,-2.45000382578,0.223921939731,0.5,-0.0,-0.333737028756,1.60707110051,0.888071277683,map_000000164.png
-3.59759187174,5.85655492374,-2.45000459948,0.223921939731,0.5,-0.0,-0.333737028756,1.60707110051,0.888071277683,map_000000165.png
-3.5823678564,5.80167456788,-2.45000592033,0.223921939731,0.5,-0.0,-0.333737028756,1.60707110051,0.888071277683,map_000000166.png
-3.5671507354,5.7467882849,-2.45000734911,0.223921939731,0.5,-0.0,-0.333737028756,1.60707110051,0.888071277683,map_000000167.png
-3.55250591588,5.69400599352,-2.45000176972,0.223921939731,0.5,-0.0,-0.333737028756,1.60707110051,0.888071277683,map_000000168.png
-3.53729491626,5.63913156455,-2.45000974798,0.223921939731,0.5,-0.0,-0.333737028756,1.60707110051,0.888071277683,map_000000169.png
-3.52208371969,5.58423948702,-2.45001098157,0.223921939731,0.5,-0.0,-0.333737028756,1.60707110051,0.888071277683,map_000000170.png
-3.50743636012,5.53147918891,-2.45001201245,0.223921939731,0.5,-0.0,-0.333737028756,1.60707110051,0.888071277683,map_000000171.png
-3.49221957513,5.47659281094,-2.45001345506,0.223921939731,0.5,-0.0,-0.333737028756,1.60707110051,0.888071277683,map_000000172.png
-3.47699936511,5.42170936222,-2.45001463435,0.223921939731,0.5,-0.0,-0.333737028756,1.60707110051,0.888071277683,map_000000173.png
-3.47699936511,5.42170936222,-2.45001463435,0.223921939731,0.5,-0.0,-0.333737028756,1.60707110051,0.888071277683,map_000000174.png
-3.46177914438,5.36682563003,-2.45001574652,0.223921939731,0.5,-0.0,-0.333737028756,1.60707110051,0.888071277683,map_000000175.png
-3.44655574153,5.3119451061,-2.45001701303,0.223921939731,0.5,-0.0,-0.333737028756,1.60707110051,0.888071277683,map_000000176.png
-3.43193103147,5.25916239382,-2.45001809707,0.223921939731,0.5,-0.0,-0.333737028756,1.60707110051,0.888071277683,map_000000177.png
-3.41669499782,5.20427619603,-2.45001294283,0.223921939731,0.5,-0.0,-0.333737028756,1.60707110051,0.888071277683,map_000000178.png
-3.40148460859,5.14940159703,-2.45002095446,0.223921939731,0.5,-0.0,-0.333737028756,1.60707110051,0.888071277683,map_000000179.png
-3.38685031882,5.09662951008,-2.45002187336,0.223921939731,0.5,-0.0,-0.333737028756,1.60707110051,0.888071277683,map_000000180.png
-3.37162725191,5.04174889294,-2.4500232012,0.223921939731,0.5,-0.0,-0.333737028756,1.60707110051,0.888071277683,map_000000181.png
-3.35641107497,4.98686234668,-2.4500246242,0.223921939731,0.5,-0.0,-0.333737028756,1.60707110051,0.888071277683,map_000000182.png
-3.34176716746,4.93407980109,-2.4500190348,0.223921939731,0.5,-0.0,-0.333737028756,1.60707110051,0.888071277683,map_000000183.png
-3.32655711652,4.87920510803,-2.45002701538,0.223921939731,0.5,-0.0,-0.333737028756,1.60707110051,0.888071277683,map_000000184.png
-3.31134686882,4.82431277176,-2.45002800019,0.223921939731,0.5,-0.0,-0.333737028756,1.60707110051,0.888071277683,map_000000185.png
-3.29670041784,4.77155222111,-2.45002928695,0.223921939731,0.5,-0.0,-0.333737028756,1.60707110051,0.888071277683,map_000000186.png
-3.28148458055,4.71666558123,-2.45003072997,0.223921939731,0.5,-0.0,-0.333737028756,1.60707110051,0.888071277683,map_000000187.png
-3.2662653192,4.66178186828,-2.45003189929,0.223921939731,0.5,-0.0,-0.333737028756,1.60707110051,0.888071277683,map_000000188.png
-3.2516312805,4.60900815979,-2.45003323349,0.223921939731,0.5,-0.0,-0.333737028756,1.60707110051,0.888071277683,map_000000189.png
-3.23642137252,4.55411572939,-2.45003390448,0.223921939731,0.5,-0.0,-0.333737028756,1.60707110051,0.888071277683,map_000000190.png
-3.22119979075,4.4992341195,-2.45003537123,0.223921939731,0.5,-0.0,-0.333737028756,1.60707110051,0.888071277683,map_000000191.png
-3.2065597443,4.44646835459,-2.45003687503,0.223921939731,0.5,-0.0,-0.333737028756,1.60707110051,0.888071277683,map_000000192.png
-3.1913408187,4.39158454893,-2.45003804243,0.214480265975,0.5,-0.0,-0.333737028756,1.60707110051,0.888071277683,map_000000193.png
-3.17574386064,4.33701344282,-2.450039155,0.214480265975,0.5,-0.0,-0.333737028756,1.60707110051,0.888071277683,map_000000194.png
-3.16039253557,4.28483310694,-2.45004051783,0.183732867241,0.5,-0.0,-0.333737028756,1.60707110051,0.888071277683,map_000000195.png
-3.14403646281,4.23089099011,-2.45004148011,0.141178622842,0.5,-0.0,-0.333737028756,1.60707110051,0.888071277683,map_000000196.png
-3.12558354753,4.17866891201,-2.45003644491,0.0536858737469,0.5,-0.0,-0.333737028756,1.60707110051,0.888071277683,map_000000197.png
-3.10472012856,4.13107197272,-2.4500446029,0.0536858737469,0.5,-0.0,-0.333737028756,1.60707110051,0.888071277683,map_000000198.png
-3.07748639911,4.08613563501,-2.45004611729,-0.0,0.5,-0.0,-0.333737028756,1.60707110051,0.888071277683,map_000000199.png
-3.04598717807,4.04473141217,-2.45004786711,-0.0,0.5,-0.0,-0.333737028756,1.60707110051,0.888071277683,map_000000200.png
-3.01412279762,4.00622294473,-2.45004970506,-0.0,0.5,-0.0,-0.333737028756,1.60707110051,0.888071277683,map_000000201.png
-2.98095766119,3.96618180523,-2.45004513017,-0.0,0.5,-0.0,-0.333737028756,1.60707110051,0.888071277683,map_000000202.png
-2.94781787239,3.9261524706,-2.45005360728,-0.0,0.5,-0.0,-0.333737028756,1.60707110051,0.888071277683,map_000000203.png
-2.91594414172,3.88765432888,-2.45005521833,-0.0,0.5,-0.0,-0.333737028756,1.60707110051,0.888071277683,map_000000204.png
-2.88279181424,3.84761877911,-2.45005703935,-0.0,0.5,-0.0,-0.333737028756,1.60707110051,0.888071277683,map_000000205.png
-2.84964656558,3.80757711257,-2.4500591014,-0.0,0.5,-0.0,-0.333737028756,1.60707110051,0.888071277683,map_000000206.png
-2.817763015,3.76906857737,-2.4500542773,-0.0,0.5,-0.0,-0.333737028756,1.60707110051,0.888071277683,map_000000207.png
-2.78462359221,3.72903894066,-2.45006266209,-0.0,0.5,-0.0,-0.333737028756,1.60707110051,0.888071277683,map_000000208.png
-2.75148431749,3.68899132442,-2.45006456731,-0.0,0.5,-0.0,-0.333737028756,1.60707110051,0.888071277683,map_000000209.png
-2.71833316583,3.64895467036,-2.45006618655,-0.0,0.5,-0.0,-0.333737028756,1.60707110051,0.888071277683,map_000000210.png
-2.71833316583,3.64895467036,-2.45006618655,-0.0,0.5,-0.0,-0.333737028756,1.60707110051,0.888071277683,map_000000211.png
-2.6851686921,3.60891298028,-2.45006174019,-0.0,0.5,-0.0,-0.333737028756,1.60707110051,0.888071277683,map_000000212.png
-2.65330498275,3.57042367384,-2.45007012337,-0.0,0.5,-0.0,-0.333737028756,1.60707110051,0.888071277683,map_000000213.png
-2.62015647396,3.53038442777,-2.45007177612,-0.0,0.5,-0.0,-0.333737028756,1.60707110051,0.888071277683,map_000000214.png
-2.58700480872,3.49034832894,-2.45007359187,-0.0,0.5,-0.0,-0.333737028756,1.60707110051,0.888071277683,map_000000215.png
-2.55514141821,3.45183904017,-2.45007555288,-0.0,0.5,-0.0,-0.333737028756,1.60707110051,0.888071277683,map_000000216.png
-2.52197731279,3.41179704791,-2.45007086187,-0.0,0.5,-0.0,-0.333737028756,1.60707110051,0.888071277683,map_000000217.png
-2.48883855408,3.37176686109,-2.45007943536,-0.0,0.5,-0.0,-0.333737028756,1.60707110051,0.888071277683,map_000000218.png
-2.45696581406,3.33326790004,-2.45008092212,-0.0,0.5,-0.0,-0.333737028756,1.60707110051,0.888071277683,map_000000219.png
-2.42381451531,3.29323149702,-2.450082764,-0.0,0.5,-0.0,-0.333737028756,1.60707110051,0.888071277683,map_000000220.png
-2.39067029743,3.25318897813,-2.45008480477,-0.0,0.5,-0.0,-0.333737028756,1.60707110051,0.888071277683,map_000000221.png
-2.35878773643,3.2146796231,-2.45008000885,-0.0,0.5,-0.0,-0.333737028756,1.60707110051,0.888071277683,map_000000222.png
-2.32564934312,3.17464913408,-2.45008849,-0.0,0.5,-0.0,-0.333737028756,1.60707110051,0.888071277683,map_000000223.png
-2.29251109723,3.13460066381,-2.45009052523,-0.0,0.5,-0.0,-0.333737028756,1.60707110051,0.888071277683,map_000000224.png
-2.26062602225,3.09611317519,-2.45009193362,-0.0,0.5,-0.0,-0.333737028756,1.60707110051,0.888071277683,map_000000225.png
-2.22748216952,3.05607035394,-2.4500939504,-0.0,0.5,-0.0,-0.333737028756,1.60707110051,0.888071277683,map_000000226.png
-2.1943348112,3.01603049248,-2.45009585437,-0.0,0.5,-0.0,-0.333737028756,1.60707110051,0.888071277683,map_000000227.png
-2.16246193278,2.97752991515,-2.4500977281,-0.0,0.5,-0.0,-0.333737028756,1.60707110051,0.888071277683,map_000000228.png
-2.12932405651,2.93748114458,-2.45009923516,-0.0,0.5,-0.0,-0.333737028756,1.60707110051,0.888071277683,map_000000229.png
-2.09617429684,2.8974433332,-2.45010127701,-0.0,0.5,-0.0,-0.333737028756,1.60707110051,0.888071277683,map_000000230.png
-2.06429584533,2.85895023636,-2.45010308598,-0.0,0.5,-0.0,-0.333737028756,1.60707110051,0.888071277683,map_000000231.png
-2.03114885505,2.81891007016,-2.45010497892,-0.0,0.5,-0.0,-0.333737028756,1.60707110051,0.888071277683,map_000000232.png
-1.99800174227,2.77886966755,-2.45010665414,-0.0,0.5,-0.0,-0.333737028756,1.60707110051,0.888071277683,map_000000233.png
-1.96613881655,2.74036012662,-2.45010860233,-0.0,0.5,-0.0,-0.333737028756,1.60707110051,0.888071277683,map_000000234.png
-1.93298942786,2.70032201321,-2.45011023114,-0.0,0.5,-0.0,-0.333737028756,1.60707110051,0.888071277683,map_000000235.png
-1.8998267155,2.66027886421,-2.45010586943,-0.0,0.5,-0.0,-0.333737028756,1.60707110051,0.888071277683,map_000000236.png
-1.86796470136,2.6217881555,-2.45011412829,-0.0,0.5,-0.0,-0.333737028756,1.60707110051,0.888071277683,map_000000237.png
-1.83481795697,2.58174744863,-2.45011579157,-0.0,0.5,-0.0,-0.333737028756,1.60707110051,0.888071277683,map_000000238.png
-1.80166805423,2.54170989008,-2.45011767409,-0.0,0.5,-0.0,-0.333737028756,1.60707110051,0.888071277683,map_000000239.png
-1.76980635852,2.50319920042,-2.45011946008,-0.0,0.5,-0.0,-0.333737028756,1.60707110051,0.888071277683,map_000000240.png
-1.73664401413,2.46315574801,-2.45011497215,-0.0,0.5,-0.0,-0.333737028756,1.60707110051,0.888071277683,map_000000241.png
-1.70350701757,2.42312410312,-2.45012345854,-0.0,0.5,-0.0,-0.333737028756,1.60707110051,0.888071277683,map_000000242.png
-1.67163597295,2.38462373891,-2.45012494849,-0.0460943952203,0.5,-0.0,-0.333737028756,1.60707110051,0.888071277683,map_000000243.png
-1.63848643703,2.34458587711,-2.4501267704,-0.0460943952203,0.5,-0.0,-0.333737028756,1.60707110051,0.888071277683,map_000000244.png
-1.60236257268,2.30700991587,-2.45012889269,-0.0460943952203,0.5,-0.0,-0.333737028756,1.60707110051,0.888071277683,map_000000245.png
-1.56693234359,2.27143731728,-2.45012442249,-0.0460943952203,0.5,-0.0,-0.333737028756,1.60707110051,0.888071277683,map_000000246.png
-1.5301043435,2.23446107125,-2.4501329525,-0.0555360578001,0.5,-0.0,-0.333737028756,1.60707110051,0.888071277683,map_000000247.png
-1.4931020789,2.19761121007,-2.45013481135,-0.128837704659,0.5,-0.0,-0.333737028756,1.60707110051,0.888071277683,map_000000248.png
-1.4931020789,2.19761121007,-2.45013481135,-0.128837704659,0.5,-0.0,-0.333737028756,1.60707110051,0.888071277683,map_000000249.png
-1.45482889896,2.16181451391,-2.45013644333,-0.128837704659,0.5,-0.0,-0.333737028756,1.60707110051,0.888071277683,map_000000250.png
-1.41134965315,2.13031124599,-2.45013271352,-0.128837704659,0.5,-0.0,-0.333737028756,1.60707110051,0.888071277683,map_000000251.png
-1.36956786981,2.10003194803,-2.45014122002,-0.147759184241,0.5,-0.0,-0.333737028756,1.60707110051,0.888071277683,map_000000252.png
-1.32499714355,2.06944776597,-2.4501432317,-0.173776209354,0.5,-0.0,-0.333737028756,1.60707110051,0.888071277683,map_000000253.png
-1.27881327401,2.04019939061,-2.45014552942,-0.173776209354,0.5,-0.0,-0.333737028756,1.60707110051,0.888071277683,map_000000254.png
-1.23357133085,2.01276447904,-2.45014762953,-0.216330453753,0.5,-0.0,-0.333737028756,1.60707110051,0.888071277683,map_000000255.png
-1.18583827362,1.98478217927,-2.45014407696,-0.216330453753,0.5,-0.0,-0.333737028756,1.60707110051,0.888071277683,map_000000256.png
-1.13537775526,1.95909030721,-2.45015291686,-0.216330453753,0.5,-0.0,-0.333737028756,1.60707110051,0.888071277683,map_000000257.png
-1.08684981809,1.93437783206,-2.45015494976,-0.216330453753,0.5,-0.0,-0.333737028756,1.60707110051,0.888071277683,map_000000258.png
-1.03637686075,1.90867951263,-2.45015731987,-0.216330453753,0.5,-0.0,-0.333737028756,1.60707110051,0.888071277683,map_000000259.png
-0.985911147575,1.88297487443,-2.45015994165,-0.216330453753,0.5,-0.0,-0.333737028756,1.60707110051,0.888071277683,map_000000260.png
-0.937373141576,1.85825200713,-2.45015610251,-0.225791186094,0.5,-0.0,-0.333737028756,1.60707110051,0.888071277683,map_000000261.png
-0.886767225864,1.83268013384,-2.45016497122,-0.225791186094,0.5,-0.0,-0.333737028756,1.60707110051,0.888071277683,map_000000262.png
-0.835549833124,1.80759647021,-2.45016704713,-0.225791186094,0.5,-0.0,-0.333737028756,1.60707110051,0.888071277683,map_000000263.png
-0.786280768307,1.78349830049,-2.45016945107,-0.225791186094,0.5,-0.0,-0.333737028756,1.60707110051,0.888071277683,map_000000264.png
-0.73505771055,1.75842018641,-2.45017206362,-0.225791186094,0.5,-0.0,-0.333737028756,1.60707110051,0.888071277683,map_000000265.png
-0.683831046061,1.73334504274,-2.45017468158,-0.225791186094,0.5,-0.0,-0.333737028756,1.60707110051,0.888071277683,map_000000266.png
-0.634573913725,1.70923379422,-2.45017705916,-0.225791186094,0.5,-0.0,-0.333737028756,1.60707110051,0.888071277683,map_000000267.png
-0.583356824555,1.68414950605,-2.45017943778,-0.225791186094,0.5,-0.0,-0.333737028756,1.60707110051,0.888071277683,map_000000268.png
-0.532127625302,1.65907629584,-2.4501816149,-0.225791186094,0.5,-0.0,-0.333737028756,1.60707110051,0.888071277683,map_000000269.png
-0.482865302525,1.63497199897,-2.45018425373,-0.225791186094,0.5,-0.0,-0.333737028756,1.60707110051,0.888071277683,map_000000270.png
-0.431638942674,1.60989623162,-2.45018686413,-0.225791186094,0.5,-0.0,-0.333737028756,1.60707110051,0.888071277683,map_000000271.png
-0.380412336953,1.5848202491,-2.45018910854,-0.225791186094,0.5,-0.0,-0.333737028756,1.60707110051,0.888071277683,map_000000272.png
-0.331165323113,1.56069947442,-2.45019118531,-0.14302881062,0.5,-0.0,-0.333737028756,1.60707110051,0.888071277683,map_000000273.png
-0.282485730085,1.53351560411,-2.45019364341,-0.0,0.147797331214,-0.0,-0.333737028756,1.60707110051,0.888071277683,map_000000274.png
-0.245902382556,1.507271644,-2.45018939842,-0.0,-0.0,-0.0,-0.333737028756,1.60707110051,0.888071277683,map_000000275.png
-0.236868660511,1.49635520655,-2.45019630662,-0.0,-0.0,-0.0,-0.333737028756,1.60707110051,0.888071277683,map_000000276.png
-0.236868628439,1.49635524464,-2.4501963354,-0.0,-0.0,-0.0,-0.333737028756,1.60707110051,0.888071277683,map_000000277.png
-0.236865369805,1.49635848711,-2.45019652491,-0.0,-0.0,-0.0728476792574,-0.333737028756,1.60707110051,0.888071277683,map_000000278.png
-0.236838939305,1.49631914629,-2.45506731404,-0.0,-0.0,-1.0,-0.333737028756,1.60707110051,0.888071277683,map_000000279.png
-0.236526223928,1.49592168437,-2.50993792272,-0.0,-0.0,-1.0,-0.333737028756,1.60707110051,0.888071277683,map_000000280.png
-0.235984609584,1.49510368978,-2.61221121149,-0.0,-0.0,-1.0,-0.333737028756,1.60707110051,0.888071277683,map_000000281.png
-0.23556506348,1.49428621607,-2.71056213203,-0.0,-0.0,-1.0,-0.333737028756,1.60707110051,0.888071277683,map_000000282.png
-0.235193609887,1.49337316912,-2.81283225076,-0.0,-0.0,-1.0,-0.333737028756,1.60707110051,0.888071277683,map_000000283.png
-0.234925067159,1.49243589886,-2.91510716718,-0.0,-0.0,-1.0,-0.333737028756,1.60707110051,0.888071277683,map_000000284.png
-0.234737037148,1.49145854051,-3.01737241718,-0.0,-0.0,-1.0,-0.333737028756,1.60707110051,0.888071277683,map_000000285.png
-0.234737037148,1.49145854051,-3.01737241718,-0.0,-0.0,-1.0,-0.333737028756,1.60707110051,0.888071277683,map_000000286.png
-0.234654335829,1.49048207908,-3.11964197937,-0.0,-0.0,-1.0,-0.333737028756,1.60707110051,0.888071277683,map_000000287.png
-0.234675507271,1.48951511161,3.0652169466,-0.0,-0.0,-1.0,-0.333737028756,1.60707110051,0.888071277683,map_000000288.png
-0.23480074049,1.48853838878,2.96294696274,-0.0,-0.0,-1.0,-0.333737028756,1.60707110051,0.888071277683,map_000000289.png
-0.235010438497,1.48759281712,2.86066829385,-0.0,-0.0,-1.0,-0.333737028756,1.60707110051,0.888071277683,map_000000290.png
-0.235299876845,1.48672357666,2.76231621576,-0.0,-0.0,-1.0,-0.333737028756,1.60707110051,0.888071277683,map_000000291.png
-0.235713712205,1.48582769398,2.66004574559,-0.0,-0.0,-1.0,-0.333737028756,1.60707110051,0.888071277683,map_000000292.png
-0.236201462007,1.48498084397,2.55777046628,-0.0,-0.0,-1.0,-0.333737028756,1.60707110051,0.888071277683,map_000000293.png
-0.236768978042,1.48420231468,2.45944032814,-0.0,-0.0,-1.0,-0.333737028756,1.60707110051,0.888071277683,map_000000294.png
-0.237423454267,1.48347234861,2.35716668772,-0.0,-0.0,-1.0,-0.333737028756,1.60707110051,0.888071277683,map_000000295.png
-0.238150477469,1.48281173323,2.2548940162,-0.0,-0.0,-1.0,-0.333737028756,1.60707110051,0.888071277683,map_000000296.png
-0.238893216968,1.48226068389,2.1565455553,-0.0,-0.0,-1.0,-0.333737028756,1.60707110051,0.888071277683,map_000000297.png
-0.239734195351,1.48174735679,2.05427463599,-0.0,-0.0,-1.0,-0.333737028756,1.60707110051,0.888071277683,map_000000298.png
-0.240625180293,1.48134115134,1.95200096702,-0.0,-0.0,-1.0,-0.333737028756,1.60707110051,0.888071277683,map_000000299.png
-0.241536113245,1.48102177663,1.85367270726,-0.0,-0.0,-1.0,-0.333737028756,1.60707110051,0.888071277683,map_000000300.png
-0.242493402669,1.48079056027,1.75140259188,-0.0,-0.0,-1.0,-0.333737028756,1.60707110051,0.888071277683,map_000000301.png
-0.24347734604,1.48065010004,1.64913747601,-0.0,-0.0,-1.0,-0.333737028756,1.60707110051,0.888071277683,map_000000302.png
-0.244399571009,1.48061741026,1.55079011638,-0.0,-0.0,-1.0,-0.333737028756,1.60707110051,0.888071277683,map_000000303.png
-0.245364786932,1.4806874042,1.44851246898,-0.0,-0.0,-1.0,-0.333737028756,1.60707110051,0.888071277683,map_000000304.png
-0.246341159403,1.48084203329,1.34624308954,-0.0,-0.0,-1.0,-0.333737028756,1.60707110051,0.888071277683,map_000000305.png
-0.247259533596,1.48108916981,1.24790793369,-0.0,-0.0,-1.0,-0.333737028756,1.60707110051,0.888071277683,map_000000306.png
-0.248175373679,1.48144669053,1.14563565508,-0.0,-0.0,-1.0,-0.333737028756,1.60707110051,0.888071277683,map_000000307.png
-0.2490490725,1.48189491609,1.04336268987,-0.0,-0.0,-1.0,-0.333737028756,1.60707110051,0.888071277683,map_000000308.png
-0.249824380375,1.48239467577,0.945012909937,-0.0,-0.0,-1.0,-0.333737028756,1.60707110051,0.888071277683,map_000000309.png
-0.250591775497,1.4830058977,0.842739459106,-0.0,-0.0,-1.0,-0.333737028756,1.60707110051,0.888071277683,map_000000310.png
-0.25130316968,1.48369921535,0.740471802802,-0.0,-0.0,-1.0,-0.333737028756,1.60707110051,0.888071277683,map_000000311.png
-0.251910599911,1.48443372115,0.642136948832,-0.0,-0.0,-0.0,-0.333737028756,1.60707110051,0.888071277683,map_000000312.png
-0.252130851501,1.48473071296,0.606748400423,-0.0,-0.0,-0.0,-0.333737028756,1.60707110051,0.888071277683,map_000000313.png
-0.252130801298,1.48473067961,0.606748450936,-0.0,-0.0,-0.0,-0.333737028756,1.60707110051,0.888071277683,map_000000314.png
-0.252121167753,1.48472107213,0.606742723286,-0.0,-0.0,-0.0,-0.333737028756,1.60707110051,0.888071277683,map_000000315.png
-0.252121125423,1.4847210356,0.60674269687,-0.0,-0.0,-0.0,-0.333737028756,1.60707110051,0.888071277683,map_000000316.png
-0.252121083568,1.48472100016,0.6067424093,-0.0,-0.0,-0.0,-0.333737028756,1.60707110051,0.888071277683,map_000000317.png
-0.252130634641,1.48473053541,0.606748464713,-0.0,-0.0,-0.0,-0.333737028756,1.60707110051,0.888071277683,map_000000318.png
-0.252130592531,1.48473049922,0.60674840284,-0.0,-0.0,-0.0,-0.333737028756,1.60707110051,0.888071277683,map_000000319.png
-0.252130549834,1.48473046211,0.606748445084,-0.0,-0.0,-0.0,-0.333737028756,1.60707110051,0.888071277683,map_000000320.png
-0.252120916441,1.48472085482,0.606742692919,-0.0,-0.0,-0.0,-0.333737028756,1.60707110051,0.888071277683,map_000000321.png
-0.252120873988,1.48472081809,0.606742693039,-0.171411022544,-0.431981861591,-0.0,-0.333737028756,1.60707110051,0.888071277683,map_000000322.png
-0.251698986865,1.48291092814,0.606742147259,-0.171411022544,-0.491092413664,-0.0,-0.333737028756,1.60707110051,0.888071277683,map_000000323.png
-0.251698986865,1.48291092814,0.606742147259,-0.171411022544,-0.491092413664,-0.0,-0.333737028756,1.60707110051,0.888071277683,map_000000324.png
-0.240732229902,1.43586162139,0.606745622633,-0.171411022544,-0.491092413664,-0.0,-0.333737028756,1.60707110051,0.888071277683,map_000000325.png
-0.226665965691,1.38434698493,0.606748457957,-0.180871754885,-0.491092413664,-0.0,-0.333737028756,1.60707110051,0.888071277683,map_000000326.png
-0.213289774236,1.33389693128,0.606757075753,-0.180871754885,-0.491092413664,-0.0,-0.333737028756,1.60707110051,0.888071277683,map_000000327.png
-0.199626864604,1.28123920569,0.606760084776,-0.310918748379,-0.469805747271,-0.0,-0.333737028756,1.60707110051,0.888071277683,map_000000328.png
-0.190244623367,1.22654252671,0.606763714564,-0.0,-0.0,-0.0,-0.333737028756,1.60707110051,0.888071277683,map_000000329.png
-0.189138195203,1.17699216496,0.606761887242,-0.0,-0.0,-0.0,-0.333737028756,1.60707110051,0.888071277683,map_000000330.png
-0.189138151793,1.17699212649,0.606762197137,-0.0,-0.0,-0.0,-0.333737028756,1.60707110051,0.888071277683,map_000000331.png
-0.18913810871,1.17699208852,0.606762446097,-0.0,-0.0,-0.0,-0.333737028756,1.60707110051,0.888071277683,map_000000332.png
-0.189147660749,1.17700162562,0.606768145707,-0.0,-0.0,-0.0,-0.333737028756,1.60707110051,0.888071277683,map_000000333.png
-0.189147618497,1.17700158921,0.606768109394,-0.0,-0.0,-0.0,-0.333737028756,1.60707110051,0.888071277683,map_000000334.png
-0.189147576041,1.17700155248,0.606768107263,0.311414688826,0.471751302481,-0.0,-0.333737028756,1.60707110051,0.888071277683,map_000000335.png
-0.189453911271,1.19054816368,0.606760637194,0.311414688826,0.471751302481,-0.0,-0.333737028756,1.60707110051,0.888071277683,map_000000336.png
-0.190822965353,1.24929182934,0.606756020194,0.311414688826,0.471751302481,-0.0,-0.333737028756,1.60707110051,0.888071277683,map_000000337.png
-0.192191714348,1.30803550826,0.606750464216,0.311414688826,0.471751302481,-0.0,-0.333737028756,1.60707110051,0.888071277683,map_000000338.png
-0.193517128568,1.36452904828,0.606751706527,0.311414688826,0.471751302481,-0.0,-0.333737028756,1.60707110051,0.888071277683,map_000000339.png
-0.194885277598,1.42327273777,0.60674652044,0.311414688826,0.471751302481,-0.0,-0.333737028756,1.60707110051,0.888071277683,map_000000340.png
-0.196253119824,1.4820164351,0.606741311327,0.311414688826,0.471751302481,-0.0,-0.333737028756,1.60707110051,0.888071277683,map_000000341.png
-0.197558466555,1.53849153919,0.606729753178,0.311414688826,0.485942423344,-0.0,-0.333737028756,1.60707110051,0.888071277683,map_000000342.png
-0.199055108784,1.59742169266,0.606724476784,0.297223567963,0.485942423344,-0.0,-0.333737028756,1.60707110051,0.888071277683,map_000000343.png
-0.201263152062,1.65737728616,0.606719865635,0.0702230930328,0.374797821045,-0.0,-0.333737028756,1.60707110051,0.888071277683,map_000000344.png
-0.204560840993,1.71422738141,0.606721049704,0.0702230930328,0.374797821045,-0.0,-0.333737028756,1.60707110051,0.888071277683,map_000000345.png
-0.21782467459,1.75569136721,0.606719008683,-0.0,-0.0,-0.0,-0.333737028756,1.60707110051,0.888071277683,map_000000346.png
-0.2240620035,1.76960243547,0.606718587072,-0.0,-0.0,-0.0,-0.333737028756,1.60707110051,0.888071277683,map_000000347.png
-0.224052371251,1.76959283055,0.606712326264,-0.0,-0.0,-0.0,-0.333737028756,1.60707110051,0.888071277683,map_000000348.png
-0.224052328302,1.76959279281,0.606712540156,-0.0,-0.0,-0.0,-0.333737028756,1.60707110051,0.888071277683,map_000000349.png
-0.224052284992,1.7695927544,0.606712874217,-0.0,-0.0,-0.0,-0.333737028756,1.60707110051,0.888071277683,map_000000350.png
-0.224061837242,1.76960229184,0.606718532573,-0.0,-0.0,-0.0,-0.333737028756,1.60707110051,0.888071277683,map_000000351.png
-0.224061794786,1.76960225511,0.606718533024,-0.0,-0.0,-0.0,-0.333737028756,1.60707110051,0.888071277683,map_000000352.png
-0.224061752235,1.76960221823,0.60671855103,-0.0,-0.0,-0.0,-0.333737028756,1.60707110051,0.888071277683,map_000000353.png
-0.224052118724,1.76959261074,0.606712823722,-0.0,-0.0,-0.0,-0.333737028756,1.60707110051,0.888071277683,map_000000354.png
-0.224052076896,1.76959257535,0.606712528519,-0.0,-0.0,-0.0,-0.333737028756,1.60707110051,0.888071277683,map_000000355.png
-0.224052033699,1.76959253711,0.606712842825,-0.0,-0.0,-0.0,-0.333737028756,1.60707110051,0.888071277683,map_000000356.png
-0.224061585828,1.76960207436,0.606718524308,-0.0,-0.0,-0.0,-0.333737028756,1.60707110051,0.888071277683,map_000000357.png
-0.224061543508,1.76960203785,0.606718499863,-0.0,-0.0,-0.0,-0.333737028756,1.60707110051,0.888071277683,map_000000358.png
-0.224061500803,1.76960200073,0.606718543623,-0.0,-0.0,-0.0,-0.333737028756,1.60707110051,0.888071277683,map_000000359.png
-0.224061458479,1.7696019642,0.606718518676,-0.5,-0.0,-0.0,-0.333737028756,1.60707110051,0.888071277683,map_000000360.png
-0.243768480143,1.75592431244,0.606722398457,-0.5,-0.0,-0.0,-0.333737028756,1.60707110051,0.888071277683,map_000000361.png
-0.284815316186,1.72741923689,0.606724775856,-0.5,0.0201155133545,-0.0,-0.333737028756,1.60707110051,0.888071277683,map_000000362.png
-0.284815316186,1.72741923689,0.606724775856,-0.5,0.0201155133545,-0.0,-0.333737028756,1.60707110051,0.888071277683,map_000000363.png
-0.327605203075,1.69791589739,0.606733258887,-0.5,0.0201155133545,-0.0,-0.333737028756,1.60707110051,0.888071277683,map_000000364.png
-0.371495405024,1.66999784846,0.606741450161,-0.5,0.0201155133545,-0.0,-0.333737028756,1.60707110051,0.888071277683,map_000000365.png
-0.413706630127,1.64316297504,0.606755391593,-0.5,0.0201155133545,-0.0,-0.333737028756,1.60707110051,0.888071277683,map_000000366.png
-0.457596371263,1.61524420097,0.606763798532,-0.5,0.0272110663354,-0.0,-0.333737028756,1.60707110051,0.888071277683,map_000000367.png
-0.501712345123,1.58765132465,0.606772148507,-0.0,-0.0,-0.0,-0.333737028756,1.60707110051,0.888071277683,map_000000368.png
-0.528970368826,1.57083341918,0.606771430008,-0.0,-0.0,-0.0,-0.333737028756,1.60707110051,0.888071277683,map_000000369.png
-0.528970326531,1.57083338269,0.606771404002,-0.0,-0.0,-0.0,-0.333737028756,1.60707110051,0.888071277683,map_000000370.png
-0.528970284088,1.57083334597,0.606771402459,-0.0,-0.0,-0.0,-0.333737028756,1.60707110051,0.888071277683,map_000000371.png
-0.528979835479,1.57084288181,0.606777352746,-0.0,-0.0,-0.0,-0.333737028756,1.60707110051,0.888071277683,map_000000372.png
-0.528979793224,1.57084284539,0.606777316949,-0.0,-0.0,-0.0,-0.333737028756,1.60707110051,0.888071277683,map_000000373.png
-0.528979750933,1.57084280892,0.6067772876,-0.0,-0.0,-0.0,-0.333737028756,1.60707110051,0.888071277683,map_000000374.png
-0.528970117556,1.57083320192,0.606771396809,-0.0,-0.0,-0.0,-0.333737028756,1.60707110051,0.888071277683,map_000000375.png
-0.528970075136,1.57083316524,0.606771392495,0.287781924009,0.459925383329,-0.0,-0.333737028756,1.60707110051,0.888071277683,map_000000376.png
-0.529176701947,1.57516641661,0.606770664372,0.268860429525,0.483577221632,-0.0,-0.333737028756,1.60707110051,0.888071277683,map_000000377.png
-0.531769740245,1.62934198136,0.60677256945,0.268860429525,0.483577221632,-0.0,-0.333737028756,1.60707110051,0.888071277683,map_000000378.png
-0.537125770936,1.68646951197,0.606768008643,0.207384720445,0.398449659348,-0.0,-0.333737028756,1.60707110051,0.888071277683,map_000000379.png
-0.542970935412,1.73614533013,0.606764226303,-0.0,-0.0,-0.0,-0.333737028756,1.60707110051,0.888071277683,map_000000380.png
-0.545687987966,1.75751322745,0.606756372931,-0.0,-0.0,-0.0,-0.333737028756,1.60707110051,0.888071277683,map_000000381.png
-0.545687945489,1.75751319066,0.606756389517,-0.0,-0.0,-0.0,-0.333737028756,1.60707110051,0.888071277683,map_000000382.png
-0.545687901952,1.75751315164,0.60675689049,-0.0,-0.0,-0.0,-0.333737028756,1.60707110051,0.888071277683,map_000000383.png
-0.545697453816,1.75752268848,0.606762621735,-0.0,-0.0,-0.0,-0.333737028756,1.60707110051,0.888071277683,map_000000384.png
-0.545697411385,1.75752265178,0.606762617598,-0.0,-0.0,-0.0,-0.333737028756,1.60707110051,0.888071277683,map_000000385.png
-0.545697369062,1.75752261526,0.606762594447,-0.30618840456,-0.448519080877,-0.0,-0.333737028756,1.60707110051,0.888071277683,map_000000386.png
-0.54543486883,1.72494536494,0.60675928509,-0.282536536455,-0.469805747271,-0.0,-0.333737028756,1.60707110051,0.888071277683,map_000000387.png
-0.543607942652,1.66831938247,0.60676505894,-0.268364518881,-0.469805747271,-0.0,-0.333737028756,1.60707110051,0.888071277683,map_000000388.png
-0.539608327894,1.61164737277,0.606769725702,-0.268364518881,-0.479266494513,-0.0,-0.333737028756,1.60707110051,0.888071277683,map_000000389.png
-0.534855221198,1.55775523273,0.606779484405,-0.268364518881,-0.479266494513,-0.0,-0.333737028756,1.60707110051,0.888071277683,map_000000390.png
-0.529363396915,1.50092155764,0.606783971575,-0.268364518881,-0.479266494513,-0.0,-0.333737028756,1.60707110051,0.888071277683,map_000000391.png
-0.523871316657,1.44408790744,0.60678845048,-0.0,-0.0,-0.0,-0.333737028756,1.60707110051,0.888071277683,map_000000392.png
-0.522382974741,1.42877659665,0.60678386665,-0.0,-0.0,-0.0,-0.333737028756,1.60707110051,0.888071277683,map_000000393.png
-0.522382931421,1.42877655823,0.606784201251,-0.0,-0.0,-0.0,-0.333737028756,1.60707110051,0.888071277683,map_000000394.png
-0.522382889098,1.4287765217,0.606784178053,-0.0,-0.0,-0.0,-0.333737028756,1.60707110051,0.888071277683,map_000000395.png
-0.52239244099,1.42878605858,0.606789907042,-0.0,-0.0,-0.0,-0.333737028756,1.60707110051,0.888071277683,map_000000396.png
-0.522392398673,1.42878602207,0.60678988196,0.264130055904,-0.0772804990411,-0.0,-0.333737028756,1.60707110051,0.888071277683,map_000000397.png
-0.522392356227,1.42878598535,0.606789880117,0.264130055904,-0.0772804990411,-0.0,-0.333737028756,1.60707110051,0.888071277683,map_000000398.png
-0.522392356227,1.42878598535,0.606789880117,0.406002998352,-0.349219501019,-0.0,-0.333737028756,1.60707110051,0.888071277683,map_000000399.png
-0.500475140786,1.43610130894,0.606786419465,0.406002998352,-0.349219501019,-0.0,-0.333737028756,1.60707110051,0.888071277683,map_000000400.png
-0.455964425129,1.43604304042,0.606780540282,0.476939439774,-0.287743777037,-0.0,-0.333737028756,1.60707110051,0.888071277683,map_000000401.png
-0.401692969449,1.43449915623,0.606766937538,0.476939439774,-0.287743777037,-0.0,-0.333737028756,1.60707110051,0.888071277683,map_000000402.png
-0.343909340674,1.43819742695,0.606758868593,-0.0,-0.0,-0.0,-0.333737028756,1.60707110051,0.888071277683,map_000000403.png
-0.290570560059,1.44161078082,0.606751767008,-0.0,-0.0,-0.0,-0.333737028756,1.60707110051,0.888071277683,map_000000404.png
-0.290580111611,1.44162031694,0.606757674985,-0.0,-0.0,-0.0,-0.333737028756,1.60707110051,0.888071277683,map_000000405.png
-0.290580069152,1.4416202802,0.606757676139,-0.0,-0.0,-0.0,-0.333737028756,1.60707110051,0.888071277683,map_000000406.png
-0.290580026811,1.44162024365,0.606757655375,-0.0,-0.0,-0.0,-0.333737028756,1.60707110051,0.888071277683,map_000000407.png
-0.290570393707,1.44161063707,0.606751718731,-0.0,-0.0,-0.0,-0.333737028756,1.60707110051,0.888071277683,map_000000408.png
-0.290570352426,1.44161060276,0.60675120829,-0.0,-0.0,-0.0,-0.333737028756,1.60707110051,0.888071277683,map_000000409.png
-0.290570308674,1.44161056343,0.60675173931,-0.0,-0.0,-0.0,-0.333737028756,1.60707110051,0.888071277683,map_000000410.png
-0.290579860202,1.44162009947,0.60675766645,-0.0,-0.0,-0.0,-0.333737028756,1.60707110051,0.888071277683,map_000000411.png
-0.290579818081,1.44162006327,0.606757604541,0.257034510374,0.42210149765,-0.0,-0.333737028756,1.60707110051,0.888071277683,map_000000412.png
-0.293058989939,1.483038654,0.606754409878,0.275956004858,0.488307595253,-0.0,-0.333737028756,1.60707110051,0.888071277683,map_000000413.png
-0.297332411523,1.53624644736,0.606743864179,-0.0,-0.0,-0.0,-0.333737028756,1.60707110051,0.888071277683,map_000000414.png
