2.58682943993,0.578214572337,0.344947731881,-0.0,-0.0,-0.0,-5.51850652044,6.82920231696,-0.267023388013,map_000000045.png
2.58682946121,0.578214585969,0.344947730794,-0.0,-0.0,0.0807443484664,-5.51850652044,6.82920231696,-0.267023388013,map_000000046.png
2.58683263357,0.578213808992,0.34526600557,-0.0,-0.0,0.542870879173,-5.51850652044,6.82920231696,-0.267023388013,map_000000047.png
2.58684800309,0.578127772944,0.353520010965,-0.0,-0.0,0.542870879173,-5.51850652044,6.82920231696,-0.267023388013,map_000000048.png
2.58702234405,0.577722214403,0.399632037736,-0.0,-0.0,1.0,-5.51850652044,6.82920231696,-0.267023388013,map_000000049.png
2.5873529657,0.576995579923,0.485733261291,-0.0,-0.0,1.0,-5.51850652044,6.82920231696,-0.267023388013,map_000000050.png
2.58784940394,0.576154429756,0.588008595805,-0.0,-0.0,1.0,-5.51850652044,6.82920231696,-0.267023388013,map_000000051.png
2.58840266335,0.575404070518,0.686353732366,-0.0,-0.0,1.0,-5.51850652044,6.82920231696,-0.267023388013,map_000000052.png
2.58905758736,0.574676418354,0.788628342713,-0.0,-0.0,1.0,-5.51850652044,6.82920231696,-0.267023388013,map_000000053.png
2.58978430316,0.574013606882,0.890900295287,-0.0,-0.0,1.0,-5.51850652044,6.82920231696,-0.267023388013,map_000000054.png
2.59055839896,0.573450315525,0.989233105905,-0.0,-0.0,1.0,-5.51850652044,6.82920231696,-0.267023388013,map_000000055.png
2.59055839896,0.573450315525,0.989233105905,-0.0,-0.0,1.0,-5.51850652044,6.82920231696,-0.267023388013,map_000000056.png
2.59140760933,0.572947915455,1.09150336447,-0.0,-0.0,1.0,-5.51850652044,6.82920231696,-0.267023388013,map_000000057.png
2.59229746763,0.572539952661,1.19377684653,-0.0,-0.0,1.0,-5.51850652044,6.82920231696,-0.267023388013,map_000000058.png
2.59317550506,0.572234867246,1.29212260737,-0.0,-0.0,1.0,-5.51850652044,6.82920231696,-0.267023388013,map_000000059.png
2.59413360033,0.572006068959,1.39439267905,-0.0,-0.0,1.0,-5.51850652044,6.82920231696,-0.267023388013,map_000000060.png
2.59511602528,0.571869934343,1.49665609905,-0.0,-0.0,1.0,-5.51850652044,6.82920231696,-0.267023388013,map_000000061.png
2.59607777156,0.571843886936,1.59497814137,-0.0,-0.0,1.0,-5.51850652044,6.82920231696,-0.267023388013,map_000000062.png
2.59703747294,0.571914048886,1.69725218352,-0.0,-0.0,1.0,-5.51850652044,6.82920231696,-0.267023388013,map_000000063.png
2.59800542996,0.572069554117,1.79952365144,-0.0,-0.0,1.0,-5.51850652044,6.82920231696,-0.267023388013,map_000000064.png
2.59889480034,0.572318722167,1.89787243874,-0.0,-0.0,1.0,-5.51850652044,6.82920231696,-0.267023388013,map_000000065.png
2.59980996812,0.572678411808,2.00014454954,-0.0,-0.0,1.0,-5.51850652044,6.82920231696,-0.267023388013,map_000000066.png
2.60068269001,0.573128597466,2.1024175044,-0.0,-0.0,1.0,-5.51850652044,6.82920231696,-0.267023388013,map_000000067.png
2.6014917681,0.573658527046,2.20074593955,-0.0,-0.0,1.0,-5.51850652044,6.82920231696,-0.267023388013,map_000000068.png
2.60225677407,0.574272932534,2.30301923966,-0.0,-0.0,1.0,-5.51850652044,6.82920231696,-0.267023388013,map_000000069.png
2.60295483683,0.574962025632,2.40529272341,-0.0,-0.0,1.0,-5.51850652044,6.82920231696,-0.267023388013,map_000000070.png
2.60353865412,0.575673841037,2.50364315825,-0.0,-0.0,0.98668628931,-5.51850652044,6.82920231696,-0.267023388013,map_000000071.png
2.60408377249,0.576485042162,2.60533918012,-0.0,-0.0,0.725867509842,-5.51850652044,6.82920231696,-0.267023388013,map_000000072.png
2.60452599024,0.57730010029,2.70008587125,-0.0,-0.0,-0.0,-5.51850652044,6.82920231696,-0.267023388013,map_000000073.png
2.60480688673,0.577924828748,2.77146377917,-0.0,-0.0,-0.0,-5.51850652044,6.82920231696,-0.267023388013,map_000000074.png
2.60481150402,0.577950646747,2.77145177982,-0.0,-0.0,-0.0,-5.51850652044,6.82920231696,-0.267023388013,map_000000075.png
2.60480975789,0.577952380007,2.77145131373,-0.0,-0.0,-0.0,-5.51850652044,6.82920231696,-0.267023388013,map_000000076.png
2.6048114907,0.577950653907,2.77145188003,-0.0,-0.0,-0.0,-5.51850652044,6.82920231696,-0.267023388013,map_000000077.png
2.60482140592,0.577940763987,2.77145439652,0.0347643978894,-0.0,-0.0,-5.51850652044,6.82920231696,-0.267023388013,map_000000078.png
2.60390441273,0.57830262273,2.77145181839,0.103335671127,-0.0,-0.0,-5.51850652044,6.82920231696,-0.267023388013,map_000000079.png
2.59990790175,0.57984732133,2.77145435317,0.5,0.258941918612,-0.0,-5.51850652044,6.82920231696,-0.267023388013,map_000000080.png
2.58988320445,0.583743193776,2.77145171885,0.5,0.258941918612,-0.0,-5.51850652044,6.82920231696,-0.267023388013,map_000000081.png
2.53539232538,0.5782352009,2.77145196045,0.5,0.258941918612,-0.0,-5.51850652044,6.82920231696,-0.267023388013,map_000000082.png
2.47943751367,0.572182847596,2.77145309231,0.5,0.258941918612,-0.0,-5.51850652044,6.82920231696,-0.267023388013,map_000000083.png
2.42124005435,0.56589171179,2.7714533513,0.5,0.249481186271,-0.0,-5.51850652044,6.82920231696,-0.267023388013,map_000000084.png
2.36319351415,0.559939972344,2.77145774938,0.5,0.230559706688,-0.0,-5.51850652044,6.82920231696,-0.267023388013,map_000000085.png
2.30770357458,0.555135011204,2.77145463177,0.5,0.230559706688,-0.0,-5.51850652044,6.82920231696,-0.267023388013,map_000000086.png
2.25058751539,0.551581204945,2.77145900162,0.5,0.221098974347,-0.0,-5.51850652044,6.82920231696,-0.267023388013,map_000000087.png
2.19344986703,0.548048862588,2.77145644747,0.5,0.221098974347,-0.0,-5.51850652044,6.82920231696,-0.267023388013,map_000000088.png
2.13881621807,0.545373456691,2.77146025083,0.5,0.0981475263834,-0.0,-5.51850652044,6.82920231696,-0.267023388013,map_000000089.png
2.08505743267,0.550549048897,2.77145749639,0.5,0.0461325421929,-0.0,-5.51850652044,6.82920231696,-0.267023388013,map_000000090.png
2.03388473334,0.562361806061,2.77145736878,0.5,-0.0,-0.0,-5.51850652044,6.82920231696,-0.267023388013,map_000000091.png
1.98609180855,0.577343961706,2.77145784884,0.5,-0.0,-0.0,-5.51850652044,6.82920231696,-0.267023388013,map_000000092.png
1.93763194835,0.596148252378,2.77145746005,0.5,-0.0,-0.0,-5.51850652044,6.82920231696,-0.267023388013,map_000000093.png
1.88918603019,0.614939025199,2.77146074946,0.5,-0.0,-0.0,-5.51850652044,6.82920231696,-0.267023388013,map_000000094.png
1.84258018291,0.633029978484,2.77145746788,0.5,-0.0,-0.0,-5.51850652044,6.82920231696,-0.267023388013,map_000000095.png
1.84258018291,0.633029978484,2.77145746788,0.5,-0.0,-0.0,-5.51850652044,6.82920231696,-0.267023388013,map_000000096.png
1.7941342649,0.651820751321,2.77146077031,0.5,-0.0,-0.0,-5.51850652044,6.82920231696,-0.267023388013,map_000000097.png
1.74566675497,0.670633034028,2.7714579148,0.5,-0.0,-0.0,-5.51850652044,6.82920231696,-0.267023388013,map_000000098.png
1.6990824995,0.688702477425,2.77146078077,0.5,-0.0,-0.0,-5.51850652044,6.82920231696,-0.267023388013,map_000000099.png
1.65061498953,0.707514760123,2.77145792142,0.5,-0.0,-0.0,-5.51850652044,6.82920231696,-0.267023388013,map_000000100.png
1.60215512889,0.726319049621,2.77145740399,0.5,-0.0,-0.0,-5.51850652044,6.82920231696,-0.267023388013,map_000000101.png
1.5555632242,0.7443964865,2.77145796046,0.5,-0.0,-0.0,-5.51850652044,6.82920231696,-0.267023388013,map_000000102.png
1.50710336345,0.76320077572,2.7714574111,0.5,-0.0,-0.0,-5.51850652044,6.82920231696,-0.267023388013,map_000000103.png
1.45865744594,0.781991549442,2.77146082323,0.5,0.00355922128074,-0.0,-5.51850652044,6.82920231696,-0.267023388013,map_000000104.png
1.41198982338,0.799923297011,2.77145742256,0.5,0.00355922128074,-0.0,-5.51850652044,6.82920231696,-0.267023388013,map_000000105.png
1.3634100618,0.81836912805,2.77146084919,0.5,0.00355922128074,-0.0,-5.51850652044,6.82920231696,-0.267023388013,map_000000106.png
1.31480870721,0.836836467238,2.7714578939,0.5,0.00355922128074,-0.0,-5.51850652044,6.82920231696,-0.267023388013,map_000000107.png
1.26809575447,0.854574232738,2.77146082036,0.5,0.00355922128074,-0.0,-5.51850652044,6.82920231696,-0.267023388013,map_000000108.png
1.21949439994,0.87304157172,2.77145785289,0.5,0.00355922128074,-0.0,-5.51850652044,6.82920231696,-0.267023388013,map_000000109.png
1.17090069364,0.891500914906,2.77145753851,0.5,0.00355922128074,-0.0,-5.51850652044,6.82920231696,-0.267023388013,map_000000110.png
1.1241800923,0.909246674512,2.77145790988,0.5,0.00355922128074,-0.0,-5.51850652044,6.82920231696,-0.267023388013,map_000000111.png
1.07558638601,0.927706017834,2.77145756358,0.5,0.00355922128074,-0.0,-5.51850652044,6.82920231696,-0.267023388013,map_000000112.png
1.02700662296,0.946151844495,2.77146088187,0.5,0.00355922128074,-0.0,-5.51850652044,6.82920231696,-0.267023388013,map_000000113.png
0.980272077149,0.963911116582,2.77145751019,0.5,0.00355922128074,-0.0,-5.51850652044,6.82920231696,-0.267023388013,map_000000114.png
0.931692314494,0.982356944499,2.77146090627,0.5,0.00355922128074,-0.0,-5.51850652044,6.82920231696,-0.267023388013,map_000000115.png
0.883090959664,1.00082428184,2.77145808596,0.5,0.00355922128074,-0.0,-5.51850652044,6.82920231696,-0.267023388013,map_000000116.png
0.836378005243,1.01856204108,2.77146095259,0.5,0.00355922128074,-0.0,-5.51850652044,6.82920231696,-0.267023388013,map_000000117.png
0.789643457647,1.03632130734,2.77145754359,0.5,0.00355922128074,-0.0,-5.51850652044,6.82920231696,-0.267023388013,map_000000118.png
0.741063694003,1.05476713177,2.77146090167,0.5,0.00355922128074,-0.0,-5.51850652044,6.82920231696,-0.267023388013,map_000000119.png
0.694329146444,1.07252639729,2.77145756973,0.5,0.00355922128074,-0.0,-5.51850652044,6.82920231696,-0.267023388013,map_000000120.png
0.6457493818,1.09097221801,2.77146094192,0.5,0.00355922128074,-0.0,-5.51850652044,6.82920231696,-0.267023388013,map_000000121.png
0.597148025137,1.10943954874,2.77145810878,0.5,0.00355922128074,-0.0,-5.51850652044,6.82920231696,-0.267023388013,map_000000122.png
0.550435069311,1.12717730318,2.77146096851,0.5,0.00355922128074,-0.0,-5.51850652044,6.82920231696,-0.267023388013,map_000000123.png
0.501833711784,1.14564463109,2.77145802949,0.5,0.00355922128074,-0.0,-5.51850652044,6.82920231696,-0.267023388013,map_000000124.png
0.453240002589,1.1641039641,2.77145760052,0.5,0.00355922128074,-0.0,-5.51850652044,6.82920231696,-0.267023388013,map_000000125.png
0.406519399279,1.1818497163,2.77145805895,0.5,0.00355922128074,-0.0,-5.51850652044,6.82920231696,-0.267023388013,map_000000126.png
0.357925690009,1.2003090488,2.77145767694,0.5,0.00355922128074,-0.0,-5.51850652044,6.82920231696,-0.267023388013,map_000000127.png
0.3093459255,1.21875486902,2.7714610683,0.5,0.00355922128074,-0.0,-5.51850652044,6.82920231696,-0.267023388013,map_000000128.png
0.26261137697,1.23651413217,2.77145765922,0.5,0.00355922128074,-0.0,-5.51850652044,6.82920231696,-0.267023388013,map_000000129.png
0.214031612223,1.25495995174,2.77146107427,0.5,0.00355922128074,-0.0,-5.51850652044,6.82920231696,-0.267023388013,map_000000130.png
0.165430254418,1.2734272792,2.77145807687,0.5,0.00355922128074,-0.0,-5.51850652044,6.82920231696,-0.267023388013,map_000000131.png
0.118717298819,1.29116503414,2.77146104515,0.5,0.00355922128074,-0.0,-5.51850652044,6.82920231696,-0.267023388013,map_000000132.png
0.0701159416134,1.30963236279,2.77145819145,0.5,0.00355922128074,-0.0,-5.51850652044,6.82920231696,-0.267023388013,map_000000133.png
0.0215222318093,1.32809169408,2.77145772693,0.5,0.00355922128074,-0.0,-5.51850652044,6.82920231696,-0.267023388013,map_000000134.png
-0.0251983725874,1.34583744353,2.77145824828,0.5,0.00355922128074,-0.0,-5.51850652044,6.82920231696,-0.267023388013,map_000000135.png
-0.0251983725874,1.34583744353,2.77145824828,0.5,0.00355922128074,-0.0,-5.51850652044,6.82920231696,-0.267023388013,map_000000136.png
-0.0737920822645,1.36429677499,2.77145774879,0.5,0.00355922128074,-0.0,-5.51850652044,6.82920231696,-0.267023388013,map_000000137.png
-0.122371847849,1.38274259327,2.77146105062,0.5,0.00355922128074,-0.0,-5.51850652044,6.82920231696,-0.267023388013,map_000000138.png
-0.169106396448,1.40050185555,2.77145773919,0.5,0.00355922128074,-0.0,-5.51850652044,6.82920231696,-0.267023388013,map_000000139.png
-0.217686162011,1.41894767381,2.77146114982,0.5,0.00355922128074,-0.0,-5.51850652044,6.82920231696,-0.267023388013,map_000000140.png
-0.266287520856,1.43741499916,2.77145824499,0.5,0.00355922128074,-0.0,-5.51850652044,6.82920231696,-0.267023388013,map_000000141.png
-0.313000478001,1.45515275062,2.77146119182,0.5,0.00355922128074,-0.0,-5.51850652044,6.82920231696,-0.267023388013,map_000000142.png
-0.361601838366,1.47362007363,2.77145823807,0.5,0.00355922128074,-0.0,-5.51850652044,6.82920231696,-0.267023388013,map_000000143.png
-0.410195551553,1.4920793985,2.77145775849,0.5,-0.0,-0.0,-5.51850652044,6.82920231696,-0.267023388013,map_000000144.png
-0.456859532855,1.50997107883,2.77145817491,0.5,-0.0,-0.0,-5.51850652044,6.82920231696,-0.267023388013,map_000000145.png
-0.505319399595,1.52877535187,2.77145782693,0.5,-0.0,-0.0,-5.51850652044,6.82920231696,-0.267023388013,map_000000146.png
-0.553765324872,1.54756610532,2.77146118986,0.5,-0.0,-0.0,-5.51850652044,6.82920231696,-0.267023388013,map_000000147.png
-0.600371180234,1.56565703871,2.77145781448,0.5,-0.0,-0.0,-5.51850652044,6.82920231696,-0.267023388013,map_000000148.png
-0.648817105535,1.58444779258,2.77146110403,0.5,-0.0,-0.0,-5.51850652044,6.82920231696,-0.267023388013,map_000000149.png
-0.697284621977,1.60326005738,2.77145826893,0.5,-0.0,-0.0,-5.51850652044,6.82920231696,-0.267023388013,map_000000150.png
-0.743868885164,1.62132948135,2.77146110719,0.5,-0.0,-0.0,-5.51850652044,6.82920231696,-0.267023388013,map_000000151.png
-0.792336400887,1.64014174759,2.77145827335,0.5,-0.0,-0.0,-5.51850652044,6.82920231696,-0.267023388013,map_000000152.png
-0.840796268955,1.65894601783,2.77145781335,0.5,-0.0,-0.0,-5.51850652044,6.82920231696,-0.267023388013,map_000000153.png
-0.887388180513,1.67702343636,2.7714582774,0.5,-0.0,-0.0,-5.51850652044,6.82920231696,-0.267023388013,map_000000154.png
-0.93584804767,1.69582770811,2.77145780601,0.5,-0.0,-0.0,-5.51850652044,6.82920231696,-0.267023388013,map_000000155.png
-0.9842939728,1.71461846196,2.77146115978,0.5,-0.0,-0.0,-5.51850652044,6.82920231696,-0.267023388013,map_000000156.png
-1.03089982721,1.73270939682,2.77145776921,0.5,-0.0,-0.0,-5.51850652044,6.82920231696,-0.267023388013,map_000000157.png
-1.07749173901,1.7507868149,2.77145822927,0.5,-0.0,-0.0,-5.51850652044,6.82920231696,-0.267023388013,map_000000158.png
-1.12595160612,1.7695910869,2.77145777273,0.5,-0.0,-0.0,-5.51850652044,6.82920231696,-0.267023388013,map_000000159.png
-1.17254351721,1.78766850629,2.77145823212,0.5,-0.0,-0.0,-5.51850652044,6.82920231696,-0.267023388013,map_000000160.png
-1.22100338407,1.80647277886,2.77145777978,0.5,-0.0,-0.0,-5.51850652044,6.82920231696,-0.267023388013,map_000000161.png
-1.2694493085,1.82526353413,2.77146114086,0.5,-0.0,-0.0,-5.51850652044,6.82920231696,-0.267023388013,map_000000162.png
-1.31605516297,1.84335446889,2.7714577849,0.5,-0.0,-0.0,-5.51850652044,6.82920231696,-0.267023388013,map_000000163.png
-1.36450108669,1.86214522549,2.77146114727,0.5,-0.0,-0.0,-5.51850652044,6.82920231696,-0.267023388013,map_000000164.png
-1.4129686039,1.88095748922,2.77145826995,0.5,-0.0,-0.0,-5.51850652044,6.82920231696,-0.267023388013,map_000000165.png
-1.45955286572,1.89902691539,2.77146113197,0.5,-0.0,-0.0,-5.51850652044,6.82920231696,-0.267023388013,map_000000166.png
-1.50802038207,1.91783918069,2.77145828182,0.5,-0.0,-0.0,-5.51850652044,6.82920231696,-0.267023388013,map_000000167.png
-1.55648024921,1.93664345266,2.77145781479,0.5,-0.0,-0.0,-5.51850652044,6.82920231696,-0.267023388013,map_000000168.png
-1.60307216027,1.95472087193,2.77145821454,0.5,-0.0,-0.0,-5.51850652044,6.82920231696,-0.267023388013,map_000000169.png
-1.65153202625,1.97352514619,2.7714578101,0.5,-0.0,-0.0,-5.51850652044,6.82920231696,-0.267023388013,map_000000170.png
-1.69997795105,1.99231590058,2.77146118076,0.5,-0.0,-0.0,-5.51850652044,6.82920231696,-0.267023388013,map_000000171.png
-1.74658380444,2.01040683742,2.77145781608,0.5,-0.0,-0.0,-5.51850652044,6.82920231696,-0.267023388013,map_000000172.png
-1.7950297289,2.02919759262,2.77146111683,0.5,-0.0,-0.0,-5.51850652044,6.82920231696,-0.267023388013,map_000000173.png
-1.84349724426,2.04800985973,2.77145827683,0.5,-0.0,-0.0,-5.51850652044,6.82920231696,-0.267023388013,map_000000174.png
-1.890081506,2.06607928586,2.7714611945,0.5,-0.0,-0.0,-5.51850652044,6.82920231696,-0.267023388013,map_000000175.png
-1.890081506,2.06607928586,2.7714611945,0.5,-0.0,-0.0,-5.51850652044,6.82920231696,-0.267023388013,map_000000176.png
-1.9385490229,2.08489155027,2.77145829168,0.5,-0.0,-0.0,-5.51850652044,6.82920231696,-0.267023388013,map_000000177.png
-1.98700889004,2.10369582207,2.77145775338,0.5,-0.0,-0.0,-5.51850652044,6.82920231696,-0.267023388013,map_000000178.png
-2.03360080072,2.1217732424,2.77145826351,0.5,-0.0,-0.0,-5.51850652044,6.82920231696,-0.267023388013,map_000000179.png
-2.08206066776,2.14057751431,2.77145775891,0.5,-0.0,-0.0,-5.51850652044,6.82920231696,-0.267023388013,map_000000180.png
-2.13050659172,2.15936827043,2.7714611684,0.5,-0.0,-0.0,-5.51850652044,6.82920231696,-0.267023388013,map_000000181.png
-2.1771124441,2.17745920921,2.77145781808,0.5,-0.0,-0.0,-5.51850652044,6.82920231696,-0.267023388013,map_000000182.png
-2.22555836847,2.19624996437,2.77146117624,0.5,-0.0,-0.0,-5.51850652044,6.82920231696,-0.267023388013,map_000000183.png
-2.27402588487,2.2150622294,2.77145814216,0.5,-0.0,-0.0,-5.51850652044,6.82920231696,-0.267023388013,map_000000184.png
-2.32061014456,2.23313165975,2.77146112928,0.5,-0.0,-0.0,-5.51850652044,6.82920231696,-0.267023388013,map_000000185.png
-2.36907766162,2.2519439234,2.77145815135,0.5,-0.0,-0.0,-5.51850652044,6.82920231696,-0.267023388013,map_000000186.png
-2.41753752842,2.27074819623,2.77145778586,0.5,-0.0,-0.0,-5.51850652044,6.82920231696,-0.267023388013,map_000000187.png
-2.46412943795,2.28882561843,2.77145828245,0.5,-0.0,-0.0,-5.51850652044,6.82920231696,-0.267023388013,map_000000188.png
-2.51258930469,2.30762989099,2.7714577938,0.5,-0.0,-0.0,-5.51850652044,6.82920231696,-0.267023388013,map_000000189.png
-2.56103522833,2.32642064801,2.7714610813,0.5,-0.0,-0.0,-5.51850652044,6.82920231696,-0.267023388013,map_000000190.png
-2.60764108157,2.34451158458,2.77145776511,0.5,-0.0,-0.0,-5.51850652044,6.82920231696,-0.267023388013,map_000000191.png
-2.65608700483,2.36330234226,2.77146108822,0.5,-0.0,-0.0,-5.51850652044,6.82920231696,-0.267023388013,map_000000192.png
-2.7045545206,2.3821146086,2.77145831538,0.5,-0.0,-0.0,-5.51850652044,6.82920231696,-0.267023388013,map_000000193.png
-2.75113878166,2.40018403602,2.7714611139,0.5,-0.0,-0.0,-5.51850652044,6.82920231696,-0.267023388013,map_000000194.png
-2.79960629662,2.41899630395,2.7714583293,0.5,-0.0,-0.0,-5.51850652044,6.82920231696,-0.267023388013,map_000000195.png
-2.84806616404,2.43780057518,2.77145778047,0.5,-0.0,-0.0,-5.51850652044,6.82920231696,-0.267023388013,map_000000196.png
-2.89465807385,2.45587799672,2.77145820007,0.5,-0.0,-0.0,-5.51850652044,6.82920231696,-0.267023388013,map_000000197.png
-2.94124233518,2.47394742391,2.77146112598,0.5,-0.0,-0.0,-5.51850652044,6.82920231696,-0.267023388013,map_000000198.png
-2.98970985081,2.49275969024,2.77145814793,0.5,-0.0,-0.0,-5.51850652044,6.82920231696,-0.267023388013,map_000000199.png
-3.03629411121,2.51082911935,2.77146113581,0.5,-0.0,-0.0,-5.51850652044,6.82920231696,-0.267023388013,map_000000200.png
-3.0847616277,2.52964138419,2.77145818491,0.5,-0.0,-0.0,-5.51850652044,6.82920231696,-0.267023388013,map_000000201.png
-3.13322149316,2.5484456594,2.77145779212,0.5,-0.0,-0.0,-5.51850652044,6.82920231696,-0.267023388013,map_000000202.png
-3.17981340348,2.56652308003,2.77145819932,0.5,-0.0,-0.0,-5.51850652044,6.82920231696,-0.267023388013,map_000000203.png
-3.22827326957,2.58532735385,2.77145776033,0.5,-0.0,-0.0,-5.51850652044,6.82920231696,-0.267023388013,map_000000204.png
-3.27671919143,2.60411811388,2.77146116419,0.5,-0.0,-0.0,-5.51850652044,6.82920231696,-0.267023388013,map_000000205.png
-3.32332504465,2.62220905083,2.7714577686,0.5,-0.0,-0.0,-5.51850652044,6.82920231696,-0.267023388013,map_000000206.png
-3.37177096778,2.64099980865,2.77146110902,0.5,-0.0,-0.0,-5.51850652044,6.82920231696,-0.267023388013,map_000000207.png
-3.42023848273,2.65981207638,2.77145825139,0.5,-0.0,-0.0,-5.51850652044,6.82920231696,-0.267023388013,map_000000208.png
-3.46682274384,2.67788150403,2.77146106392,0.5,-0.0,-0.0,-5.51850652044,6.82920231696,-0.267023388013,map_000000209.png
-3.51529025851,2.69669377221,2.77145826503,0.5,-0.0,-0.0,-5.51850652044,6.82920231696,-0.267023388013,map_000000210.png
-3.56375012451,2.71549804621,2.77145778367,0.5,-0.0,-0.0,-5.51850652044,6.82920231696,-0.267023388013,map_000000211.png
-3.61034203397,2.73357546849,2.77145823583,0.5,-0.0,-0.0,-5.51850652044,6.82920231696,-0.267023388013,map_000000212.png
-3.65880189936,2.75237974365,2.77145779123,0.5,-0.0,-0.0,-5.51850652044,6.82920231696,-0.267023388013,map_000000213.png
-3.70724782129,2.77117050332,2.77146116653,0.5,-0.0,-0.0,-5.51850652044,6.82920231696,-0.267023388013,map_000000214.png
-3.75385367433,2.78926144076,2.77145776294,0.5,-0.0,-0.0,-5.51850652044,6.82920231696,-0.267023388013,map_000000215.png
-3.75385367433,2.78926144076,2.77145776294,0.5,-0.0,-0.0,-5.51850652044,6.82920231696,-0.267023388013,map_000000216.png
-3.80229959707,2.80805219912,2.77146117259,0.5,-0.0,-0.0,-5.51850652044,6.82920231696,-0.267023388013,map_000000217.png
-3.85076711218,2.82686446678,2.77145824324,0.5,-0.0,-0.0,-5.51850652044,6.82920231696,-0.267023388013,map_000000218.png
-3.89735137295,2.84493389454,2.77146119754,0.5,-0.0,-0.0,-5.51850652044,6.82920231696,-0.267023388013,map_000000219.png
-3.94581888824,2.86374616208,2.77145824451,0.5,-0.0,-0.0,-5.51850652044,6.82920231696,-0.267023388013,map_000000220.png
-3.99427875321,2.882550438,2.77145778641,0.5,-0.0,-0.0,-5.51850652044,6.82920231696,-0.267023388013,map_000000221.png
-4.04087066261,2.90062786018,2.77145818495,0.5,-0.0,-0.0,-5.51850652044,6.82920231696,-0.267023388013,map_000000222.png
-4.08933052807,2.91943213545,2.77145779325,0.5,-0.0,-0.0,-5.51850652044,6.82920231696,-0.267023388013,map_000000223.png
-4.13777645068,2.93822289401,2.77146113309,0.5,-0.0,-0.0,-5.51850652044,6.82920231696,-0.267023388013,map_000000224.png
-4.18438230345,2.95631383185,2.77145778374,0.5,-0.0,-0.0,-5.51850652044,6.82920231696,-0.267023388013,map_000000225.png
-4.23282822725,2.97510458855,2.77146108555,0.5,-0.0,-0.0,-5.51850652044,6.82920231696,-0.267023388013,map_000000226.png
-4.28129574168,2.99391685703,2.77145821918,0.5,-0.0,-0.0,-5.51850652044,6.82920231696,-0.267023388013,map_000000227.png
-4.32788000171,3.01198628671,2.77146107642,0.5,-0.0,-0.0,-5.51850652044,6.82920231696,-0.267023388013,map_000000228.png
-4.37634751738,3.03079855301,2.77145825644,0.5,-0.0,-0.0,-5.51850652044,6.82920231696,-0.267023388013,map_000000229.png
-4.42480738173,3.04960283002,2.7714577729,0.5,-0.0,-0.0,-5.51850652044,6.82920231696,-0.267023388013,map_000000230.png
-4.47139929088,3.06768025281,2.77145824153,0.5,-0.0,-0.0,-5.51850652044,6.82920231696,-0.267023388013,map_000000231.png
-4.51985915652,3.08648452737,2.77145772573,0.5,-0.0,-0.0,-5.51850652044,6.82920231696,-0.267023388013,map_000000232.png
-4.56830507853,3.10527528711,2.77146114667,0.5,-0.0,-0.0,-5.51850652044,6.82920231696,-0.267023388013,map_000000233.png
-4.61491093186,3.12336622402,2.77145773048,0.5,-0.0,-0.0,-5.51850652044,6.82920231696,-0.267023388013,map_000000234.png
-4.66335685413,3.14215698328,2.77146114443,0.5,-0.0,-0.0,-5.51850652044,6.82920231696,-0.267023388013,map_000000235.png
-4.71182436914,3.16096925111,2.77145823788,0.5,-0.0,-0.0,-5.51850652044,6.82920231696,-0.267023388013,map_000000236.png
-4.7584086288,3.17903868115,2.77146109629,0.5,-0.0,-0.0,-5.51850652044,6.82920231696,-0.267023388013,map_000000237.png
-4.80501448043,3.19712962129,2.77145779593,0.5,-0.0,-0.0,-5.51850652044,6.82920231696,-0.267023388013,map_000000238.png
-4.85346040242,3.21592038091,2.7714611051,0.5,-0.0,-0.0,-5.51850652044,6.82920231696,-0.267023388013,map_000000239.png
-4.90006625421,3.23401132066,2.7714577673,0.5,-0.0,-0.0,-5.51850652044,6.82920231696,-0.267023388013,map_000000240.png
-4.94851217699,3.25280207923,2.77146108952,0.5,-0.0,-0.0,-5.51850652044,6.82920231696,-0.267023388013,map_000000241.png
-4.99697969209,3.27161434639,2.77145816922,0.5,-0.0,-0.0,-5.51850652044,6.82920231696,-0.267023388013,map_000000242.png
-5.04356395097,3.28968377811,2.77146111541,0.5,-0.0,-0.0,-5.51850652044,6.82920231696,-0.267023388013,map_000000243.png
-5.09203146593,3.30849604595,2.77145826067,0.5,-0.0,-0.0,-5.51850652044,6.82920231696,-0.267023388013,map_000000244.png
-5.1404913304,3.32730032263,2.7714577419,0.5,-0.0,-0.0,-5.51850652044,6.82920231696,-0.267023388013,map_000000245.png
-5.18708323942,3.3453777457,2.77145817897,0.5,-0.0,-0.0,-5.51850652044,6.82920231696,-0.267023388013,map_000000246.png
-5.23554310383,3.36418202267,2.771457746,0.5,-0.0,-0.0,-5.51850652044,6.82920231696,-0.267023388013,map_000000247.png
-5.2839890259,3.38297278223,2.7714611478,0.5,-0.0,-0.0,-5.51850652044,6.82920231696,-0.267023388013,map_000000248.png
-5.33059487898,3.4010637196,2.7714577357,0.5,-0.0,-0.0,-5.51850652044,6.82920231696,-0.267023388013,map_000000249.png
-5.37904080168,3.41985447814,2.77146111497,0.5,-0.0,-0.0,-5.51850652044,6.82920231696,-0.267023388013,map_000000250.png
-5.42750831746,3.43866674457,2.77145823944,0.5,-0.0,-0.0,-5.51850652044,6.82920231696,-0.267023388013,map_000000251.png
-5.47409257663,3.45673617552,2.77146109997,0.5,-0.0,-0.0,-5.51850652044,6.82920231696,-0.267023388013,map_000000252.png
-5.52256009119,3.47554844408,2.77145822497,0.5,-0.0,-0.0,-5.51850652044,6.82920231696,-0.267023388013,map_000000253.png
-5.57101995544,3.49435272132,2.77145776729,0.5,-0.0,-0.0,-5.51850652044,6.82920231696,-0.267023388013,map_000000254.png
-5.61761186485,3.51243014376,2.77145822965,0.5,-0.0,-0.0,-5.51850652044,6.82920231696,-0.267023388013,map_000000255.png
-5.61761186485,3.51243014376,2.77145822965,0.5,-0.0,-0.0,-5.51850652044,6.82920231696,-0.267023388013,map_000000256.png
-5.66607172886,3.5312344215,2.77145777427,0.5,-0.0,-0.0,-5.51850652044,6.82920231696,-0.267023388013,map_000000257.png
-5.71451765099,3.55002518076,2.77146115275,0.5,-0.0,-0.0,-5.51850652044,6.82920231696,-0.267023388013,map_000000258.png
-5.76112350372,3.56811611898,2.77145777874,0.5,-0.0,-0.0,-5.51850652044,6.82920231696,-0.267023388013,map_000000259.png
-5.80956942549,3.586906879,2.77146113699,0.5,-0.0,-0.0,-5.51850652044,6.82920231696,-0.267023388013,map_000000260.png
-5.85803694016,3.60571914713,2.77145811291,0.5,-0.0,-0.0,-5.51850652044,6.82920231696,-0.267023388013,map_000000261.png
-5.90462119916,3.62378857862,2.77146114169,0.5,-0.0,-0.0,-5.51850652044,6.82920231696,-0.267023388013,map_000000262.png
-5.95308871297,3.64260084863,2.771458228,0.5,-0.0,-0.0,-5.51850652044,6.82920231696,-0.267023388013,map_000000263.png
-6.0015485773,3.66140512571,2.77145775184,0.108066044748,-0.0,-0.0,-5.51850652044,6.82920231696,-0.267023388013,map_000000264.png
-6.0335313822,3.67381396819,2.77145826585,-0.0,-0.0,-0.0,-5.51850652044,6.82920231696,-0.267023388013,map_000000265.png
-6.04199231253,3.67709800845,2.77145775068,-0.0,-0.0,-0.0,-5.51850652044,6.82920231696,-0.267023388013,map_000000266.png
-6.04198065875,3.67708638925,2.77146077178,-0.0,-0.0,-0.0,-5.51850652044,6.82920231696,-0.267023388013,map_000000267.png
-6.04199232551,3.67709801398,2.77145772178,-0.0,-0.0,-0.0,-5.51850652044,6.82920231696,-0.267023388013,map_000000268.png
-6.04198067161,3.67708639516,2.77146078246,-0.0,-0.0,-0.0,-5.51850652044,6.82920231696,-0.267023388013,map_000000269.png
-6.0419905998,3.67709629029,2.77145821192,-0.0,-0.0,-0.580713808537,-5.51850652044,6.82920231696,-0.267023388013,map_000000270.png
-6.04208383897,3.67686257341,2.7440425456,-0.0,-0.0,-1.0,-5.51850652044,6.82920231696,-0.267023388013,map_000000271.png
-6.04235192401,3.67626929299,2.67640931491,-0.0,-0.0,-1.0,-5.51850652044,6.82920231696,-0.267023388013,map_000000272.png
-6.04282703185,3.6754252179,2.57413064279,-0.0,-0.0,-1.0,-5.51850652044,6.82920231696,-0.267023388013,map_000000273.png
-6.04335341803,3.67467114042,2.47577964691,-0.0,-0.0,-1.0,-5.51850652044,6.82920231696,-0.267023388013,map_000000274.png
-6.04399446581,3.67392924084,2.37350610946,-0.0,-0.0,-1.0,-5.51850652044,6.82920231696,-0.267023388013,map_000000275.png
-6.04470881127,3.67325591719,2.27123301903,-0.0,-0.0,-1.0,-5.51850652044,6.82920231696,-0.267023388013,map_000000276.png
-6.04547320377,3.67266132896,2.17290519245,-0.0,-0.0,-0.992484807968,-5.51850652044,6.82920231696,-0.267023388013,map_000000277.png
-6.04625703759,3.67218130878,2.07482160907,-0.0,-0.0,-0.0,-5.51850652044,6.82920231696,-0.267023388013,map_000000278.png
-6.04702014942,3.67177483299,1.98895217544,-0.0,-0.0,-0.0,-5.51850652044,6.82920231696,-0.267023388013,map_000000279.png
-6.04703008218,3.67178487985,1.98895435362,-0.0,-0.0,-0.0,-5.51850652044,6.82920231696,-0.267023388013,map_000000280.png
-6.04703006047,3.67178486064,1.98895426981,-0.0,-0.0,-0.0,-5.51850652044,6.82920231696,-0.267023388013,map_000000281.png
-6.0470300383,3.671784841,1.98895421127,-0.0,-0.0,-0.0,-5.51850652044,6.82920231696,-0.267023388013,map_000000282.png
-6.04702011597,3.67177489197,1.98895187285,-0.0,-0.0,-0.809450030327,-5.51850652044,6.82920231696,-0.267023388013,map_000000283.png
-6.04732065182,3.67165402829,1.95392291538,-0.0,-0.0,-1.0,-5.51850652044,6.82920231696,-0.267023388013,map_000000284.png
-6.04810248166,3.6713820011,1.8673932423,-0.0,-0.0,-1.0,-5.51850652044,6.82920231696,-0.267023388013,map_000000285.png
-6.0490348203,3.6711427596,1.76906448038,-0.0,-0.0,-1.0,-5.51850652044,6.82920231696,-0.267023388013,map_000000286.png
-6.05000268957,3.67099357076,1.66679310808,-0.0,-0.0,-1.0,-5.51850652044,6.82920231696,-0.267023388013,map_000000287.png
-6.05095877569,3.67094927529,1.56451089405,-0.0,-0.0,-1.0,-5.51850652044,6.82920231696,-0.267023388013,map_000000288.png
-6.0519116185,3.67100246379,1.46617802696,-0.0,-0.0,-1.0,-5.51850652044,6.82920231696,-0.267023388013,map_000000289.png
-6.05289272264,3.67114411714,1.36391011892,-0.0,-0.0,-0.0,-5.51850652044,6.82920231696,-0.267023388013,map_000000290.png
-6.05352577854,3.67130483472,1.29704501554,-0.0,-0.0,-0.0,-5.51850652044,6.82920231696,-0.267023388013,map_000000291.png
-6.05352572598,3.67130485603,1.29704499339,-0.0,-0.0,-0.0,-5.51850652044,6.82920231696,-0.267023388013,map_000000292.png
-6.05351595539,3.67129503962,1.29703951082,-0.0,-0.0,-0.0,-5.51850652044,6.82920231696,-0.267023388013,map_000000293.png
-6.05352570243,3.67130484071,1.29704503998,-0.0,-0.0,-0.0,-5.51850652044,6.82920231696,-0.267023388013,map_000000294.png
-6.05352575395,3.67130487721,1.29704501353,-0.0,-0.0,-0.0,-5.51850652044,6.82920231696,-0.267023388013,map_000000295.png
-6.05352575395,3.67130487721,1.29704501353,-0.0,-0.0,-0.0,-5.51850652044,6.82920231696,-0.267023388013,map_000000296.png
-6.05352570136,3.67130483345,1.29704506804,-0.0,-0.0,-0.0,-5.51850652044,6.82920231696,-0.267023388013,map_000000297.png
-6.05352573041,3.67130486178,1.29704505543,-0.0,-0.0,-0.0,-5.51850652044,6.82920231696,-0.267023388013,map_000000298.png
-6.05351589785,3.67129500181,1.29703957823,0.0205732900649,-0.0,-0.0,-5.51850652044,6.82920231696,-0.267023388013,map_000000299.png
-6.05348116059,3.67146322244,1.29704494053,0.292493224144,-0.0,-0.0,-5.51850652044,6.82920231696,-0.267023388013,map_000000300.png
-6.0528931636,3.67351259201,1.29703980199,0.292493224144,-0.0,-0.0,-5.51850652044,6.82920231696,-0.267023388013,map_000000301.png
-6.04588019847,3.6985319091,1.29704470147,0.5,-0.0,-0.0,-5.51850652044,6.82920231696,-0.267023388013,map_000000302.png
-6.03362174113,3.74218704498,1.29704402619,0.5,-0.0,-0.0,-5.51850652044,6.82920231696,-0.267023388013,map_000000303.png
-6.01956872796,3.79223243281,1.29704315665,0.5,-0.0,-0.0,-5.51850652044,6.82920231696,-0.267023388013,map_000000304.png
-6.00605596427,3.84035386018,1.297042407,0.5,-0.0,-0.0,-5.51850652044,6.82920231696,-0.267023388013,map_000000305.png
-5.99199324215,3.89038913422,1.29703536631,0.5,-0.0,-0.0,-5.51850652044,6.82920231696,-0.267023388013,map_000000306.png
-5.9779497411,3.94044496371,1.29704092386,0.5,-0.0,-0.0,-5.51850652044,6.82920231696,-0.267023388013,map_000000307.png
-5.96443729526,3.98856517455,1.29704005669,0.5,-0.0,-0.0,-5.51850652044,6.82920231696,-0.267023388013,map_000000308.png
-5.9503840841,4.03861050707,1.29703923165,0.5,-0.0,-0.0,-5.51850652044,6.82920231696,-0.267023388013,map_000000309.png
-5.93633083597,4.08865621126,1.29703844301,0.5,-0.0,-0.0,-5.51850652044,6.82920231696,-0.267023388013,map_000000310.png
-5.92280820672,4.13676709904,1.29703185519,0.5,-0.0,-0.0,-5.51850652044,6.82920231696,-0.267023388013,map_000000311.png
-5.9087645132,4.18682287315,1.29703667599,0.5,-0.0,-0.0,-5.51850652044,6.82920231696,-0.267023388013,map_000000312.png
-5.89470151195,4.23685806947,1.29703003166,0.5,-0.0,-0.0,-5.51850652044,6.82920231696,-0.267023388013,map_000000313.png
-5.88119846436,4.28498830652,1.29703524207,0.5,-0.0,-0.0,-5.51850652044,6.82920231696,-0.267023388013,map_000000314.png
-5.86714501786,4.33503395589,1.29703450533,0.5,0.00355922128074,-0.0,-5.51850652044,6.82920231696,-0.267023388013,map_000000315.png
-5.85333815868,4.38514846783,1.29703366443,0.5,0.0248458813876,-0.0,-5.51850652044,6.82920231696,-0.267023388013,map_000000316.png
-5.84115084158,4.43364210078,1.29703302103,0.5,0.0248458813876,-0.0,-5.51850652044,6.82920231696,-0.267023388013,map_000000317.png
-5.83002919297,4.48243368572,1.29703250362,0.5,0.0248458813876,-0.0,-5.51850652044,6.82920231696,-0.267023388013,map_000000318.png
-5.81846244199,4.5331772578,1.29703183257,0.5,0.0248458813876,-0.0,-5.51850652044,6.82920231696,-0.267023388013,map_000000319.png
-5.80734036674,4.58197003139,1.29703122415,0.5,0.0248458813876,-0.0,-5.51850652044,6.82920231696,-0.267023388013,map_000000320.png
-5.7957639092,4.63270349238,1.2970246508,0.5,0.0248458813876,-0.0,-5.51850652044,6.82920231696,-0.267023388013,map_000000321.png
-5.78420673291,4.68345752812,1.29703013843,0.5,0.0248458813876,-0.0,-5.51850652044,6.82920231696,-0.267023388013,map_000000322.png
-5.77308494116,4.73224908031,1.29702951008,0.5,0.0248458813876,-0.0,-5.51850652044,6.82920231696,-0.267023388013,map_000000323.png
-5.76151803993,4.7829926175,1.29702886864,0.5,0.0248458813876,-0.0,-5.51850652044,6.82920231696,-0.267023388013,map_000000324.png
-5.74995112787,4.83373653581,1.29702830233,0.5,0.0248458813876,-0.0,-5.51850652044,6.82920231696,-0.267023388013,map_000000325.png
-5.7388192127,4.88251878496,1.29702169313,0.5,0.0248458813876,-0.0,-5.51850652044,6.82920231696,-0.267023388013,map_000000326.png
-5.72726188622,4.93327278682,1.29702721189,0.5,0.0248458813876,-0.0,-5.51850652044,6.82920231696,-0.267023388013,map_000000327.png
-5.7156852184,4.98400619955,1.29702047044,0.5,0.0248458813876,-0.0,-5.51850652044,6.82920231696,-0.267023388013,map_000000328.png
-5.70457289741,5.03280780979,1.29702584659,0.5,0.0248458813876,-0.0,-5.51850652044,6.82920231696,-0.267023388013,map_000000329.png
-5.69300583442,5.08355169259,1.29702536197,0.5,0.0248458813876,-0.0,-5.51850652044,6.82920231696,-0.267023388013,map_000000330.png
-5.68143872118,5.13429518244,1.29702468783,0.5,0.0248458813876,-0.0,-5.51850652044,6.82920231696,-0.267023388013,map_000000331.png
-5.6703162978,5.18308787563,1.29702410362,0.5,0.0248458813876,-0.0,-5.51850652044,6.82920231696,-0.267023388013,map_000000332.png
-5.65873948078,5.23382125515,1.29701718233,0.5,0.0248458813876,-0.0,-5.51850652044,6.82920231696,-0.267023388013,map_000000333.png
-5.64718194031,5.28457520819,1.29702300725,0.5,0.0248458813876,-0.0,-5.51850652044,6.82920231696,-0.267023388013,map_000000334.png
-5.63605980096,5.33336668137,1.29702237883,0.5,0.0248458813876,-0.0,-5.51850652044,6.82920231696,-0.267023388013,map_000000335.png
-5.63605980096,5.33336668137,1.29702237883,0.5,0.0248458813876,-0.0,-5.51850652044,6.82920231696,-0.267023388013,map_000000336.png
-5.62449253689,5.3841101361,1.29702173781,0.5,0.0248458813876,-0.0,-5.51850652044,6.82920231696,-0.267023388013,map_000000337.png
-5.61292526334,5.43485397277,1.29702117749,0.5,0.0248458813876,-0.0,-5.51850652044,6.82920231696,-0.267023388013,map_000000338.png
-5.60179299955,5.48363614184,1.29701458396,0.5,0.0248458813876,-0.0,-5.51850652044,6.82920231696,-0.267023388013,map_000000339.png
-5.59023531183,5.53439006158,1.29701999478,0.5,0.0248458813876,-0.0,-5.51850652044,6.82920231696,-0.267023388013,map_000000340.png
-5.57865828473,5.58512339181,1.29701289287,0.5,0.0248458813876,-0.0,-5.51850652044,6.82920231696,-0.267023388013,map_000000341.png
-5.56754561306,5.63392492179,1.29701871473,0.5,0.0248458813876,0.0533158369362,-5.51850652044,6.82920231696,-0.267023388013,map_000000342.png
-5.55598320384,5.68465945888,1.30015770971,0.5,0.0248458813876,0.195150613785,-5.51850652044,6.82920231696,-0.267023388013,map_000000343.png
-5.54467103798,5.73546043443,1.31175226474,0.5,0.0248458813876,0.227156892419,-5.51850652044,6.82920231696,-0.267023388013,map_000000344.png
-5.53453831579,5.78445791209,1.33157087514,0.5,0.0248458813876,-0.0,-5.51850652044,6.82920231696,-0.267023388013,map_000000345.png
-5.5250939406,5.8356280409,1.35390741907,0.5,0.0248458813876,-0.0,-5.51850652044,6.82920231696,-0.267023388013,map_000000346.png
-5.51643021547,5.88694747334,1.35390697608,0.5,0.0248458813876,-0.0,-5.51850652044,6.82920231696,-0.267023388013,map_000000347.png
-5.50809001007,5.93628306916,1.35390094777,0.5,0.0248458813876,-0.0,-5.51850652044,6.82920231696,-0.267023388013,map_000000348.png
-5.4994361273,5.98761259601,1.35390608463,0.5,0.0248458813876,-0.0,-5.51850652044,6.82920231696,-0.267023388013,map_000000349.png
-5.49076282488,6.03892149023,1.35389966047,0.5,0.0248458813876,-0.0,-5.51850652044,6.82920231696,-0.267023388013,map_000000350.png
-5.48244224978,6.08827648633,1.35390523576,0.5,0.0248458813876,0.0624332390726,-5.51850652044,6.82920231696,-0.267023388013,map_000000351.png
-5.47377115224,6.13959258813,1.35464047568,0.5,0.0248458813876,0.634388267994,-5.51850652044,6.82920231696,-0.267023388013,map_000000352.png
-5.46524537239,6.19093162165,1.36102614245,0.5,0.0248458813876,0.634388267994,-5.51850652044,6.82920231696,-0.267023388013,map_000000353.png
-5.45735503874,6.24034343432,1.36716487623,0.5,0.0248458813876,-0.0,-5.51850652044,6.82920231696,-0.267023388013,map_000000354.png
-5.44980896988,6.29182994786,1.37988648952,0.5,0.0248458813876,-0.0,-5.51850652044,6.82920231696,-0.267023388013,map_000000355.png
-5.44248390597,6.34335593463,1.37988759143,0.5,0.0248458813876,-0.0,-5.51850652044,6.82920231696,-0.267023388013,map_000000356.png
-5.4354367048,6.39289531042,1.37988659768,0.5,0.0248458813876,-0.0,-5.51850652044,6.82920231696,-0.267023388013,map_000000357.png
-5.4283816442,6.44242750666,1.37988070282,0.5,0.0248458813876,-0.0,-5.51850652044,6.82920231696,-0.267023388013,map_000000358.png
-5.4210644532,6.49396066958,1.37988675893,-0.0,-0.0,-0.0,-5.51850652044,6.82920231696,-0.267023388013,map_000000359.png
-5.41400939922,6.54349286667,1.37988085741,-0.0,-0.0,-0.0,-5.51850652044,6.82920231696,-0.267023388013,map_000000360.png
-5.41232836544,6.55539277617,1.37988622148,-0.0,-0.0,-0.0,-5.51850652044,6.82920231696,-0.267023388013,map_000000361.png
-5.41233043322,6.55539485638,1.37988736243,-0.0,-0.0,-0.0,-5.51850652044,6.82920231696,-0.267023388013,map_000000362.png
-5.41232836954,6.55539279468,1.3798861967,-0.0,-0.0,-0.0,-5.51850652044,6.82920231696,-0.267023388013,map_000000363.png
-5.412330437,6.55539487485,1.37988737178,-0.0,-0.0,-0.0,-5.51850652044,6.82920231696,-0.267023388013,map_000000364.png
-5.41231857389,6.55538297031,1.37988088494,-0.0,-0.0,-0.0,-5.51850652044,6.82920231696,-0.267023388013,map_000000365.png
-5.41233044099,6.55539489334,1.37988735856,-0.0,-0.0,-0.0,-5.51850652044,6.82920231696,-0.267023388013,map_000000366.png
-5.41231857768,6.55538298887,1.3798809048,-0.0,-0.0,-0.0,-5.51850652044,6.82920231696,-0.267023388013,map_000000367.png
-5.41232837871,6.55539284128,1.37988625896,-0.0,-0.0,-0.0,-5.51850652044,6.82920231696,-0.267023388013,map_000000368.png
-5.41231858164,6.55538300725,1.37988088123,-0.0,-0.0,-0.0,-5.51850652044,6.82920231696,-0.267023388013,map_000000369.png
-5.41232838232,6.5553928597,1.37988628481,0.200289160013,-0.0,-0.0,-5.51850652044,6.82920231696,-0.267023388013,map_000000370.png
-5.41172258935,6.55854007073,1.37988760353,0.422559291124,-0.0,-0.0,-5.51850652044,6.82920231696,-0.267023388013,map_000000371.png
-5.40792163396,6.57819445999,1.37988645773,0.422559291124,-0.0,-0.0,-5.51850652044,6.82920231696,-0.267023388013,map_000000372.png
-5.40397276398,6.59863957165,1.37988761347,0.5,-0.0,-0.0,-5.51850652044,6.82920231696,-0.267023388013,map_000000373.png
-5.3947289896,6.64639584778,1.37988089262,0.5,-0.0,-0.0,-5.51850652044,6.82920231696,-0.267023388013,map_000000374.png
-5.3947289896,6.64639584778,1.37988089262,0.5,-0.0,-0.0,-5.51850652044,6.82920231696,-0.267023388013,map_000000375.png
-5.38525717615,6.69547854749,1.37988794799,0.5,-0.0,-0.0,-5.51850652044,6.82920231696,-0.267023388013,map_000000376.png
-5.37538241486,6.74649984646,1.37988092647,0.316145062447,-0.0,-0.0,-5.51850652044,6.82920231696,-0.267023388013,map_000000377.png
-5.366366236,6.79321240795,1.37988677944,0.0867793783545,-0.0,-0.0,-5.51850652044,6.82920231696,-0.267023388013,map_000000378.png
-5.36053405207,6.82332904189,1.37988135669,-0.0,-0.0,-0.0,-5.51850652044,6.82920231696,-0.267023388013,map_000000379.png
-5.35883205994,6.83219615426,1.37988674916,-0.0,-0.0,-0.0,-5.51850652044,6.82920231696,-0.267023388013,map_000000380.png
-5.35857076759,6.83356093174,1.37988782927,-0.0,-0.0,-0.0,-5.51850652044,6.82920231696,-0.267023388013,map_000000381.png
-5.35856870319,6.83355886988,1.37988673883,-0.0,-0.0,-0.0,-5.51850652044,6.82920231696,-0.267023388013,map_000000382.png
-5.35857077118,6.83356095014,1.37988785572,-0.0,-0.0,-0.0,-5.51850652044,6.82920231696,-0.267023388013,map_000000383.png
-5.35855890823,6.83354904561,1.37988134822,-0.0,-0.0,-0.0,-5.51850652044,6.82920231696,-0.267023388013,map_000000384.png
-5.35857077463,6.83356096852,1.37988789535,-0.0,-0.0,-0.0,-5.51850652044,6.82920231696,-0.267023388013,map_000000385.png
-5.35855891228,6.83354906398,1.37988131032,-0.0,-0.0,-0.0,-5.51850652044,6.82920231696,-0.267023388013,map_000000386.png
-5.35856871312,6.83355891663,1.37988671979,-0.0,-0.0,-0.0,-5.51850652044,6.82920231696,-0.267023388013,map_000000387.png
-5.35855891577,6.83354908268,1.37988138891,-0.0,-0.0,-0.0,-5.51850652044,6.82920231696,-0.267023388013,map_000000388.png
-5.35856871747,6.8335589352,1.37988666737,-0.0,-0.0,-0.0,-5.51850652044,6.82920231696,-0.267023388013,map_000000389.png
-5.35857078437,6.83356101524,1.37988789896,-0.0,-0.0,-0.0,-5.51850652044,6.82920231696,-0.267023388013,map_000000390.png
-5.35856872141,6.83355895368,1.37988665854,-0.0,-0.0,-0.0,-5.51850652044,6.82920231696,-0.267023388013,map_000000391.png
-5.35857078848,6.83356103376,1.37988787358,-0.0,-0.0,-1.0,-5.51850652044,6.82920231696,-0.267023388013,map_000000392.png
-5.35855892578,6.83354912931,1.37988134461,-0.0,-0.0,-1.0,-5.51850652044,6.82920231696,-0.267023388013,map_000000393.png
-5.35932533244,6.83372342894,1.29727462925,-0.0,-0.0,-1.0,-5.51850652044,6.82920231696,-0.267023388013,map_000000394.png
-5.3602555164,6.83403308818,1.19500136653,-0.0,-0.0,-1.0,-5.51850652044,6.82920231696,-0.267023388013,map_000000395.png
-5.36114650401,6.83443375154,1.0927263022,-0.0,-0.0,-1.0,-5.51850652044,6.82920231696,-0.267023388013,map_000000396.png
-5.36194795572,6.83489689302,0.994377924811,-0.0,-0.0,-1.0,-5.51850652044,6.82920231696,-0.267023388013,map_000000397.png
-5.36273090361,6.83545887822,0.896047857516,-0.0,-0.0,-1.0,-5.51850652044,6.82920231696,-0.267023388013,map_000000398.png
-5.36346572501,6.83610794978,0.793774216909,-0.0,-0.0,-1.0,-5.51850652044,6.82920231696,-0.267023388013,map_000000399.png
-5.36410228862,6.83678848111,0.695428871895,-0.0,-0.0,-1.0,-5.51850652044,6.82920231696,-0.267023388013,map_000000400.png
-5.36468768929,6.83756815589,0.593152824037,-0.0,-0.0,-1.0,-5.51850652044,6.82920231696,-0.267023388013,map_000000401.png
-5.36520031156,6.83840936539,0.490881787749,-0.0,-0.0,-1.0,-5.51850652044,6.82920231696,-0.267023388013,map_000000402.png
-5.36561129101,6.83927438531,0.392549894229,-0.0,-0.0,-1.0,-5.51850652044,6.82920231696,-0.267023388013,map_000000403.png
-5.36594375092,6.84019949037,0.290278637167,-0.0,-0.0,-1.0,-5.51850652044,6.82920231696,-0.267023388013,map_000000404.png
-5.36618078363,6.84115383031,0.188007672732,-0.0,-0.0,-1.0,-5.51850652044,6.82920231696,-0.267023388013,map_000000405.png
-5.36631192603,6.84208498495,0.0896689985984,-0.0,-0.0,-1.0,-5.51850652044,6.82920231696,-0.267023388013,map_000000406.png
-5.36636196454,6.843056939,-0.0126051197402,-0.0,-0.0,-1.0,-5.51850652044,6.82920231696,-0.267023388013,map_000000407.png
-5.36631013717,6.84404313637,-0.114872513046,-0.0,-0.0,-1.0,-5.51850652044,6.82920231696,-0.267023388013,map_000000408.png
-5.36615926811,6.84499063528,-0.213203844354,-0.0,-0.0,-1.0,-5.51850652044,6.82920231696,-0.267023388013,map_000000409.png
-5.36592167493,6.84592298366,-0.315485341578,-0.0,-0.0,-0.0,-5.51850652044,6.82920231696,-0.267023388013,map_000000410.png
-5.36558111612,6.84679184874,-0.409878316798,-0.0,-0.0,-0.0,-5.51850652044,6.82920231696,-0.267023388013,map_000000411.png
-5.36558083325,6.84679168169,-0.409878364052,-0.0,-0.0,-0.0,-5.51850652044,6.82920231696,-0.267023388013,map_000000412.png
-5.36557165611,6.8467825438,-0.409880586835,-0.0,-0.0,-0.0,-5.51850652044,6.82920231696,-0.267023388013,map_000000413.png
-5.3655716232,6.84678251166,-0.409880426993,-0.0,-0.0,-0.0,-5.51850652044,6.82920231696,-0.267023388013,map_000000414.png
-5.3655807725,6.84679162925,-0.409878367502,-0.0,-0.0,-0.0,-5.51850652044,6.82920231696,-0.267023388013,map_000000415.png
-5.36557159689,6.84678249096,-0.409880590543,-0.0,-0.0,-0.0,-5.51850652044,6.82920231696,-0.267023388013,map_000000416.png
-5.36557159689,6.84678249096,-0.409880590543,-0.0,-0.0,-0.0,-5.51850652044,6.82920231696,-0.267023388013,map_000000417.png
-5.36557156306,6.84678246015,-0.409880605159,-0.0,-0.0,-0.0,-5.51850652044,6.82920231696,-0.267023388013,map_000000418.png
-5.36558071339,6.84679157612,-0.409878333952,-0.0,-0.0,-0.0,-5.51850652044,6.82920231696,-0.267023388013,map_000000419.png
-5.36557153865,6.8467824369,-0.409880416492,-0.0,-0.0,-0.0,-5.51850652044,6.82920231696,-0.267023388013,map_000000420.png
-5.36557150318,6.84678240814,-0.409880723125,-0.0,-0.0,-0.0,-5.51850652044,6.82920231696,-0.267023388013,map_000000421.png
-5.36558065418,6.84679152329,-0.409878339003,-0.0,-0.0,-0.0,-5.51850652044,6.82920231696,-0.267023388013,map_000000422.png
-5.36557147781,6.84678238597,-0.409880698024,-0.0,-0.0,-0.0,-5.51850652044,6.82920231696,-0.267023388013,map_000000423.png
-5.36557144397,6.84678235531,-0.409880727645,-0.0,-0.0,-0.0,-5.51850652044,6.82920231696,-0.267023388013,map_000000424.png
-5.36558059485,6.8467914707,-0.40987836547,-0.0,-0.0,-0.0,-5.51850652044,6.82920231696,-0.267023388013,map_000000425.png
-5.3655714186,6.84678233313,-0.409880702037,-0.216330453753,0.0697653144598,-0.0,-5.51850652044,6.82920231696,-0.267023388013,map_000000426.png
-5.36557138569,6.84678230109,-0.409880548713,-0.216330453753,0.0697653144598,-0.0,-5.51850652044,6.82920231696,-0.267023388013,map_000000427.png
-5.37784956656,6.8575911902,-0.409880089566,-0.0,-0.0,-0.0,-5.51850652044,6.82920231696,-0.267023388013,map_000000428.png
-5.38604403688,6.86480613338,-0.409877884573,-0.0,-0.0,-0.0,-5.51850652044,6.82920231696,-0.267023388013,map_000000429.png
-5.3860373273,6.86479943882,-0.409879550728,-0.0,-0.0,-0.0,-5.51850652044,6.82920231696,-0.267023388013,map_000000430.png
-5.38604405142,6.86480613538,-0.409877856216,-0.0,-0.0,-0.0,-5.51850652044,6.82920231696,-0.267023388013,map_000000431.png
-5.3860439778,6.8648060817,-0.409877830773,-0.0,-0.0,-0.0,-5.51850652044,6.82920231696,-0.267023388013,map_000000432.png
-5.3860372684,6.86479938568,-0.409879509816,-0.0,-0.0,-0.0,-5.51850652044,6.82920231696,-0.267023388013,map_000000433.png
-5.38604399221,6.86480608251,-0.409877851664,-0.0,-0.0,-0.0,-5.51850652044,6.82920231696,-0.267023388013,map_000000434.png
-5.38604391858,6.86480602888,-0.409877836567,-0.0,-0.0,-0.0,-5.51850652044,6.82920231696,-0.267023388013,map_000000435.png
-5.38603720952,6.86479933228,-0.409879437621,-0.0,-0.0,-0.0,-5.51850652044,6.82920231696,-0.267023388013,map_000000436.png
-5.386043933,6.86480602967,-0.409877856074,-0.0,-0.0,-0.0,-5.51850652044,6.82920231696,-0.267023388013,map_000000437.png
-5.38604389741,6.86480601093,-0.409878069074,-0.353473007679,0.131241038442,-0.0,-5.51850652044,6.82920231696,-0.267023388013,map_000000438.png
-5.38604713523,6.86480923238,-0.409876995048,-0.353473007679,0.131241038442,-0.0,-5.51850652044,6.82920231696,-0.267023388013,map_000000439.png
-5.40777579626,6.88568500018,-0.409879132288,-0.429139822721,0.188005462289,-0.0,-5.51850652044,6.82920231696,-0.267023388013,map_000000440.png
-5.43903165389,6.91809890407,-0.409879269666,-0.0,-0.0,-0.0,-5.51850652044,6.82920231696,-0.267023388013,map_000000441.png
