
4.68771781433,1.44939073314,1.63439341413,-0.0,-0.0,-0.0,-6.32731713332,6.95602243264,2.15020104751,map_000000054.png
4.68770607641,1.44940252825,1.63439852296,0.245208591223,-0.105662710965,-0.0,-6.32731713332,6.95602243264,2.15020104751,map_000000055.png
4.68807715347,1.45039613379,1.63439304398,0.5,-0.221518605947,-0.0,-6.32731713332,6.95602243264,2.15020104751,map_000000056.png
4.69740915284,1.47654330177,1.63439744867,0.5,-0.221518605947,-0.0,-6.32731713332,6.95602243264,2.15020104751,map_000000057.png
4.71549521474,1.52569731375,1.63439799183,0.5,-0.24280525744,-0.0,-6.32731713332,6.95602243264,2.15020104751,map_000000058.png
4.73671373006,1.57911893099,1.63439164255,0.5,-0.24280525744,-0.0,-6.32731713332,6.95602243264,2.15020104751,map_000000059.png
4.75774674057,1.63055099912,1.6343967766,0.5,-0.24280525744,-0.0,-6.32731713332,6.95602243264,2.15020104751,map_000000060.png
4.77964482186,1.68401585948,1.63439022752,0.5,-0.0,-0.0,-6.32731713332,6.95602243264,2.15020104751,map_000000061.png
4.79764621001,1.73725560629,1.63439466312,0.5,0.143066957593,-0.0,-6.32731713332,6.95602243264,2.15020104751,map_000000062.png
4.7944797052,1.78712347845,1.63438991234,0.5,0.143066957593,-0.0,-6.32731713332,6.95602243264,2.15020104751,map_000000063.png
4.77689490619,1.8380969971,1.63439516647,0.398907423019,0.353511154652,-0.0,-6.32731713332,6.95602243264,2.15020104751,map_000000064.png
4.74246623872,1.87988948302,1.63439669053,0.379985958338,0.374797821045,-0.0,-6.32731713332,6.95602243264,2.15020104751,map_000000065.png
4.70346770072,1.91622091927,1.63439687123,0.320875436068,0.42210149765,-0.0,-6.32731713332,6.95602243264,2.15020104751,map_000000066.png
4.66016033565,1.95044174359,1.6343987952,0.257034510374,0.462290555239,-0.0,-6.32731713332,6.95602243264,2.15020104751,map_000000067.png
4.61339626717,1.97934055339,1.63439494818,0.22628711164,0.485942423344,-0.0,-6.32731713332,6.95602243264,2.15020104751,map_000000068.png
4.56554894995,2.00192719377,1.63440099857,0.216826379299,0.485942423344,-0.0,-6.32731713332,6.95602243264,2.15020104751,map_000000069.png
4.51365146517,2.02218072236,1.63439750718,0.216826379299,0.485942423344,-0.0,-6.32731713332,6.95602243264,2.15020104751,map_000000070.png
4.46178526007,2.04162537703,1.63440300738,0.216826379299,0.485942423344,-0.0,-6.32731713332,6.95602243264,2.15020104751,map_000000071.png
4.41194207874,2.06015759341,1.63440017563,0.216826379299,0.485942423344,-0.0,-6.32731713332,6.95602243264,2.15020104751,map_000000072.png
4.360085439,2.07945110583,1.63440548364,0.155350655317,0.5,-0.0,-6.32731713332,6.95602243264,2.15020104751,map_000000073.png
4.30791240717,2.0967456822,1.63440768081,0.112796410918,0.5,-0.0,-6.32731713332,6.95602243264,2.15020104751,map_000000074.png
4.2570825267,2.10855434208,1.6344082457,0.0323992110789,0.5,-0.0,-6.32731713332,6.95602243264,2.15020104751,map_000000075.png
4.20446224089,2.11695422038,1.63441034847,0.0323992110789,0.5,-0.0,-6.32731713332,6.95602243264,2.15020104751,map_000000076.png
4.15234659325,2.11764106861,1.6344070353,-0.0,0.5,-0.0,-6.32731713332,6.95602243264,2.15020104751,map_000000077.png
4.10240774097,2.11525131948,1.63441296218,-0.0,0.5,-0.0,-6.32731713332,6.95602243264,2.15020104751,map_000000078.png
4.05054708584,2.11193520546,1.63440976078,-0.0,0.5,-0.0,-6.32731713332,6.95602243264,2.15020104751,map_000000079.png
3.99866483973,2.10864071198,1.63441488467,-0.0,0.5,-0.0,-6.32731713332,6.95602243264,2.15020104751,map_000000080.png
3.94879700736,2.10545339317,1.63441239785,-0.0,0.5,-0.0,-6.32731713332,6.95602243264,2.15020104751,map_000000081.png
3.89691477153,2.10215875978,1.63441772239,-0.0,0.5,-0.0,-6.32731713332,6.95602243264,2.15020104751,map_000000082.png
3.84503990702,2.09885596756,1.6344197818,-0.0,0.5,-0.0,-6.32731713332,6.95602243264,2.15020104751,map_000000083.png
3.7951647183,2.09567653061,1.63442031757,-0.0,0.5,-0.0,-6.32731713332,6.95602243264,2.15020104751,map_000000084.png
3.7951647183,2.09567653061,1.63442031757,-0.0,0.5,-0.0,-6.32731713332,6.95602243264,2.15020104751,map_000000085.png
3.74328986423,2.09237359864,1.634422532,-0.0,0.5,-0.0,-6.32731713332,6.95602243264,2.15020104751,map_000000086.png
3.69142924057,2.0890569919,1.63441930155,-0.0,0.5,-0.0,-6.32731713332,6.95602243264,2.15020104751,map_000000087.png
3.64153983916,2.08589095616,1.63442520943,-0.0,0.5,-0.0,-6.32731713332,6.95602243264,2.15020104751,map_000000088.png
3.58967922376,2.08257420907,1.63442187761,-0.0,0.5,-0.0,-6.32731713332,6.95602243264,2.15020104751,map_000000089.png
3.53779702007,2.07927908202,1.63442718862,-0.0,0.5,-0.0,-6.32731713332,6.95602243264,2.15020104751,map_000000090.png
3.4879292262,2.07609115313,1.63442465895,-0.0,0.5,-0.0,-6.32731713332,6.95602243264,2.15020104751,map_000000091.png
3.43604703051,2.072795885,1.63442986249,-0.0,0.5,-0.0,-6.32731713332,6.95602243264,2.15020104751,map_000000092.png
3.38417220767,2.06949245961,1.63443203039,-0.0,0.5,-0.0,-6.32731713332,6.95602243264,2.15020104751,map_000000093.png
3.33231161536,2.06617535786,1.63442876433,-0.0,0.5,-0.0,-6.32731713332,6.95602243264,2.15020104751,map_000000094.png
3.28042943234,2.06287987526,1.63443390037,-0.0,0.5,-0.0,-6.32731713332,6.95602243264,2.15020104751,map_000000095.png
3.23056166096,2.05969160678,1.63443149656,-0.0,0.5,-0.0,-6.32731713332,6.95602243264,2.15020104751,map_000000096.png
3.17867948791,2.05639598424,1.63443670989,-0.0,0.5,-0.0,-6.32731713332,6.95602243264,2.15020104751,map_000000097.png
3.12680468678,2.05309220497,1.63443881811,-0.0,0.5,-0.0,-6.32731713332,6.95602243264,2.15020104751,map_000000098.png
3.07692955993,2.04991181817,1.63443941879,-0.0,0.5,-0.0,-6.32731713332,6.95602243264,2.15020104751,map_000000099.png
3.02505476814,2.04660789867,1.63444156744,-0.0,0.5,-0.0,-6.32731713332,6.95602243264,2.15020104751,map_000000100.png
2.97319420722,2.04329030368,1.63443830637,-0.0,0.5,-0.0,-6.32731713332,6.95602243264,2.15020104751,map_000000101.png
2.92330486639,2.04012331738,1.63444426422,-0.0,0.5,-0.0,-6.32731713332,6.95602243264,2.15020104751,map_000000102.png
2.87144431416,2.03680558273,1.63444102507,-0.0,0.5,-0.0,-6.32731713332,6.95602243264,2.15020104751,map_000000103.png
2.81956217215,2.03350946584,1.63444623154,-0.0,0.5,-0.0,-6.32731713332,6.95602243264,2.15020104751,map_000000104.png
2.76969443801,2.03032058617,1.6344436962,-0.0,0.5,-0.0,-6.32731713332,6.95602243264,2.15020104751,map_000000105.png
2.71781230473,2.02702432997,1.63444888045,-0.0,0.5,-0.0,-6.32731713332,6.95602243264,2.15020104751,map_000000106.png
2.66593754518,2.02371991616,1.63445109639,-0.0,0.5,-0.0,-6.32731713332,6.95602243264,2.15020104751,map_000000107.png
2.61606245642,2.0205389192,1.63445161002,-0.0,0.5,-0.0,-6.32731713332,6.95602243264,2.15020104751,map_000000108.png
2.56418770538,2.01723436553,1.63445377192,-0.0,0.5,-0.0,-6.32731713332,6.95602243264,2.15020104751,map_000000109.png
2.51232718536,2.01391613595,1.63445050305,-0.0,0.5,-0.0,-6.32731713332,6.95602243264,2.15020104751,map_000000110.png
2.46243788361,2.01074854045,1.63445647152,-0.0,0.5,-0.0,-6.32731713332,6.95602243264,2.15020104751,map_000000111.png
2.41057737232,2.00743017096,1.63445320662,-0.0,0.5,-0.0,-6.32731713332,6.95602243264,2.15020104751,map_000000112.png
2.35869527068,2.00413341985,1.63445840473,-0.0,0.5,-0.0,-6.32731713332,6.95602243264,2.15020104751,map_000000113.png
2.3088275766,2.0009439308,1.63445593062,-0.0,0.5,-0.0,-6.32731713332,6.95602243264,2.15020104751,map_000000114.png
2.25694548435,1.99764704005,1.63446116166,-0.0,0.5,-0.0,-6.32731713332,6.95602243264,2.15020104751,map_000000115.png
2.20507076455,1.99434199224,1.63446329958,-0.0,0.5,-0.0,-6.32731713332,6.95602243264,2.15020104751,map_000000116.png
2.15519571526,1.99116038633,1.63446386354,-0.0,0.5,-0.0,-6.32731713332,6.95602243264,2.15020104751,map_000000117.png
2.10332100427,1.98785519762,1.63446601026,-0.0,0.5,-0.0,-6.32731713332,6.95602243264,2.15020104751,map_000000118.png
2.05146052445,1.9845363337,1.63446274803,-0.0,0.5,-0.0,-6.32731713332,6.95602243264,2.15020104751,map_000000119.png
2.00157126102,1.98136812815,1.63446867606,-0.0,0.5,-0.0,-6.32731713332,6.95602243264,2.15020104751,map_000000120.png
1.94971079072,1.97804912415,1.63446551945,-0.0,0.5,-0.0,-6.32731713332,6.95602243264,2.15020104751,map_000000121.png
1.89782872939,1.97475173907,1.63447068755,-0.0,0.5,-0.0,-6.32731713332,6.95602243264,2.15020104751,map_000000122.png
1.89782872939,1.97475173907,1.63447068755,-0.0,0.5,-0.0,-6.32731713332,6.95602243264,2.15020104751,map_000000123.png
1.84796107308,1.97156164045,1.63446812721,-0.0,0.5,-0.0,-6.32731713332,6.95602243264,2.15020104751,map_000000124.png
1.79607902056,1.96826411634,1.63447332411,-0.0,0.5,-0.0,-6.32731713332,6.95602243264,2.15020104751,map_000000125.png
1.74420434102,1.96495843393,1.63447550846,-0.0,0.5,-0.0,-6.32731713332,6.95602243264,2.15020104751,map_000000126.png
1.69432933035,1.96177621775,1.63447605098,-0.0,0.5,-0.0,-6.32731713332,6.95602243264,2.15020104751,map_000000127.png
1.64245466013,1.95847039558,1.63447821383,-0.0,0.5,-0.0,-6.32731713332,6.95602243264,2.15020104751,map_000000128.png
1.59059422103,1.95515089752,1.63447499913,-0.0,0.5,-0.0,-6.32731713332,6.95602243264,2.15020104751,map_000000129.png
1.54070499727,1.95198208267,1.63448095532,-0.0,0.5,-0.0,-6.32731713332,6.95602243264,2.15020104751,map_000000130.png
1.4888445667,1.94866244489,1.63447767055,-0.0,0.5,-0.0,-6.32731713332,6.95602243264,2.15020104751,map_000000131.png
1.43696254596,1.9453644263,1.6344828482,-0.0,0.5,-0.0,-6.32731713332,6.95602243264,2.15020104751,map_000000132.png
1.38508789885,1.94205824972,1.63448503352,-0.0,0.5,-0.0,-6.32731713332,6.95602243264,2.15020104751,map_000000133.png
1.33322748194,1.93873839719,1.63448177085,-0.0,0.5,-0.0,-6.32731713332,6.95602243264,2.15020104751,map_000000134.png
1.28333827949,1.93556924182,1.6344877428,-0.0,0.5,-0.0,-6.32731713332,6.95602243264,2.15020104751,map_000000135.png
1.23147787168,1.93224925079,1.63448454051,-0.0,0.5,-0.0,-6.32731713332,6.95602243264,2.15020104751,map_000000136.png
1.17959587329,1.92895087772,1.63448969004,-0.0,0.5,-0.0,-6.32731713332,6.95602243264,2.15020104751,map_000000137.png
1.12972827853,1.92575982872,1.6344871779,-0.0,0.5,-0.0,-6.32731713332,6.95602243264,2.15020104751,map_000000138.png
1.07784628933,1.92246131675,1.63449242567,-0.0,0.5,-0.0,-6.32731713332,6.95602243264,2.15020104751,map_000000139.png
1.0259716732,1.91915464629,1.63449456032,-0.0,0.5,-0.0,-6.32731713332,6.95602243264,2.15020104751,map_000000140.png
0.976096722343,1.91597148028,1.63449506656,-0.0,0.5,-0.0,-6.32731713332,6.95602243264,2.15020104751,map_000000141.png
0.924222115129,1.91266467055,1.6344972386,-0.0,0.5,-0.0,-6.32731713332,6.95602243264,2.15020104751,map_000000142.png
0.872361738974,1.90934418473,1.63449408368,-0.0,0.5,-0.0,-6.32731713332,6.95602243264,2.15020104751,map_000000143.png
0.822472574858,1.90617441981,1.63449999138,-0.0,0.5,-0.0,-6.32731713332,6.95602243264,2.15020104751,map_000000144.png
0.770612206409,1.9028537936,1.63449665788,-0.0,0.5,-0.0,-6.32731713332,6.95602243264,2.15020104751,map_000000145.png
0.718730249554,1.89955478658,1.6345019637,-0.0,0.5,-0.0,-6.32731713332,6.95602243264,2.15020104751,map_000000146.png
0.668862693603,1.89636312818,1.63449945652,0.212115079165,0.5,-0.0,-6.32731713332,6.95602243264,2.15020104751,map_000000147.png
0.616602801548,1.89898843837,1.63450458059,0.491130560637,0.318052470684,-0.0,-6.32731713332,6.95602243264,2.15020104751,map_000000148.png
0.565289332239,1.921166001,1.63450669687,0.5,0.128875851631,-0.0,-6.32731713332,6.95602243264,2.15020104751,map_000000149.png
0.530438851729,1.96813217179,1.63450675068,0.5,0.128875851631,-0.0,-6.32731713332,6.95602243264,2.15020104751,map_000000150.png
0.511499699047,2.01890315052,1.6345080234,0.5,0.0106547744945,-0.0,-6.32731713332,6.95602243264,2.15020104751,map_000000151.png
0.503794840145,2.07048230235,1.63450254262,0.5,0.0106547744945,-0.0,-6.32731713332,6.95602243264,2.15020104751,map_000000152.png
0.499538282107,2.12030369829,1.63450814925,0.5,0.0106547744945,-0.0,-6.32731713332,6.95602243264,2.15020104751,map_000000153.png
0.495135386774,2.1720934951,1.63450266936,0.5,0.0106547744945,-0.0,-6.32731713332,6.95602243264,2.15020104751,map_000000154.png
0.49071091812,2.22390497958,1.6345074395,0.5,0.0106547744945,-0.0,-6.32731713332,6.95602243264,2.15020104751,map_000000155.png
0.486475926162,2.27370468383,1.63450267222,0.5,0.0106547744945,-0.0,-6.32731713332,6.95602243264,2.15020104751,map_000000156.png
0.48205145381,2.32551616776,1.63450738947,0.5,0.0106547744945,-0.0,-6.32731713332,6.95602243264,2.15020104751,map_000000157.png
0.477634938242,2.37732023567,1.63450832782,0.5,0.0106547744945,-0.0,-6.32731713332,6.95602243264,2.15020104751,map_000000158.png
0.473391984965,2.42712735583,1.63450753842,0.5,0.0106547744945,-0.0,-6.32731713332,6.95602243264,2.15020104751,map_000000159.png
0.473391984965,2.42712735583,1.63450753842,0.5,0.0106547744945,-0.0,-6.32731713332,6.95602243264,2.15020104751,map_000000160.png
0.46897546432,2.47893142368,1.63450832411,0.5,0.0106547744945,-0.0,-6.32731713332,6.95602243264,2.15020104751,map_000000161.png
0.464572558187,2.53072121846,1.63450284786,0.5,0.0106547744945,-0.0,-6.32731713332,6.95602243264,2.15020104751,map_000000162.png
0.46031598562,2.58054261172,1.63450843639,0.5,0.0106547744945,-0.0,-6.32731713332,6.95602243264,2.15020104751,map_000000163.png
0.455913075349,2.63233240624,1.63450288007,0.5,0.0106547744945,-0.0,-6.32731713332,6.95602243264,2.15020104751,map_000000164.png
0.451488592745,2.68414389022,1.63450767142,0.5,0.0106547744945,-0.0,-6.32731713332,6.95602243264,2.15020104751,map_000000165.png
0.44725358792,2.73394359447,1.63450297397,0.5,0.0697653144598,-0.0,-6.32731713332,6.95602243264,2.15020104751,map_000000166.png
0.439762953451,2.78555946894,1.63450788084,0.5,0.0768608674407,-0.0,-6.32731713332,6.95602243264,2.15020104751,map_000000167.png
0.42895915557,2.83695604816,1.63450877972,0.5,0.0768608674407,-0.0,-6.32731713332,6.95602243264,2.15020104751,map_000000168.png
0.417687725805,2.8883076554,1.63450355483,0.5,0.0768608674407,-0.0,-6.32731713332,6.95602243264,2.15020104751,map_000000169.png
0.406394711941,2.93968095041,1.63450843417,0.5,0.154892876744,-0.0,-6.32731713332,6.95602243264,2.15020104751,map_000000170.png
0.395555290239,2.98905930853,1.63450397799,0.5,0.154892876744,-0.0,-6.32731713332,6.95602243264,2.15020104751,map_000000171.png
0.377723660579,3.04001545249,1.63450905953,0.5,0.161988437176,-0.0,-6.32731713332,6.95602243264,2.15020104751,map_000000172.png
0.357861698675,3.09083412368,1.63451027294,0.5,0.223464161158,-0.0,-6.32731713332,6.95602243264,2.15020104751,map_000000173.png
0.335824300274,3.13950599505,1.63450987482,0.5,0.237655267119,-0.0,-6.32731713332,6.95602243264,2.15020104751,map_000000174.png
0.308933276389,3.18987620054,1.63451129088,0.5,0.228194519877,-0.0,-6.32731713332,6.95602243264,2.15020104751,map_000000175.png
0.281093478866,3.24017073424,1.6345066544,0.5,0.228194519877,-0.0,-6.32731713332,6.95602243264,2.15020104751,map_000000176.png
0.255136082685,3.2886076039,1.63451256396,0.5,0.228194519877,-0.0,-6.32731713332,6.95602243264,2.15020104751,map_000000177.png
0.228164468941,3.33895749632,1.63450784647,0.5,0.228194519877,-0.0,-6.32731713332,6.95602243264,2.15020104751,map_000000178.png
0.201171246304,3.38932906631,1.63451303299,0.5,0.228194519877,-0.0,-6.32731713332,6.95602243264,2.15020104751,map_000000179.png
0.175235337861,3.43774419488,1.63450909825,0.5,0.228194519877,-0.0,-6.32731713332,6.95602243264,2.15020104751,map_000000180.png
0.148242053275,3.48811573049,1.63451424445,0.5,0.228194519877,-0.0,-6.32731713332,6.95602243264,2.15020104751,map_000000181.png
0.121256436467,3.53847979753,1.63451568606,0.5,0.164353623986,-0.0,-6.32731713332,6.95602243264,2.15020104751,map_000000182.png
0.095312738421,3.58690233,1.6345155143,0.5,0.121799372137,-0.0,-6.32731713332,6.95602243264,2.15020104751,map_000000183.png
0.0746954913371,3.63767270162,1.63451682606,0.5,0.121799372137,-0.0,-6.32731713332,6.95602243264,2.15020104751,map_000000184.png
0.0579125600025,3.68867258429,1.63451175845,0.5,0.088686786592,-0.0,-6.32731713332,6.95602243264,2.15020104751,map_000000185.png
0.0446823505468,3.73792140342,1.63451752675,0.5,0.0484977252781,-0.0,-6.32731713332,6.95602243264,2.15020104751,map_000000186.png
0.0339475586719,3.78930718221,1.63451221967,0.5,0.0484977252781,-0.0,-6.32731713332,6.95602243264,2.15020104751,map_000000187.png
0.0255966091576,3.84086812697,1.63451707495,0.5,0.0484977252781,-0.0,-6.32731713332,6.95602243264,2.15020104751,map_000000188.png
0.0175861209454,3.89042692235,1.63451248733,0.5,0.0201155133545,-0.0,-6.32731713332,6.95602243264,2.15020104751,map_000000189.png
0.0092351579391,3.94198786515,1.63451740644,0.5,0.0201155133545,-0.0,-6.32731713332,6.95602243264,2.15020104751,map_000000190.png
0.00349687111645,3.99370758725,1.63451819388,0.5,0.0201155133545,-0.0,-6.32731713332,6.95602243264,2.15020104751,map_000000191.png
-0.00169031729351,4.04345445191,1.63451737827,0.5,0.0201155133545,-0.0,-6.32731713332,6.95602243264,2.15020104751,map_000000192.png
-0.00708885910946,4.09519585197,1.63451828334,0.5,0.0201155133545,-0.0,-6.32731713332,6.95602243264,2.15020104751,map_000000193.png
-0.0124737772702,4.14692297953,1.63451282029,0.5,0.0272110663354,-0.0,-6.32731713332,6.95602243264,2.15020104751,map_000000194.png
-0.0177878531712,4.19667688792,1.63451838729,0.5,0.0272110663354,-0.0,-6.32731713332,6.95602243264,2.15020104751,map_000000195.png
-0.0239088992376,4.24835704421,1.63451289627,0.5,0.0272110663354,-0.0,-6.32731713332,6.95602243264,2.15020104751,map_000000196.png
-0.0239088992376,4.24835704421,1.63451289627,0.5,0.0272110663354,-0.0,-6.32731713332,6.95602243264,2.15020104751,map_000000197.png
-0.0300515196444,4.30005889001,1.63451779814,0.5,0.0721304938197,-0.0,-6.32731713332,6.95602243264,2.15020104751,map_000000198.png
-0.0359385967758,4.34975316999,1.63451314714,0.5,0.0721304938197,-0.0,-6.32731713332,6.95602243264,2.15020104751,map_000000199.png
-0.0449489712161,4.40127203275,1.63451791754,0.5,0.0721304938197,-0.0,-6.32731713332,6.95602243264,2.15020104751,map_000000200.png
-0.0557438534856,4.45266910434,1.63451900636,0.5,0.0792260542512,-0.0,-6.32731713332,6.95602243264,2.15020104751,map_000000201.png
-0.0662896371974,4.50207405403,1.63451837276,0.5,0.0792260542512,-0.0,-6.32731713332,6.95602243264,2.15020104751,map_000000202.png
-0.0778206723372,4.55342415089,1.63451939146,0.5,0.185640275478,-0.0,-6.32731713332,6.95602243264,2.15020104751,map_000000203.png
-0.089338020405,4.60475997992,1.63451409582,0.5,0.185640275478,-0.0,-6.32731713332,6.95602243264,2.15020104751,map_000000204.png
-0.110201613881,4.65352169882,1.63452006482,0.5,0.185640275478,-0.0,-6.32731713332,6.95602243264,2.15020104751,map_000000205.png
-0.132758849907,4.70415308883,1.63451526612,0.5,0.19273583591,-0.0,-6.32731713332,6.95602243264,2.15020104751,map_000000206.png
-0.155734061989,4.75478086703,1.63452029661,0.5,0.19273583591,-0.0,-6.32731713332,6.95602243264,2.15020104751,map_000000207.png
-0.17904130787,4.80537950732,1.63452165993,0.5,0.19273583591,-0.0,-6.32731713332,6.95602243264,2.15020104751,map_000000208.png
-0.202334746801,4.85596388929,1.63451676817,0.5,0.19273583591,-0.0,-6.32731713332,6.95602243264,2.15020104751,map_000000209.png
-0.224755462903,4.9046262047,1.6345226357,0.5,0.150162518024,-0.0,-6.32731713332,6.95602243264,2.15020104751,map_000000210.png
-0.24804895463,4.9552105625,1.63451781897,0.5,0.150162518024,-0.0,-6.32731713332,6.95602243264,2.15020104751,map_000000211.png
-0.26762683593,5.00605507893,1.6345229115,0.5,0.140701770782,-0.0,-6.32731713332,6.95602243264,2.15020104751,map_000000212.png
-0.285175153345,5.05500521724,1.63451860452,0.5,0.121799372137,-0.0,-6.32731713332,6.95602243264,2.15020104751,map_000000213.png
-0.302186973484,5.10601346345,1.63452351401,0.5,0.102877892554,-0.0,-6.32731713332,6.95602243264,2.15020104751,map_000000214.png
-0.317682059967,5.15711055947,1.63452470636,0.5,0.102877892554,-0.0,-6.32731713332,6.95602243264,2.15020104751,map_000000215.png
-0.33112541368,5.20633056622,1.63452421941,0.5,0.102877892554,-0.0,-6.32731713332,6.95602243264,2.15020104751,map_000000216.png
-0.345110514803,5.25752401052,1.63452523211,0.5,0.102877892554,-0.0,-6.32731713332,6.95602243264,2.15020104751,map_000000217.png
-0.359081903006,5.30870319266,1.63452008744,0.5,0.102877892554,-0.0,-6.32731713332,6.95602243264,2.15020104751,map_000000218.png
-0.372539024996,5.35793744703,1.63452579654,0.5,0.102877892554,-0.0,-6.32731713332,6.95602243264,2.15020104751,map_000000219.png
-0.386510441385,5.40911662127,1.63452068393,0.5,0.102877892554,-0.0,-6.32731713332,6.95602243264,2.15020104751,map_000000220.png
-0.400503447569,5.4603174819,1.63452551405,0.5,0.102877892554,-0.0,-6.32731713332,6.95602243264,2.15020104751,map_000000221.png
-0.413939036276,5.50953003402,1.63452116456,0.5,0.102877892554,-0.0,-6.32731713332,6.95602243264,2.15020104751,map_000000222.png
-0.427932070058,5.56073088728,1.63452621351,0.5,0.102877892554,-0.0,-6.32731713332,6.95602243264,2.15020104751,map_000000223.png
-0.441917272897,5.61192430378,1.63452719741,0.5,0.102877892554,-0.0,-6.32731713332,6.95602243264,2.15020104751,map_000000224.png
-0.455360751656,5.66114427645,1.63452668588,0.5,0.102877892554,-0.0,-6.32731713332,6.95602243264,2.15020104751,map_000000225.png
-0.469345982418,5.71233768647,1.63452780703,0.5,0.102877892554,-0.0,-6.32731713332,6.95602243264,2.15020104751,map_000000226.png
-0.48331749971,5.76351683268,1.63452264977,0.5,0.102877892554,-0.0,-6.32731713332,6.95602243264,2.15020104751,map_000000227.png
-0.496774746408,5.81275105246,1.63452834048,0.5,0.102877892554,-0.0,-6.32731713332,6.95602243264,2.15020104751,map_000000228.png
-0.510746293096,5.86393019157,1.63452309689,0.5,0.102877892554,-0.0,-6.32731713332,6.95602243264,2.15020104751,map_000000229.png
-0.524739427015,5.91513101751,1.63452811468,0.5,0.102877892554,-0.0,-6.32731713332,6.95602243264,2.15020104751,map_000000230.png
-0.538175140881,5.96434353488,1.63452372229,0.5,0.102877892554,-0.0,-6.32731713332,6.95602243264,2.15020104751,map_000000231.png
-0.552168303907,6.01554435322,1.63452865013,0.5,0.102877892554,-0.0,-6.32731713332,6.95602243264,2.15020104751,map_000000232.png
-0.566153634344,6.06673773511,1.63452974265,0.5,0.102877892554,-0.0,-6.32731713332,6.95602243264,2.15020104751,map_000000233.png
-0.579597236128,6.11595767359,1.63452926357,0.5,0.102877892554,-0.0,-6.32731713332,6.95602243264,2.15020104751,map_000000234.png
-0.579597236128,6.11595767359,1.63452926357,0.5,0.102877892554,-0.0,-6.32731713332,6.95602243264,2.15020104751,map_000000235.png
-0.593582595286,6.16715104891,1.63453030637,0.5,0.102877892554,-0.0,-6.32731713332,6.95602243264,2.15020104751,map_000000236.png
-0.607554242312,6.21833016049,1.63452512455,0.5,0.102877892554,-0.0,-6.32731713332,6.95602243264,2.15020104751,map_000000237.png
-0.621011612942,6.2675643461,1.63453083177,0.5,0.102877892554,-0.0,-6.32731713332,6.95602243264,2.15020104751,map_000000238.png
-0.634983287236,6.31874344944,1.63452572057,0.5,0.102877892554,-0.0,-6.32731713332,6.95602243264,2.15020104751,map_000000239.png
-0.648976550596,6.36994424125,1.63453064139,0.5,0.112338632345,-0.0,-6.32731713332,6.95602243264,2.15020104751,map_000000240.png
-0.66278989185,6.41913263183,1.63452627056,0.5,0.119434185326,-0.0,-6.32731713332,6.95602243264,2.15020104751,map_000000241.png
-0.677934554802,6.47025993534,1.63453120841,0.5,0.150162518024,-0.0,-6.32731713332,6.95602243264,2.15020104751,map_000000242.png
-0.693882900973,6.52132800943,1.63453236193,0.5,0.268402665854,-0.0,-6.32731713332,6.95602243264,2.15020104751,map_000000243.png
-0.71276015237,6.57219401963,1.63452737307,0.5,0.268402665854,-0.0,-6.32731713332,6.95602243264,2.15020104751,map_000000244.png
-0.742510311569,6.62238917384,1.63453258628,0.5,0.275498211384,-0.0,-6.32731713332,6.95602243264,2.15020104751,map_000000245.png
-0.772967740437,6.67051528121,1.63452881808,0.5,0.275498211384,-0.0,-6.32731713332,6.95602243264,2.15020104751,map_000000246.png
-0.80486949235,6.72057308068,1.63453399191,0.5,0.275498211384,-0.0,-6.32731713332,6.95602243264,2.15020104751,map_000000247.png
-0.836763637131,6.77062339469,1.63453559361,0.5,0.28967025876,-0.0,-6.32731713332,6.95602243264,2.15020104751,map_000000248.png
-0.867653190636,6.81872981078,1.63453551285,0.5,0.308591723442,-0.0,-6.32731713332,6.95602243264,2.15020104751,map_000000249.png
-0.901017694237,6.86868623541,1.63453710385,0.5,0.308591723442,-0.0,-6.32731713332,6.95602243264,2.15020104751,map_000000250.png
-0.936331274258,6.91850311119,1.63453268234,0.5,0.308591723442,-0.0,-6.32731713332,6.95602243264,2.15020104751,map_000000251.png
-0.970309926799,6.96642741453,1.6345387688,0.5,0.315687268972,-0.0,-6.32731713332,6.95602243264,2.15020104751,map_000000252.png
-1.00607659147,7.01621531863,1.63453437083,0.5,0.315687268972,-0.0,-6.32731713332,6.95602243264,2.15020104751,map_000000253.png
-1.04214799736,7.06600681717,1.63453970002,0.5,0.325148016214,-0.0,-6.32731713332,6.95602243264,2.15020104751,map_000000254.png
-1.07707726112,7.11384729179,1.63453611728,0.436750382185,0.377162992954,-0.0,-6.32731713332,6.95602243264,2.15020104751,map_000000255.png
-1.11451310768,7.1630448575,1.63454138184,0.34452727437,0.45756021142,-0.0,-6.32731713332,6.95602243264,2.15020104751,map_000000256.png
-1.15653601271,7.20585984768,1.63454317879,0.34452727437,0.45756021142,-0.0,-6.32731713332,6.95602243264,2.15020104751,map_000000257.png
-1.2037764962,7.23808915622,1.63454345495,0.287781924009,0.490672767162,-0.0,-6.32731713332,6.95602243264,2.15020104751,map_000000258.png
-1.25576535628,7.26634161846,1.63454546826,0.266495257616,0.5,-0.0,-6.32731713332,6.95602243264,2.15020104751,map_000000259.png
-1.30900889007,7.2917136601,1.63454196527,0.195558801293,0.5,-0.0,-6.32731713332,6.95602243264,2.15020104751,map_000000260.png
-1.36043229202,7.3125781841,1.63454812313,0.093874938786,0.5,-0.0,-6.32731713332,6.95602243264,2.15020104751,map_000000261.png
-1.41345813746,7.32751446751,1.63454488827,0.0418599508703,0.5,-0.0,-6.32731713332,6.95602243264,2.15020104751,map_000000262.png
-1.46596165817,7.33395191659,1.6345501601,0.00401699868962,0.5,-0.0,-6.32731713332,6.95602243264,2.15020104751,map_000000263.png
-1.5160956382,7.33493357413,1.63454754282,0.00401699868962,0.5,-0.0,-6.32731713332,6.95602243264,2.15020104751,map_000000264.png
-1.5680522326,7.33280365045,1.63455277678,0.00401699868962,0.5,-0.0,-6.32731713332,6.95602243264,2.15020104751,map_000000265.png
-1.619953254,7.32991059069,1.634554961,0.00401699868962,0.5,-0.0,-6.32731713332,6.95602243264,2.15020104751,map_000000266.png
-1.66985359476,7.32712512032,1.63455549931,0.00401699868962,0.5,-0.0,-6.32731713332,6.95602243264,2.15020104751,map_000000267.png
-1.72175460834,7.32423192054,1.63455766763,0.00401699868962,0.5,-0.0,-6.32731713332,6.95602243264,2.15020104751,map_000000268.png
-1.77364139186,7.32132504038,1.63455444858,0.00401699868962,0.5,-0.0,-6.32731713332,6.95602243264,2.15020104751,map_000000269.png
-1.82355594812,7.31855297627,1.63456040783,0.00401699868962,0.5,-0.0,-6.32731713332,6.95602243264,2.15020104751,map_000000270.png
-1.87544272474,7.31564595573,1.63455711879,0.00401699868962,0.5,-0.0,-6.32731713332,6.95602243264,2.15020104751,map_000000271.png
-1.87544272474,7.31564595573,1.63455711879,0.00401699868962,0.5,-0.0,-6.32731713332,6.95602243264,2.15020104751,map_000000272.png
-1.92735109136,7.31276055359,1.63456232066,0.00401699868962,0.5,-0.0,-6.32731713332,6.95602243264,2.15020104751,map_000000273.png
-1.97724404145,7.30996659698,1.63455982161,0.00401699868962,0.5,-0.0,-6.32731713332,6.95602243264,2.15020104751,map_000000274.png
-2.02915239964,7.30708105542,1.63456505729,0.00401699868962,0.5,-0.0,-6.32731713332,6.95602243264,2.15020104751,map_000000275.png
-2.08105338716,7.30418736161,1.63456719536,0.00401699868962,0.5,-0.0,-6.32731713332,6.95602243264,2.15020104751,map_000000276.png
-2.13095369517,7.30140128202,1.63456766927,0.00401699868962,0.5,-0.0,-6.32731713332,6.95602243264,2.15020104751,map_000000277.png
-2.18285467274,7.29850744799,1.63456994806,0.00401699868962,0.5,-0.0,-6.32731713332,6.95602243264,2.15020104751,map_000000278.png
-2.23474142195,7.29559993271,1.63456662742,0.00401699868962,0.5,-0.0,-6.32731713332,6.95602243264,2.15020104751,map_000000279.png
-2.2846559439,7.29282725823,1.63457257135,0.00401699868962,0.5,-0.0,-6.32731713332,6.95602243264,2.15020104751,map_000000280.png
-2.33654268478,7.28991960377,1.63456936315,0.00401699868962,0.5,-0.0,-6.32731713332,6.95602243264,2.15020104751,map_000000281.png
-2.38845101734,7.2870335681,1.63457453903,0.00401699868962,0.5,-0.0,-6.32731713332,6.95602243264,2.15020104751,map_000000282.png
-2.44035197614,7.28413937991,1.6345766909,0.00401699868962,0.5,-0.0,-6.32731713332,6.95602243264,2.15020104751,map_000000283.png
-2.4922387041,7.28123151151,1.63457353337,0.00401699868962,0.5,-0.0,-6.32731713332,6.95602243264,2.15020104751,map_000000284.png
-2.54215320691,7.27845849627,1.63457944396,0.00401699868962,0.5,-0.0,-6.32731713332,6.95602243264,2.15020104751,map_000000285.png
-2.59403992776,7.27555048743,1.63457612326,0.00401699868962,0.5,-0.0,-6.32731713332,6.95602243264,2.15020104751,map_000000286.png
-2.64594823923,7.27266409709,1.63458141596,0.00401699868962,0.5,-0.0,-6.32731713332,6.95602243264,2.15020104751,map_000000287.png
-2.6958411363,7.26986918926,1.63457890609,0.00401699868962,0.5,-0.0,-6.32731713332,6.95602243264,2.15020104751,map_000000288.png
-2.74774944057,7.26698265906,1.63458403339,0.00401699868962,0.5,-0.0,-6.32731713332,6.95602243264,2.15020104751,map_000000289.png
-2.79965037141,7.26408797633,1.63458623019,0.00401699868962,0.5,-0.0,-6.32731713332,6.95602243264,2.15020104751,map_000000290.png
-2.84955062527,7.26130094596,1.63458677169,0.00401699868962,0.5,-0.0,-6.32731713332,6.95602243264,2.15020104751,map_000000291.png
-2.90145154831,7.25840612427,1.63458897036,0.00401699868962,0.5,-0.0,-6.32731713332,6.95602243264,2.15020104751,map_000000292.png
-2.95333824296,7.25549762151,1.634585666,0.00401699868962,0.5,-0.0,-6.32731713332,6.95602243264,2.15020104751,map_000000293.png
-3.00325271164,7.25272399669,1.63459163961,0.00401699868962,0.5,-0.0,-6.32731713332,6.95602243264,2.15020104751,map_000000294.png
-3.05513939681,7.24981535398,1.63458844836,0.00401699868962,0.5,-0.0,-6.32731713332,6.95602243264,2.15020104751,map_000000295.png
-3.10704767381,7.24692833012,1.63459358348,0.00401699868962,0.5,-0.0,-6.32731713332,6.95602243264,2.15020104751,map_000000296.png
-3.1569405362,7.24413281144,1.63459107682,0.00401699868962,0.5,-0.0,-6.32731713332,6.95602243264,2.15020104751,map_000000297.png
-3.2088488063,7.24124564663,1.63459623634,0.00401699868962,0.5,-0.0,-6.32731713332,6.95602243264,2.15020104751,map_000000298.png
-3.26074970155,7.23835033007,1.63459851111,0.00401699868962,0.5,-0.0,-6.32731713332,6.95602243264,2.15020104751,map_000000299.png
-3.31064992194,7.23556268919,1.63459904523,0.00401699868962,0.5,-0.0,-6.32731713332,6.95602243264,2.15020104751,map_000000300.png
-3.36255081078,7.23266723302,1.63460113435,0.00401699868962,0.5,-0.0,-6.32731713332,6.95602243264,2.15020104751,map_000000301.png
-3.41443746791,7.22975809572,1.63459792971,0.00401699868962,0.5,-0.0,-6.32731713332,6.95602243264,2.15020104751,map_000000302.png
-3.46435190275,7.22698386097,1.63460388446,0.00401699868962,0.5,-0.0,-6.32731713332,6.95602243264,2.15020104751,map_000000303.png
-3.51623855353,7.22407458393,1.63460061806,0.00401699868962,0.5,-0.0,-6.32731713332,6.95602243264,2.15020104751,map_000000304.png
-3.56814679395,7.22118692526,1.63460583685,0.00401699868962,0.5,-0.0,-6.32731713332,6.95602243264,2.15020104751,map_000000305.png
-3.6180396225,7.21839079752,1.63460333745,0.00401699868962,0.5,-0.0,-6.32731713332,6.95602243264,2.15020104751,map_000000306.png
-3.66994785495,7.21550300011,1.63460860313,0.00401699868962,0.5,-0.0,-6.32731713332,6.95602243264,2.15020104751,map_000000307.png
-3.72184871584,7.21260704857,1.63461067321,0.00401699868962,0.5,-0.0,-6.32731713332,6.95602243264,2.15020104751,map_000000308.png
-3.77174890264,7.2098187989,1.63461121306,0.00401699868962,0.5,-0.0,-6.32731713332,6.95602243264,2.15020104751,map_000000309.png
-3.77174890264,7.2098187989,1.63461121306,0.00401699868962,0.5,-0.0,-6.32731713332,6.95602243264,2.15020104751,map_000000310.png
-3.82364975487,7.20692270703,1.63461341296,0.00401699868962,0.5,-0.0,-6.32731713332,6.95602243264,2.15020104751,map_000000311.png
-3.87553637766,7.20401293576,1.63461016222,0.00401699868962,0.5,-0.0,-6.32731713332,6.95602243264,2.15020104751,map_000000312.png
-3.9254507785,7.20123809035,1.63461608895,0.00401699868962,0.5,-0.0,-6.32731713332,6.95602243264,2.15020104751,map_000000313.png
-3.9773373928,7.19832817829,1.6346128797,0.00401699868962,0.5,-0.0,-6.32731713332,6.95602243264,2.15020104751,map_000000314.png
-4.02924559916,7.1954398844,1.63461802766,0.00401699868962,0.5,-0.0,-6.32731713332,6.95602243264,2.15020104751,map_000000315.png
-4.07913839436,7.19264314659,1.63461553829,0.00401699868962,0.5,-0.0,-6.32731713332,6.95602243264,2.15020104751,map_000000316.png
-4.13104659308,7.18975471436,1.63462067918,0.00401699868962,0.5,-0.0,-6.32731713332,6.95602243264,2.15020104751,map_000000317.png
-4.18294741741,7.18685812843,1.63462292008,0.00401699868962,0.5,-0.0,-6.32731713332,6.95602243264,2.15020104751,map_000000318.png
-4.23483401221,7.18394786314,1.63461968658,0.00401699868962,0.5,-0.0,-6.32731713332,6.95602243264,2.15020104751,map_000000319.png
-4.2867421975,7.18105921532,1.63462487838,0.00401699868962,0.5,-0.0,-6.32731713332,6.95602243264,2.15020104751,map_000000320.png
-4.33663497381,7.17826213707,1.63462236009,0.00401699868962,0.5,-0.0,-6.32731713332,6.95602243264,2.15020104751,map_000000321.png
-4.3885431516,7.17537334948,1.63462755712,0.00401699868962,0.5,-0.0,-6.32731713332,6.95602243264,2.15020104751,map_000000322.png
-4.44044395611,7.17247640948,1.63462974011,0.00401699868962,0.5,-0.0,-6.32731713332,6.95602243264,2.15020104751,map_000000323.png
-4.49034408933,7.16968720899,1.63463022979,0.00401699868962,0.5,-0.0,-6.32731713332,6.95602243264,2.15020104751,map_000000324.png
-4.54224488576,7.16679012917,1.63463244676,0.00401699868962,0.5,-0.0,-6.32731713332,6.95602243264,2.15020104751,map_000000325.png
-4.59413145382,7.1638793682,1.63462916639,0.00401699868962,0.5,-0.0,-6.32731713332,6.95602243264,2.15020104751,map_000000326.png
-4.64404580142,7.16110357372,1.63463515679,0.00401699868962,0.5,-0.0,-6.32731713332,6.95602243264,2.15020104751,map_000000327.png
-4.69593236112,7.15819267316,1.63463189934,0.00401699868962,0.5,-0.0,-6.32731713332,6.95602243264,2.15020104751,map_000000328.png
-4.74784051094,7.15530339185,1.63463713199,0.00401699868962,0.5,-0.0,-6.32731713332,6.95602243264,2.15020104751,map_000000329.png
-4.79773325287,7.15250570366,1.63463460609,0.00401699868962,0.5,-0.0,-6.32731713332,6.95602243264,2.15020104751,map_000000330.png
-4.84964139474,7.14961628151,1.634639836,0.00401699868962,0.5,-0.0,-6.32731713332,6.95602243264,2.15020104751,map_000000331.png
-4.9015421657,7.14671870663,1.63464197331,0.00401699868962,0.5,-0.0,-6.32731713332,6.95602243264,2.15020104751,map_000000332.png
-4.95144226545,7.14392889566,1.63464244974,0.00401699868962,0.5,-0.0,-6.32731713332,6.95602243264,2.15020104751,map_000000333.png
-5.00334302724,7.14103118083,1.63464465162,0.00401699868962,0.5,-0.0,-6.32731713332,6.95602243264,2.15020104751,map_000000334.png
-5.05522955966,7.13811978624,1.6346414285,0.00401699868962,0.5,-0.0,-6.32731713332,6.95602243264,2.15020104751,map_000000335.png
-5.10514387293,7.13534338091,1.63464736418,0.00401699868962,0.5,-0.0,-6.32731713332,6.95602243264,2.15020104751,map_000000336.png
-5.15703039765,7.13243184566,1.63464408175,0.00401699868962,0.5,-0.0,-6.32731713332,6.95602243264,2.15020104751,map_000000337.png
-5.20893851267,7.12954192979,1.63464932208,0.00401699868962,0.5,-0.0,-6.32731713332,6.95602243264,2.15020104751,map_000000338.png
-5.25883121975,7.12674363169,1.63464687002,0.00401699868962,0.5,-0.0,-6.32731713332,6.95602243264,2.15020104751,map_000000339.png
-5.31073932711,7.12385357486,1.63465197651,0.00401699868962,0.5,-0.0,-6.32731713332,6.95602243264,2.15020104751,map_000000340.png
-5.36264006033,7.12095536618,1.63465422241,0.00401699868962,0.5,-0.0,-6.32731713332,6.95602243264,2.15020104751,map_000000341.png
-5.41254012506,7.11816494499,1.63465473638,0.00401699868962,0.5,-0.0,-6.32731713332,6.95602243264,2.15020104751,map_000000342.png
-5.46444085245,7.11526659582,1.63465689292,0.00401699868962,0.5,-0.0,-6.32731713332,6.95602243264,2.15020104751,map_000000343.png
-5.51632734919,7.11235456688,1.63465362549,0.00401699868962,0.5,-0.0,-6.32731713332,6.95602243264,2.15020104751,map_000000344.png
-5.56624162817,7.10957755141,1.63465959761,0.00401699868962,0.5,-0.0,-6.32731713332,6.95602243264,2.15020104751,map_000000345.png
-5.61812811648,7.10666538224,1.63465639491,0.00401699868962,0.5,-0.0,-6.32731713332,6.95602243264,2.15020104751,map_000000346.png
-5.61812811648,7.10666538224,1.63465639491,0.00401699868962,0.5,-0.0,-6.32731713332,6.95602243264,2.15020104751,map_000000347.png
-5.67003619598,7.10377483061,1.63466155282,0.00401699868962,0.5,-0.0,-6.32731713332,6.95602243264,2.15020104751,map_000000348.png
-5.71992887031,7.10097592135,1.6346589874,0.00401699868962,0.5,-0.0,-6.32731713332,6.95602243264,2.15020104751,map_000000349.png
-5.7718369418,7.09808523089,1.6346642813,0.00401699868962,0.5,-0.0,-6.32731713332,6.95602243264,2.15020104751,map_000000350.png
-5.82373764115,7.09518638767,1.63466641649,0.00401699868962,0.5,-0.0,-6.32731713332,6.95602243264,2.15020104751,map_000000351.png
-5.87363767244,7.09239535736,1.63466692707,0.00401699868962,0.5,-0.0,-6.32731713332,6.95602243264,2.15020104751,map_000000352.png
-5.92553836364,7.08949637336,1.6346690939,0.00401699868962,0.5,-0.0,-6.32731713332,6.95602243264,2.15020104751,map_000000353.png
-5.97742482418,7.08658370998,1.6346658749,0.00401699868962,0.5,-0.0,-6.32731713332,6.95602243264,2.15020104751,map_000000354.png
-6.02733906987,7.08380608494,1.63467184702,0.00401699868962,0.5,-0.0,-6.32731713332,6.95602243264,2.15020104751,map_000000355.png
-6.07922552372,7.08089328004,1.63466852728,0.00401699868962,0.5,-0.0,-6.32731713332,6.95602243264,2.15020104751,map_000000356.png
-6.13113356644,7.0780020953,1.63467382765,0.00401699868962,0.5,-0.0,-6.32731713332,6.95602243264,2.15020104751,map_000000357.png
-6.1830342379,7.07510275719,1.63467591512,0.00401699868962,0.5,-0.0,-6.32731713332,6.95602243264,2.15020104751,map_000000358.png
-6.2349206787,7.07218973932,1.63467270895,0.00401699868962,0.5,-0.0,-6.32731713332,6.95602243264,2.15020104751,map_000000359.png
-6.28483490543,7.06941177196,1.634678619,-0.0,0.5,-0.0,-6.32731713332,6.95602243264,2.15020104751,map_000000360.png
-6.33671108596,7.06633832883,1.63467543555,-0.0,-0.0,-0.0,-6.32731713332,6.95602243264,2.15020104751,map_000000361.png
-6.37662205837,7.06379580042,1.63468022291,-0.0,-0.0,-0.0,-6.32731713332,6.95602243264,2.15020104751,map_000000362.png
-6.3766122126,7.06378591378,1.63467594675,-0.0,-0.0,-1.0,-6.32731713332,6.95602243264,2.15020104751,map_000000363.png
-6.37662206145,7.0637958165,1.63468036114,-0.0,-0.0,-1.0,-6.32731713332,6.95602243264,2.15020104751,map_000000364.png
-6.37745299551,7.06377680682,1.54814335139,-0.0,-0.0,-1.0,-6.32731713332,6.95602243264,2.15020104751,map_000000365.png
-6.37837039363,7.06383474752,1.44979364616,-0.0,-0.0,-1.0,-6.32731713332,6.95602243264,2.15020104751,map_000000366.png
-6.3793369276,7.06399655934,1.347520289,-0.0,-0.0,-1.0,-6.32731713332,6.95602243264,2.15020104751,map_000000367.png
-6.38027387596,7.06424862842,1.24524256464,-0.0,-0.0,-1.0,-6.32731713332,6.95602243264,2.15020104751,map_000000368.png
-6.38117228546,7.06459921361,1.14691305609,-0.0,-0.0,-1.0,-6.32731713332,6.95602243264,2.15020104751,map_000000369.png
-6.38204534351,7.06504993696,1.04464051834,-0.0,-0.0,-1.0,-6.32731713332,6.95602243264,2.15020104751,map_000000370.png
-6.38287302326,7.06558452592,0.942369170984,-0.0,-0.0,-1.0,-6.32731713332,6.95602243264,2.15020104751,map_000000371.png
-6.3835910617,7.06615573196,0.844017231998,-0.0,-0.0,-1.0,-6.32731713332,6.95602243264,2.15020104751,map_000000372.png
-6.38429264539,7.06684100295,0.741743768066,-0.0,-0.0,-0.0,-6.32731713332,6.95602243264,2.15020104751,map_000000373.png
-6.38471112032,7.06732358742,0.678822804969,-0.0,-0.0,-0.0,-6.32731713332,6.95602243264,2.15020104751,map_000000374.png
-6.38472065993,7.0673331718,0.678828933846,-0.0,-0.0,-0.0,-6.32731713332,6.95602243264,2.15020104751,map_000000375.png
-6.38472061719,7.06733313505,0.678828935847,-0.0,-0.0,0.0898998975754,-6.32731713332,6.95602243264,2.15020104751,map_000000376.png
-6.38472057432,7.06733309789,0.678828977734,-0.0,-0.0,0.0898998975754,-6.32731713332,6.95602243264,2.15020104751,map_000000377.png
-6.38466712919,7.06726924055,0.68624901819,-0.0,-0.0,1.0,-6.32731713332,6.95602243264,2.15020104751,map_000000378.png
-6.38424931907,7.06678560007,0.756317446639,-0.0,-0.0,1.0,-6.32731713332,6.95602243264,2.15020104751,map_000000379.png
-6.38354319795,7.06610407352,0.858590711496,-0.0,-0.0,1.0,-6.32731713332,6.95602243264,2.15020104751,map_000000380.png
-6.3828188163,7.06553223676,0.95693999623,-0.0,-0.0,1.0,-6.32731713332,6.95602243264,2.15020104751,map_000000381.png
-6.38199139155,7.06500277597,1.05921281158,-0.0,-0.0,1.0,-6.32731713332,6.95602243264,2.15020104751,map_000000382.png
-6.3811158499,7.06457426831,1.16148840992,-0.0,-0.0,1.0,-6.32731713332,6.95602243264,2.15020104751,map_000000383.png
-6.38021695999,7.06421736884,1.2598163781,-0.0,-0.0,1.0,-6.32731713332,6.95602243264,2.15020104751,map_000000384.png
-6.38021695999,7.06421736884,1.2598163781,-0.0,-0.0,1.0,-6.32731713332,6.95602243264,2.15020104751,map_000000385.png
-6.37926437666,7.0639724316,1.36208727644,-0.0,-0.0,1.0,-6.32731713332,6.95602243264,2.15020104751,map_000000386.png
-6.37829849417,7.06378696884,1.46435806901,-0.0,-0.0,1.0,-6.32731713332,6.95602243264,2.15020104751,map_000000387.png
-6.37733948409,7.06374629604,1.56268383053,-0.0,-0.0,1.0,-6.32731713332,6.95602243264,2.15020104751,map_000000388.png
-6.37637797088,7.06378540279,1.66495774177,-0.0,-0.0,1.0,-6.32731713332,6.95602243264,2.15020104751,map_000000389.png
-6.37542086318,7.06390883402,1.76723402427,-0.0,-0.0,1.0,-6.32731713332,6.95602243264,2.15020104751,map_000000390.png
-6.37449186697,7.06413358694,1.86556699316,-0.0,-0.0,1.0,-6.32731713332,6.95602243264,2.15020104751,map_000000391.png
-6.37356335979,7.06446826559,1.96783747019,-0.0,-0.0,1.0,-6.32731713332,6.95602243264,2.15020104751,map_000000392.png
-6.37267697187,7.06489745319,2.07010895556,-0.0,-0.0,1.0,-6.32731713332,6.95602243264,2.15020104751,map_000000393.png
-6.37184159648,7.06540116027,2.17238470701,-0.0,-0.0,-0.0,-6.32731713332,6.95602243264,2.15020104751,map_000000394.png
-6.37130376345,7.06580175975,2.23924237553,-0.0,-0.0,-0.0,-6.32731713332,6.95602243264,2.15020104751,map_000000395.png
-6.371293886,7.06579187964,2.23924160918,-0.0,-0.0,-0.0,-6.32731713332,6.95602243264,2.15020104751,map_000000396.png
-6.37130380593,7.06580181344,2.23924237986,-0.0,-0.0,-0.0,-6.32731713332,6.95602243264,2.15020104751,map_000000397.png
-6.3713054684,7.06580347579,2.23924251864,-0.0,-0.0,-0.0,-6.32731713332,6.95602243264,2.15020104751,map_000000398.png
-6.37130381364,7.06580182357,2.2392424089,-0.0,-0.0,-0.0,-6.32731713332,6.95602243264,2.15020104751,map_000000399.png
-6.37130547625,7.06580348581,2.23924252974,-0.0,-0.0,-0.0,-6.32731713332,6.95602243264,2.15020104751,map_000000400.png
-6.37129390598,7.06579190525,2.23924164345,-0.0,-0.0,-0.0,-6.32731713332,6.95602243264,2.15020104751,map_000000401.png
-6.37130548422,7.06580349574,2.23924252441,-0.0,-0.0,-0.0,-6.32731713332,6.95602243264,2.15020104751,map_000000402.png
-6.37129391403,7.06579191509,2.23924162678,-0.0,-0.0,-0.0,-6.32731713332,6.95602243264,2.15020104751,map_000000403.png
-6.37130383384,7.06580184865,2.23924239076,-0.0,-0.0,-0.0,-6.32731713332,6.95602243264,2.15020104751,map_000000404.png
-6.37129392183,7.06579192517,2.23924164519,-0.0,-0.0,-0.0,-6.32731713332,6.95602243264,2.15020104751,map_000000405.png
-6.3713038416,7.06580185874,2.23924241353,-0.180871754885,-0.0,-0.0,-6.32731713332,6.95602243264,2.15020104751,map_000000406.png
-6.36547885308,7.05842546428,2.23924250639,-0.5,-0.19552063942,-0.0,-6.32731713332,6.95602243264,2.15020104751,map_000000407.png
-6.34303793526,7.04010061786,2.23924239965,-0.5,-0.19552063942,-0.0,-6.32731713332,6.95602243264,2.15020104751,map_000000408.png
-6.29487404355,7.01190771836,2.23924201053,-0.5,-0.19552063942,-0.0,-6.32731713332,6.95602243264,2.15020104751,map_000000409.png
-6.24669746334,6.98370183198,2.23924038981,-0.0,-0.0,-0.0,-6.32731713332,6.95602243264,2.15020104751,map_000000410.png
