
3.37325456597,4.89810258116,-2.28271868897,-0.0,-0.0,-0.0,1.02705509301,0.28576714222,-0.302444679009,map_000000030.png
3.37325702157,4.89810502622,-2.28271885234,0.313779860735,-0.181329533458,-0.0,1.02705509301,0.28576714222,-0.302444679009,map_000000031.png
3.36232460639,4.89429215328,-2.28271198885,0.481669813395,-0.351584672928,-0.0,1.02705509301,0.28576714222,-0.302444679009,map_000000032.png
3.32619278977,4.8822688143,-2.28271698412,0.481669813395,-0.351584672928,-0.0,1.02705509301,0.28576714222,-0.302444679009,map_000000033.png
3.26580640584,4.86823510978,-2.28271499866,0.481669813395,-0.351584672928,-0.0,1.02705509301,0.28576714222,-0.302444679009,map_000000034.png
3.20542332447,4.85420451968,-2.28271277425,0.481669813395,-0.351584672928,-0.0,1.02705509301,0.28576714222,-0.302444679009,map_000000035.png
3.14734973263,4.84070038082,-2.28271071827,0.481669813395,-0.351584672928,-0.0,1.02705509301,0.28576714222,-0.302444679009,map_000000036.png
3.08698032062,4.82666336034,-2.28270158916,0.481669813395,-0.36104542017,-0.0,1.02705509301,0.28576714222,-0.302444679009,map_000000037.png
3.02629764415,4.81288567253,-2.28270599201,0.5,-0.256996363401,-0.0,1.02705509301,0.28576714222,-0.302444679009,map_000000038.png
2.96832017143,4.79902727433,-2.28270392204,0.5,-0.0323610641062,-0.0,1.02705509301,0.28576714222,-0.302444679009,map_000000039.png
2.91413745087,4.77712925052,-2.2827020137,0.5,0.107608266175,-0.0,1.02705509301,0.28576714222,-0.302444679009,map_000000040.png
2.87762973997,4.73996881894,-2.28270132707,0.5,0.107608266175,-0.0,1.02705509301,0.28576714222,-0.302444679009,map_000000041.png
2.85143706744,4.69655292737,-2.28269401319,0.5,0.157258063555,-0.0,1.02705509301,0.28576714222,-0.302444679009,map_000000042.png
2.828344601,4.64782348788,-2.28270057913,0.5,0.214003413916,-0.0,1.02705509301,0.28576714222,-0.302444679009,map_000000043.png
2.8088176048,4.59600073935,-2.28270101297,0.5,0.230559706688,-0.0,1.02705509301,0.28576714222,-0.302444679009,map_000000044.png
2.7921078771,4.5417677656,-2.28270095507,0.5,0.277844339609,-0.0,1.02705509301,0.28576714222,-0.302444679009,map_000000045.png
2.77674359354,4.48638101039,-2.28269377443,0.432020008564,0.327513188124,-0.0,1.02705509301,0.28576714222,-0.302444679009,map_000000046.png
2.76511085079,4.43040523665,-2.28270083673,0.432020008564,0.327513188124,-0.0,1.02705509301,0.28576714222,-0.302444679009,map_000000047.png
2.76089306675,4.37400540391,-2.28270141144,0.432020008564,0.344069480896,-0.0,1.02705509301,0.28576714222,-0.302444679009,map_000000048.png
2.75833685163,4.31689598999,-2.28270178748,0.422559291124,0.344069480896,-0.0,1.02705509301,0.28576714222,-0.302444679009,map_000000049.png
2.7565256906,4.26215024282,-2.2827033675,0.422559291124,0.344069480896,-0.0,1.02705509301,0.28576714222,-0.302444679009,map_000000050.png
2.75492551529,4.20552043185,-2.28269677169,0.422559291124,0.344069480896,-0.0,1.02705509301,0.28576714222,-0.302444679009,map_000000051.png
2.75329958371,4.14890209732,-2.28270417538,0.422559291124,0.344069480896,-0.0,1.02705509301,0.28576714222,-0.302444679009,map_000000052.png
2.75174540342,4.09445345752,-2.28270482086,0.422559291124,0.344069480896,-0.0,1.02705509301,0.28576714222,-0.302444679009,map_000000053.png
2.7501322428,4.03782923341,-2.28270520847,0.422559291124,0.344069480896,-0.0,1.02705509301,0.28576714222,-0.302444679009,map_000000054.png
2.74851240635,3.98119909423,-2.28270642844,0.422559291124,0.344069480896,-0.0,1.02705509301,0.28576714222,-0.302444679009,map_000000055.png
2.74696764263,3.92674008943,-2.2827000947,0.422559291124,0.344069480896,-0.0,1.02705509301,0.28576714222,-0.302444679009,map_000000056.png
2.74534151261,3.87012176002,-2.28270762596,0.422559291124,0.344069480896,-0.0,1.02705509301,0.28576714222,-0.302444679009,map_000000057.png
2.74371585676,3.81348590489,-2.28270899325,0.422559291124,0.344069480896,-0.0,1.02705509301,0.28576714222,-0.302444679009,map_000000058.png
2.74217378539,3.75904890349,-2.28270865991,0.422559291124,0.344069480896,-0.0,1.02705509301,0.28576714222,-0.302444679009,map_000000059.png
2.74055375302,3.70241876931,-2.28270988014,0.422559291124,0.344069480896,-0.0,1.02705509301,0.28576714222,-0.302444679009,map_000000060.png
2.73893708056,3.64579158003,-2.28271043166,0.422559291124,0.344069480896,-0.0,1.02705509301,0.28576714222,-0.302444679009,map_000000061.png
2.73738247714,3.5913414464,-2.28271106513,0.413098543882,0.344069480896,-0.0,1.02705509301,0.28576714222,-0.302444679009,map_000000062.png
2.73612731741,3.53513520369,-2.2827124522,0.40363779664,0.351165056229,-0.0,1.02705509301,0.28576714222,-0.302444679009,map_000000063.png
2.73566362163,3.47936599997,-2.2827132766,0.40363779664,0.351165056229,-0.0,1.02705509301,0.28576714222,-0.302444679009,map_000000064.png
2.73566362163,3.47936599997,-2.2827132766,0.40363779664,0.351165056229,-0.0,1.02705509301,0.28576714222,-0.302444679009,map_000000065.png
2.73588813004,3.42589254735,-2.28271342366,0.40363779664,0.351165056229,-0.0,1.02705509301,0.28576714222,-0.302444679009,map_000000066.png
2.73611481215,3.37027276438,-2.28271405286,0.40363779664,0.358241528273,-0.0,1.02705509301,0.28576714222,-0.302444679009,map_000000067.png
2.73634143774,3.31465271723,-2.2827147333,0.40363779664,0.358241528273,-0.0,1.02705509301,0.28576714222,-0.302444679009,map_000000068.png
2.73702146392,3.26075618744,-2.28271620853,0.394177079201,0.365337073803,-0.0,1.02705509301,0.28576714222,-0.302444679009,map_000000069.png
2.73863891753,3.20483986343,-2.28271688515,0.356353193521,0.398449659348,-0.0,1.02705509301,0.28576714222,-0.302444679009,map_000000070.png
2.74342605903,3.14939171114,-2.28271086308,0.297223567963,0.429177969694,-0.0,1.02705509301,0.28576714222,-0.302444679009,map_000000071.png
2.75252794425,3.09730018442,-2.28271837664,0.257034510374,0.46702092886,-0.0,1.02705509301,0.28576714222,-0.302444679009,map_000000072.png
2.76721964212,3.0448716276,-2.28271953289,0.209749907255,0.493037968874,-0.0,1.02705509301,0.28576714222,-0.302444679009,map_000000073.png
2.7865249503,2.99292531406,-2.28272067043,0.160081028938,0.5,-0.0,1.02705509301,0.28576714222,-0.302444679009,map_000000074.png
2.81013147049,2.94484348755,-2.28272324086,0.160081028938,0.5,-0.0,1.02705509301,0.28576714222,-0.302444679009,map_000000075.png
2.83787561846,2.897621895,-2.28271821419,0.150620281696,0.5,-0.0,1.02705509301,0.28576714222,-0.302444679009,map_000000076.png
2.8667687085,2.8515596261,-2.28272640179,0.150620281696,0.5,-0.0,1.02705509301,0.28576714222,-0.302444679009,map_000000077.png
2.89477293377,2.80750862367,-2.28272789485,0.150620281696,0.5,-0.0,1.02705509301,0.28576714222,-0.302444679009,map_000000078.png
2.92390091208,2.76169802641,-2.28272928923,0.131717890501,0.5,-0.0,1.02705509301,0.28576714222,-0.302444679009,map_000000079.png
2.95316996942,2.71605303461,-2.28273167286,-0.0602664276958,-0.0820108652115,-0.0,1.02705509301,0.28576714222,-0.302444679009,map_000000080.png
2.983578179,2.67172709536,-2.28273349906,-0.0602664276958,-0.0820108652115,-0.0,1.02705509301,0.28576714222,-0.302444679009,map_000000081.png
3.01398648448,2.62740090204,-2.28273514869,-0.157219916582,-0.311376541853,-0.0,1.02705509301,0.28576714222,-0.302444679009,map_000000082.png
3.00414522314,2.65306002378,-2.2827352661,-0.223426014185,-0.5,-0.0,1.02705509301,0.28576714222,-0.302444679009,map_000000083.png
2.98394868423,2.69767535102,-2.28273386695,-0.242347478867,-0.5,-0.0,1.02705509301,0.28576714222,-0.302444679009,map_000000084.png
2.96037861765,2.74990349024,-2.28272581487,-0.27072969079,-0.5,-0.0,1.02705509301,0.28576714222,-0.302444679009,map_000000085.png
2.93887397857,2.80150794091,-2.2827301992,-0.280171364546,-0.5,-0.0,1.02705509301,0.28576714222,-0.302444679009,map_000000086.png
2.91795617781,2.85683268815,-2.28272884155,-0.289632111788,-0.5,-0.0,1.02705509301,0.28576714222,-0.302444679009,map_000000087.png
2.89763341719,2.91284656379,-2.28272730828,-0.289632111788,-0.5,-0.0,1.02705509301,0.28576714222,-0.302444679009,map_000000088.png
2.87864761486,2.96735158757,-2.28272588698,-0.289632111788,-0.5,-0.0,1.02705509301,0.28576714222,-0.302444679009,map_000000089.png
2.85898049912,3.02410315,-2.28271798854,-0.289632111788,-0.5,-0.0,1.02705509301,0.28576714222,-0.302444679009,map_000000090.png
2.83928703632,3.08086827225,-2.28272258578,0.110431224108,-0.45561465621,-0.0,1.02705509301,0.28576714222,-0.302444679009,map_000000091.png
2.81216485226,3.12349676573,-2.28272091366,0.278321176767,-0.491092413664,-0.0,1.02705509301,0.28576714222,-0.302444679009,map_000000092.png
2.76607694779,3.14367395213,-2.28271905033,0.35398799181,-0.41306039691,-0.0,1.02705509301,0.28576714222,-0.302444679009,map_000000093.png
2.70851797645,3.15511721539,-2.28271637186,0.361083567142,-0.377582639456,-0.0,1.02705509301,0.28576714222,-0.302444679009,map_000000094.png
2.65414938912,3.15529143878,-2.28270760485,0.361083567142,-0.377582639456,-0.0,1.02705509301,0.28576714222,-0.302444679009,map_000000095.png
2.59945218271,3.15309484884,-2.2827120285,0.368160039186,-0.377582639456,-0.0,1.02705509301,0.28576714222,-0.302444679009,map_000000096.png
2.54490510843,3.14996605322,-2.28270955643,0.401272624731,-0.344489127398,-0.0,1.02705509301,0.28576714222,-0.302444679009,map_000000097.png
2.49244945243,3.14471903365,-2.28270787657,0.486400187016,-0.223883792758,-0.0,1.02705509301,0.28576714222,-0.302444679009,map_000000098.png
2.43907840184,3.13251851872,-2.28270597141,0.493495732546,-0.216788232327,-0.0,1.02705509301,0.28576714222,-0.302444679009,map_000000099.png
2.38842852157,3.10935896676,-2.28270394209,0.493495732546,-0.174233987927,-0.0,1.02705509301,0.28576714222,-0.302444679009,map_000000100.png
2.33979388057,3.0861662832,-2.28270253104,0.493495732546,-0.174233987927,-0.0,1.02705509301,0.28576714222,-0.302444679009,map_000000101.png
2.33979388057,3.0861662832,-2.28270253104,0.5,-0.117488630116,-0.0,1.02705509301,0.28576714222,-0.302444679009,map_000000102.png
2.29216897054,3.0594807773,-2.28270087486,0.5,-0.117488630116,-0.0,1.02705509301,0.28576714222,-0.302444679009,map_000000103.png
2.2475730873,3.02961835717,-2.28269985846,0.5,-0.0,-0.0,1.02705509301,0.28576714222,-0.302444679009,map_000000104.png
2.21101632336,2.9951594511,-2.28269867445,0.5,-0.0,-0.0,1.02705509301,0.28576714222,-0.302444679009,map_000000105.png
2.17705909284,2.95580416836,-2.28269757846,0.5,-0.0,-0.0,1.02705509301,0.28576714222,-0.302444679009,map_000000106.png
2.14310167843,2.91644870047,-2.28269683817,0.5,-0.0,-0.0,1.02705509301,0.28576714222,-0.302444679009,map_000000107.png
2.11044128925,2.87859780298,-2.28269614477,0.5,-0.0,-0.0,1.02705509301,0.28576714222,-0.302444679009,map_000000108.png
2.07648639749,2.83924471702,-2.28269566605,0.5,-0.0,-0.0,1.02705509301,0.28576714222,-0.302444679009,map_000000109.png
2.04254561317,2.79988658303,-2.2826876547,0.5,-0.0,-0.0,1.02705509301,0.28576714222,-0.302444679009,map_000000110.png
2.00988506156,2.76205452877,-2.282693451,0.5,-0.0,-0.0,1.02705509301,0.28576714222,-0.302444679009,map_000000111.png
1.97592780934,2.72269892015,-2.28269271205,0.5,-0.0,-0.0,1.02705509301,0.28576714222,-0.302444679009,map_000000112.png
1.94197385814,2.68334653401,-2.28269177619,0.5,-0.0,-0.0,1.02705509301,0.28576714222,-0.302444679009,map_000000113.png
1.90931284216,2.6454946637,-2.28269153933,0.5,-0.0,-0.0,1.02705509301,0.28576714222,-0.302444679009,map_000000114.png
1.87537221871,2.60613638969,-2.28268352904,0.5,-0.0,-0.0,1.02705509301,0.28576714222,-0.302444679009,map_000000115.png
1.84140528293,2.56678991948,-2.28268951225,0.5,0.0153851434588,-0.0,1.02705509301,0.28576714222,-0.302444679009,map_000000116.png
1.80959311395,2.52822507755,-2.28268862258,0.5,0.0579393915832,-0.0,1.02705509301,0.28576714222,-0.302444679009,map_000000117.png
1.77878270904,2.48616036998,-2.28268780737,0.5,0.0744956806302,-0.0,1.02705509301,0.28576714222,-0.302444679009,map_000000118.png
1.74993447049,2.44239112279,-2.28268752518,0.5,0.0744956806302,-0.0,1.02705509301,0.28576714222,-0.302444679009,map_000000119.png
1.7218413241,2.39797619012,-2.28268675161,0.5,0.126529738307,-0.0,1.02705509301,0.28576714222,-0.302444679009,map_000000120.png
1.69406308832,2.35328920418,-2.28268627324,0.5,0.135971397161,-0.0,1.02705509301,0.28576714222,-0.302444679009,map_000000121.png
1.67097939832,2.30717534738,-2.28268633622,0.5,0.135971397161,-0.0,1.02705509301,0.28576714222,-0.302444679009,map_000000122.png
1.64764169793,2.25866155035,-2.28268619743,0.5,0.143066957593,-0.0,1.02705509301,0.28576714222,-0.302444679009,map_000000123.png
1.62479034765,2.20973525622,-2.28267850623,0.5,0.157258063555,-0.0,1.02705509301,0.28576714222,-0.302444679009,map_000000124.png
1.60351648424,2.16207857309,-2.28268516126,0.5,0.157258063555,-0.0,1.02705509301,0.28576714222,-0.302444679009,map_000000125.png
1.5819376246,2.11204267447,-2.28268499225,0.5,0.204542681575,-0.0,1.02705509301,0.28576714222,-0.302444679009,map_000000126.png
1.56093466589,2.06151595032,-2.28268456779,0.5,0.211638227105,-0.0,1.02705509301,0.28576714222,-0.302444679009,map_000000127.png
1.54375458299,2.0103068714,-2.28268536759,0.5,0.211638227105,-0.0,1.02705509301,0.28576714222,-0.302444679009,map_000000128.png
1.52645094207,1.95659393524,-2.28267793655,0.5,0.225829333067,-0.0,1.02705509301,0.28576714222,-0.302444679009,map_000000129.png
1.51004496328,1.90209558349,-2.28268490243,0.5,0.24002045393,-0.0,1.02705509301,0.28576714222,-0.302444679009,map_000000130.png
1.49513050975,1.84895111031,-2.28268501827,0.5,0.24002045393,-0.0,1.02705509301,0.28576714222,-0.302444679009,map_000000131.png
1.4800692986,1.79329773985,-2.28268490979,0.5,0.24002045393,-0.0,1.02705509301,0.28576714222,-0.302444679009,map_000000132.png
1.46500159202,1.73763842903,-2.2826855093,0.5,0.24002045393,-0.0,1.02705509301,0.28576714222,-0.302444679009,map_000000133.png
1.45052609592,1.68411292654,-2.28267856033,0.5,0.24002045393,-0.0,1.02705509301,0.28576714222,-0.302444679009,map_000000134.png
1.43545191388,1.62846545594,-2.28268567814,0.5,0.24002045393,-0.0,1.02705509301,0.28576714222,-0.302444679009,map_000000135.png
1.42037849424,1.57280044697,-2.28268633627,0.5,0.24002045393,-0.0,1.02705509301,0.28576714222,-0.302444679009,map_000000136.png
1.40590578086,1.51929695729,-2.28268566977,0.5,0.24002045393,-0.0,1.02705509301,0.28576714222,-0.302444679009,map_000000137.png
1.39083803535,1.46363765771,-2.28268622749,0.5,0.24002045393,-0.0,1.02705509301,0.28576714222,-0.302444679009,map_000000138.png
1.39083803535,1.46363765771,-2.28268622749,0.5,0.24002045393,-0.0,1.02705509301,0.28576714222,-0.302444679009,map_000000139.png
1.37577360709,1.40798131489,-2.2826861736,0.5,0.24002045393,-0.0,1.02705509301,0.28576714222,-0.302444679009,map_000000140.png
1.36128827959,1.35446470594,-2.28268638365,0.5,0.24002045393,-0.0,1.02705509301,0.28576714222,-0.302444679009,map_000000141.png
1.34621481848,1.29879970878,-2.2826870557,0.5,0.24711599946,-0.0,1.02705509301,0.28576714222,-0.302444679009,map_000000142.png
1.33115271349,1.24314555028,-2.28268723951,0.5,0.24711599946,-0.0,1.02705509301,0.28576714222,-0.302444679009,map_000000143.png
1.31710389391,1.18926626336,-2.28268697014,0.5,0.24711599946,-0.0,1.02705509301,0.28576714222,-0.302444679009,map_000000144.png
1.30259792289,1.13312804787,-2.2826869634,0.5,0.24711599946,-0.0,1.02705509301,0.28576714222,-0.302444679009,map_000000145.png
1.28809183873,1.0769895711,-2.28268710209,0.5,0.24711599946,-0.0,1.02705509301,0.28576714222,-0.302444679009,map_000000146.png
1.27413457181,1.02300122828,-2.28268766836,0.5,0.24711599946,-0.0,1.02705509301,0.28576714222,-0.302444679009,map_000000147.png
1.25963092198,0.966865195931,-2.28268798772,0.5,0.24711599946,-0.0,1.02705509301,0.28576714222,-0.302444679009,map_000000148.png
1.24514109197,0.910724366709,-2.28268096987,0.5,0.24711599946,-0.0,1.02705509301,0.28576714222,-0.302444679009,map_000000149.png
1.23118343831,0.856755054149,-2.28268782449,0.5,0.24711599946,-0.0,1.02705509301,0.28576714222,-0.302444679009,map_000000150.png
1.21667730477,0.80061659167,-2.2826879639,0.5,0.24711599946,-0.0,1.02705509301,0.28576714222,-0.302444679009,map_000000151.png
1.20217442692,0.744481380304,-2.2826879033,0.5,0.24711599946,-0.0,1.02705509301,0.28576714222,-0.302444679009,map_000000152.png
1.1882162925,0.690492240574,-2.2826888499,0.5,0.24711599946,-0.0,1.02705509301,0.28576714222,-0.302444679009,map_000000153.png
1.1737264144,0.634351423042,-2.28268183014,0.5,0.24711599946,-0.0,1.02705509301,0.28576714222,-0.302444679009,map_000000154.png
1.15921056637,0.578222110591,-2.28268878411,0.5,0.24711599946,-0.0,1.02705509301,0.28576714222,-0.302444679009,map_000000155.png
1.14469547281,0.522075265882,-2.28268982272,0.5,0.24711599946,-0.0,1.02705509301,0.28576714222,-0.302444679009,map_000000156.png
1.13019173475,0.465939256634,-2.28268984839,0.5,0.24711599946,-0.0,1.02705509301,0.28576714222,-0.302444679009,map_000000157.png
1.11625018256,0.41196733788,-2.28268941617,0.5,0.24711599946,-0.0,1.02705509301,0.28576714222,-0.302444679009,map_000000158.png
1.10174407388,0.355829157652,-2.28268937355,0.5,0.24711599946,-0.0,1.02705509301,0.28576714222,-0.302444679009,map_000000159.png
1.08723785338,0.299690716286,-2.28268955767,0.22155675292,-0.0,-0.0,1.02705509301,0.28576714222,-0.302444679009,map_000000160.png
1.07323886346,0.248678956762,-2.28269039191,-0.0,-0.0,-0.0,1.02705509301,0.28576714222,-0.302444679009,map_000000161.png
1.05820048388,0.235000120725,-2.28253712188,-0.0,-0.0,-0.0,1.02705509301,0.28576714222,-0.302444679009,map_000000162.png
1.05704304136,0.235000025942,-2.28248246982,-0.0,-0.0,-1.0,1.02705509301,0.28576714222,-0.302444679009,map_000000163.png
1.05754757168,0.234986324977,-2.35721489795,-0.0,-0.0,-1.0,1.02705509301,0.28576714222,-0.302444679009,map_000000164.png
1.05820972411,0.234981295398,-2.45945109047,-0.0,-0.0,-1.0,1.02705509301,0.28576714222,-0.302444679009,map_000000165.png
1.05880293473,0.234975673536,-2.56167878181,-0.0,-0.0,-1.0,1.02705509301,0.28576714222,-0.302444679009,map_000000166.png
1.05927621327,0.235026223021,-2.65998094456,-0.0,-0.0,-1.0,1.02705509301,0.28576714222,-0.302444679009,map_000000167.png
1.05968221262,0.235025357889,-2.76220244956,-0.0,-0.0,-1.0,1.02705509301,0.28576714222,-0.302444679009,map_000000168.png
1.06000614253,0.235024245427,-2.86441720684,-0.0,-0.0,-1.0,1.02705509301,0.28576714222,-0.302444679009,map_000000169.png
1.0602309525,0.234965365999,-2.96268955303,-0.0,-0.0,-1.0,1.02705509301,0.28576714222,-0.302444679009,map_000000170.png
1.06037227119,0.234955849798,-3.06489228087,-0.0,-0.0,-1.0,1.02705509301,0.28576714222,-0.302444679009,map_000000171.png
1.06039773045,0.235003036762,3.11608919987,-0.0,-0.0,-1.0,1.02705509301,0.28576714222,-0.302444679009,map_000000172.png
1.06033673838,0.234956434632,3.01781164363,-0.0,-0.0,-1.0,1.02705509301,0.28576714222,-0.302444679009,map_000000173.png
1.06018213943,0.234965934664,2.91559439217,-0.0,-0.0,-1.0,1.02705509301,0.28576714222,-0.302444679009,map_000000174.png
1.05992215928,0.234969370304,2.81337825079,-0.0,-0.0,-1.0,1.02705509301,0.28576714222,-0.302444679009,map_000000175.png
1.05959094664,0.235027858421,2.71508175015,-0.0,-0.0,-1.0,1.02705509301,0.28576714222,-0.302444679009,map_000000176.png
1.05959094664,0.235027858421,2.71508175015,-0.0,-0.0,-1.0,1.02705509301,0.28576714222,-0.302444679009,map_000000177.png
1.05914541742,0.235027300309,2.61285919054,-0.0,-0.0,-1.0,1.02705509301,0.28576714222,-0.302444679009,map_000000178.png
1.05860775335,0.235024490333,2.51063406581,-0.0,-0.0,-1.0,1.02705509301,0.28576714222,-0.302444679009,map_000000179.png
1.0580077833,0.234977160977,2.41234056175,-0.0,-0.0,-1.0,1.02705509301,0.28576714222,-0.302444679009,map_000000180.png
1.05732135143,0.234978049833,2.31010171186,-0.0,-0.0,-1.0,1.02705509301,0.28576714222,-0.302444679009,map_000000181.png
1.05656960387,0.235014383987,2.20785499327,-0.0,-0.0,-1.0,1.02705509301,0.28576714222,-0.302444679009,map_000000182.png
1.05580558458,0.235005659378,2.10952562628,-0.0,-0.0,-1.0,1.02705509301,0.28576714222,-0.302444679009,map_000000183.png
1.05493934581,0.235004861981,2.00727151905,-0.0,-0.0,-1.0,1.02705509301,0.28576714222,-0.302444679009,map_000000184.png
1.05403430439,0.23500663477,1.90501066671,-0.0,-0.0,-1.0,1.02705509301,0.28576714222,-0.302444679009,map_000000185.png
1.0531147296,0.235012997407,1.80668881439,-0.0,-0.0,-1.0,1.02705509301,0.28576714222,-0.302444679009,map_000000186.png
1.05214337662,0.235005875599,1.70442721328,-0.0,-0.0,-1.0,1.02705509301,0.28576714222,-0.302444679009,map_000000187.png
1.05116011179,0.235000162363,1.60216561586,-0.0,-0.0,-1.0,1.02705509301,0.28576714222,-0.302444679009,map_000000188.png
1.05024085317,0.235016023536,1.50381679099,-0.0,-0.0,-1.0,1.02705509301,0.28576714222,-0.302444679009,map_000000189.png
1.04924804142,0.235129086193,1.40155289013,-0.0,-0.0,-1.0,1.02705509301,0.28576714222,-0.302444679009,map_000000190.png
1.04829912277,0.235331094694,1.29927517434,-0.0,-0.0,-1.0,1.02705509301,0.28576714222,-0.302444679009,map_000000191.png
1.04741861956,0.235620994399,1.20092786974,-0.0,-0.0,-1.0,1.02705509301,0.28576714222,-0.302444679009,map_000000192.png
1.04652360292,0.23601543626,1.09865328959,-0.0,-0.0,-1.0,1.02705509301,0.28576714222,-0.302444679009,map_000000193.png
1.04566669349,0.236510174123,0.996383976493,-0.0,-0.0,-1.0,1.02705509301,0.28576714222,-0.302444679009,map_000000194.png
1.04487478686,0.237071876401,0.894105855961,-0.0,-0.0,-1.0,1.02705509301,0.28576714222,-0.302444679009,map_000000195.png
1.0441300396,0.237728697554,0.791838040992,-0.0,-0.0,-1.0,1.02705509301,0.28576714222,-0.302444679009,map_000000196.png
1.04348641579,0.238428232272,0.693501980656,-0.0,-0.0,-1.0,1.02705509301,0.28576714222,-0.302444679009,map_000000197.png
1.04289229979,0.239217027768,0.591231837335,-0.0,-0.0,-1.0,1.02705509301,0.28576714222,-0.302444679009,map_000000198.png
1.04237645936,0.240056108839,0.488960421688,-0.0,-0.0,-1.0,1.02705509301,0.28576714222,-0.302444679009,map_000000199.png
1.04198717311,0.240894616803,0.39061221733,-0.0,-0.0,-1.0,1.02705509301,0.28576714222,-0.302444679009,map_000000200.png
1.04165515937,0.241819405119,0.288340312798,-0.0,-0.0,-1.0,1.02705509301,0.28576714222,-0.302444679009,map_000000201.png
1.04141845681,0.242773401561,0.186069303851,-0.0,-0.0,-1.0,1.02705509301,0.28576714222,-0.302444679009,map_000000202.png
1.04128062722,0.243729250673,0.0877430560557,-0.0,-0.0,-1.0,1.02705509301,0.28576714222,-0.302444679009,map_000000203.png
1.04123512539,0.244716812791,-0.0145237928164,-0.0,-0.0,-1.0,1.02705509301,0.28576714222,-0.302444679009,map_000000204.png
1.04129682594,0.245696725353,-0.116794767744,-0.0,-0.0,-0.127742856741,1.02705509301,0.28576714222,-0.302444679009,map_000000205.png
1.041383221,0.246301347187,-0.18082483544,-0.0,-0.0,-0.0,1.02705509301,0.28576714222,-0.302444679009,map_000000206.png
