-0.720135360214,2.71735539097,-0.248976999704,-0.0,-0.0,-0.0,3.65552706466,4.86564607386,-2.32578867452,map_000000036.png
-0.720132182687,2.71735222625,-0.248978091741,-0.0,-0.0,0.268356889486,3.65552706466,4.86564607386,-2.32578867452,map_000000037.png
-0.720175564453,2.7171751158,-0.229978610113,-0.0,-0.0,0.652661204338,3.65552706466,4.86564607386,-2.32578867452,map_000000038.png
-0.720268676929,2.71673278394,-0.182884340712,-0.0,-0.0,0.968375205994,3.65552706466,4.86564607386,-2.32578867452,map_000000039.png
-0.720370763134,2.71604720454,-0.108763348759,-0.0,-0.0,1.0,3.65552706466,4.86564607386,-2.32578867452,map_000000040.png
-0.720436422497,2.71508125407,-0.00936170421433,-0.0,-0.0,1.0,3.65552706466,4.86564607386,-2.32578867452,map_000000041.png
-0.720396805558,2.71413308291,0.0889739734651,-0.0,-0.0,1.0,3.65552706466,4.86564607386,-2.32578867452,map_000000042.png
-0.720280721019,2.71320899601,0.187317616969,-0.0,-0.0,1.0,3.65552706466,4.86564607386,-2.32578867452,map_000000043.png
-0.720056510461,2.71225931576,0.289592627376,-0.0,-0.0,1.0,3.65552706466,4.86564607386,-2.32578867452,map_000000044.png
-0.719752798523,2.71138616166,0.387941149913,-0.0,-0.0,-0.0,3.65552706466,4.86564607386,-2.32578867452,map_000000045.png
-0.719463965181,2.71076150845,0.454790074157,-0.0,-0.0,-0.0,3.65552706466,4.86564607386,-2.32578867452,map_000000046.png
-0.719463121797,2.71076159484,0.454789888117,-0.0,-0.0,-0.0,3.65552706466,4.86564607386,-2.32578867452,map_000000047.png
-0.719463113911,2.71076158898,0.454789942847,-0.0,-0.0,-0.0,3.65552706466,4.86564607386,-2.32578867452,map_000000048.png
-0.719463106764,2.71076158418,0.454789864064,-0.0,-0.0,-0.0,3.65552706466,4.86564607386,-2.32578867452,map_000000049.png
-0.719453572399,2.71075208358,0.454783875317,-0.0,-0.0,-0.0,3.65552706466,4.86564607386,-2.32578867452,map_000000050.png
-0.719453564807,2.71075207715,0.454784059759,-0.0,-0.0,-0.0,3.65552706466,4.86564607386,-2.32578867452,map_000000051.png
-0.71946303261,2.7107615207,0.454789928944,-0.0,-0.0,-0.0,3.65552706466,4.86564607386,-2.32578867452,map_000000052.png
-0.719463025129,2.71076151522,0.454789930659,-0.0,-0.0,-0.0,3.65552706466,4.86564607386,-2.32578867452,map_000000053.png
-0.719463017582,2.71076150958,0.454789948937,-0.0,-0.0,-0.0,3.65552706466,4.86564607386,-2.32578867452,map_000000054.png
-0.719463822211,2.71076148137,0.454790248545,-0.0,-0.0,-0.0,3.65552706466,4.86564607386,-2.32578867452,map_000000055.png
-0.719463814838,2.71076147662,0.454790167913,-0.0,-0.0347262471914,-0.0,3.65552706466,4.86564607386,-2.32578867452,map_000000056.png
-0.718609892081,2.70901513028,0.454790164798,0.160081028938,-0.5,-0.0,3.65552706466,4.86564607386,-2.32578867452,map_000000057.png
-0.703101257394,2.6918702572,0.45478882963,0.160081028938,-0.5,-0.0,3.65552706466,4.86564607386,-2.32578867452,map_000000058.png
-0.666769622362,2.6539977867,0.454786110755,0.160081028938,-0.5,-0.0,3.65552706466,4.86564607386,-2.32578867452,map_000000059.png
-0.630438094667,2.61612521739,0.454783285362,0.242843404412,-0.5,-0.0,3.65552706466,4.86564607386,-2.32578867452,map_000000060.png
-0.592653066919,2.57673814307,0.454780334001,0.242843404412,-0.5,-0.0,3.65552706466,4.86564607386,-2.32578867452,map_000000061.png
-0.550375832458,2.54177268909,0.454777388196,0.249938964844,-0.5,-0.0,3.65552706466,4.86564607386,-2.32578867452,map_000000062.png
-0.504444311598,2.50635427643,0.454768194808,0.249938964844,-0.5,-0.0,3.65552706466,4.86564607386,-2.32578867452,map_000000063.png
-0.46004360459,2.47242694779,0.454764646873,0.249938964844,-0.5,-0.0,3.65552706466,4.86564607386,-2.32578867452,map_000000064.png
-0.415643003821,2.4384994759,0.454761677503,0.145889922976,-0.131679743528,-0.0,3.65552706466,4.86564607386,-2.32578867452,map_000000065.png
-0.3704967106,2.40436453001,0.454764501291,-0.0,-0.0,-0.0,3.65552706466,4.86564607386,-2.32578867452,map_000000066.png
-0.35161311142,2.39894500377,0.454763344514,-0.0,-0.0,-0.0,3.65552706466,4.86564607386,-2.32578867452,map_000000067.png
-0.347836386109,2.39786109118,0.454763159757,-0.0,-0.0,-0.0,3.65552706466,4.86564607386,-2.32578867452,map_000000068.png
-0.347837190829,2.39786106316,0.454763439388,-0.0,-0.0,-0.0,3.65552706466,4.86564607386,-2.32578867452,map_000000069.png
-0.347837183482,2.39786105802,0.45476339894,-0.0,-0.0,-0.0,3.65552706466,4.86564607386,-2.32578867452,map_000000070.png
-0.347837175897,2.39786105225,0.454763435735,-0.0,-0.0,-0.0,3.65552706466,4.86564607386,-2.32578867452,map_000000071.png
-0.347837175897,2.39786105225,0.454763435735,-0.0,-0.0,-0.0,3.65552706466,4.86564607386,-2.32578867452,map_000000072.png
-0.347837142707,2.39786104923,0.454763332172,-0.0,-0.0,-0.0,3.65552706466,4.86564607386,-2.32578867452,map_000000073.png
-0.347837135296,2.39786104221,0.454763378813,-0.0,-0.0,-0.0,3.65552706466,4.86564607386,-2.32578867452,map_000000074.png
-0.347836391016,2.39786110326,0.454763216902,-0.0,-0.0,-0.0,3.65552706466,4.86564607386,-2.32578867452,map_000000075.png
-0.34783638375,2.39786109821,0.454763167194,-0.0,-0.0,-0.0,3.65552706466,4.86564607386,-2.32578867452,map_000000076.png
-0.347836375904,2.39786109192,0.454763259978,-0.0,-0.0,-0.0,3.65552706466,4.86564607386,-2.32578867452,map_000000077.png
-0.347826841771,2.39785159058,0.454757492644,-0.0,-0.0,-0.0,3.65552706466,4.86564607386,-2.32578867452,map_000000078.png
-0.347826834554,2.39785158718,0.454757079012,-0.0,-0.0,-0.0,3.65552706466,4.86564607386,-2.32578867452,map_000000079.png
-0.347826826959,2.39785158111,0.45475718984,-0.0,-0.0,-0.0,3.65552706466,4.86564607386,-2.32578867452,map_000000080.png
-0.347836294476,2.39786102335,0.454763277531,-0.0,-0.0,-0.0,3.65552706466,4.86564607386,-2.32578867452,map_000000081.png
-0.347836287139,2.39786101819,0.454763243901,-0.0,-0.0,-0.0,3.65552706466,4.86564607386,-2.32578867452,map_000000082.png
-0.347836279509,2.39786101236,0.454763282865,0.446192055941,-0.0,-0.0,3.65552706466,4.86564607386,-2.32578867452,map_000000083.png
-0.338220219171,2.40256309455,0.454763215387,0.5,-0.0,-0.0,3.65552706466,4.86564607386,-2.32578867452,map_000000084.png
-0.297956701088,2.4222495711,0.454761370633,0.5,-0.0,-0.0,3.65552706466,4.86564607386,-2.32578867452,map_000000085.png
-0.251257454244,2.44508260929,0.454759232342,0.5,-0.0,-0.0,3.65552706466,4.86564607386,-2.32578867452,map_000000086.png
-0.206354921122,2.46703706028,0.454757073351,0.5,-0.0,-0.0,3.65552706466,4.86564607386,-2.32578867452,map_000000087.png
-0.161452340976,2.48899141409,0.4547550476,0.5,-0.0,-0.0,3.65552706466,4.86564607386,-2.32578867452,map_000000088.png
-0.114753357021,2.51182366159,0.454752678448,0.5,-0.0,-0.0,3.65552706466,4.86564607386,-2.32578867452,map_000000089.png
-0.0698506835246,2.53377782514,0.454750681776,0.5,-0.0,-0.0,3.65552706466,4.86564607386,-2.32578867452,map_000000090.png
-0.0249479656988,2.55573189831,0.454748580241,0.5,-0.0,-0.0,3.65552706466,4.86564607386,-2.32578867452,map_000000091.png
0.0217604837148,2.57855458196,0.454739663539,0.5,-0.0,-0.0,3.65552706466,4.86564607386,-2.32578867452,map_000000092.png
0.0666632952423,2.60050846109,0.454738079662,0.5,-0.0,-0.0,3.65552706466,4.86564607386,-2.32578867452,map_000000093.png
0.111566152089,2.62246225032,0.454735754842,0.5,-0.0,-0.0,3.65552706466,4.86564607386,-2.32578867452,map_000000094.png
0.158255477309,2.64530341,0.454739835743,0.5,-0.0,-0.0,3.65552706466,4.86564607386,-2.32578867452,map_000000095.png
0.20315842781,2.66725700692,0.454737768755,0.5,-0.0,-0.0,3.65552706466,4.86564607386,-2.32578867452,map_000000096.png
0.248061423423,2.68921051169,0.454735666065,0.5,-0.0,-0.0,3.65552706466,4.86564607386,-2.32578867452,map_000000097.png
0.29475979448,2.71204206548,0.454733698938,0.5,-0.0,-0.0,3.65552706466,4.86564607386,-2.32578867452,map_000000098.png
0.339662883044,2.73399537841,0.454731834034,0.5,-0.0,-0.0,3.65552706466,4.86564607386,-2.32578867452,map_000000099.png
0.386362802923,2.75682703944,0.454729668849,0.5,-0.0,-0.0,3.65552706466,4.86564607386,-2.32578867452,map_000000100.png
0.431265984813,2.77878016323,0.454727573883,0.5,-0.0,-0.0,3.65552706466,4.86564607386,-2.32578867452,map_000000101.png
0.476169212288,2.80073319419,0.4547254919,0.5,-0.0,-0.0,3.65552706466,4.86564607386,-2.32578867452,map_000000102.png
0.522868870592,2.82356406157,0.454723282842,0.5,-0.0,-0.0,3.65552706466,4.86564607386,-2.32578867452,map_000000103.png
0.567772191361,2.84551690126,0.454721191895,0.5,-0.0,-0.0,3.65552706466,4.86564607386,-2.32578867452,map_000000104.png
0.612675557067,2.86746964877,0.454719078085,0.5,-0.0,-0.0,3.65552706466,4.86564607386,-2.32578867452,map_000000105.png
0.659384680189,2.89029095374,0.454710430028,0.5,-0.0,-0.0,3.65552706466,4.86564607386,-2.32578867452,map_000000106.png
0.704288139859,2.91224350895,0.45470856509,0.5,-0.0,-0.0,3.65552706466,4.86564607386,-2.32578867452,map_000000107.png
0.749191644688,2.9341959736,0.454706187794,0.5,-0.0,-0.0,3.65552706466,4.86564607386,-2.32578867452,map_000000108.png
0.795881644824,2.95703575294,0.454710346798,0.5,-0.0,-0.0,3.65552706466,4.86564607386,-2.32578867452,map_000000109.png
0.840785242742,2.97898802605,0.454708311026,0.5,-0.0,-0.0,3.65552706466,4.86564607386,-2.32578867452,map_000000110.png
0.887484240812,3.00181829567,0.454706609921,0.5,-0.0,-0.0,3.65552706466,4.86564607386,-2.32578867452,map_000000111.png
0.932387930829,3.02377038091,0.454704251036,0.5,-0.0,-0.0,3.65552706466,4.86564607386,-2.32578867452,map_000000112.png
0.977291667981,3.04572236824,0.45470232859,0.5,-0.0,-0.0,3.65552706466,4.86564607386,-2.32578867452,map_000000113.png
1.02399226075,3.06855265219,0.454700141365,0.5,-0.0,-0.0,3.65552706466,4.86564607386,-2.32578867452,map_000000114.png
1.06889609118,3.09050444947,0.454698112374,0.5,-0.0,-0.0,3.65552706466,4.86564607386,-2.32578867452,map_000000115.png
1.11379996552,3.11245615798,0.45469593038,0.5,-0.0,-0.0,3.65552706466,4.86564607386,-2.32578867452,map_000000116.png
1.16050029852,3.13528564534,0.454693740791,0.5,-0.0,-0.0,3.65552706466,4.86564607386,-2.32578867452,map_000000117.png
1.20540426609,3.15723716209,0.454691561423,0.5,-0.0,-0.0,3.65552706466,4.86564607386,-2.32578867452,map_000000118.png
1.25030828101,3.17918858167,0.454689582666,0.5,-0.0,0.0166936255991,3.65552706466,4.86564607386,-2.32578867452,map_000000119.png
1.2970184894,3.20200746305,0.455206480413,0.5,-0.0,0.721289694309,3.65552706466,4.86564607386,-2.32578867452,map_000000120.png
1.34192086056,3.22395451095,0.465164718937,0.5,-0.0,1.0,3.65552706466,4.86564607386,-2.32578867452,map_000000121.png
1.38784842599,3.24829000686,0.538931188961,0.5,-0.0,1.0,3.65552706466,4.86564607386,-2.32578867452,map_000000122.png
1.42999817226,3.27514086576,0.636185546943,0.5,-0.0,0.643505632877,3.65552706466,4.86564607386,-2.32578867452,map_000000123.png
1.46949416867,3.30577618923,0.709250709049,0.5,-0.0,-0.0,3.65552706466,4.86564607386,-2.32578867452,map_000000124.png
1.5083480586,3.34029723424,0.739616400071,0.5,-0.0,-0.0,3.65552706466,4.86564607386,-2.32578867452,map_000000125.png
1.54527674837,3.37397158744,0.739602008297,0.5,-0.0,-0.0,3.65552706466,4.86564607386,-2.32578867452,map_000000126.png
1.58218595184,3.40766446138,0.73960000005,0.5,-0.0,-0.0,3.65552706466,4.86564607386,-2.32578867452,map_000000127.png
1.62058209007,3.44269493831,0.739591460391,0.5,-0.0,-0.0,3.65552706466,4.86564607386,-2.32578867452,map_000000128.png
1.6575116131,3.47636836733,0.739576773831,0.5,-0.0,-0.0,3.65552706466,4.86564607386,-2.32578867452,map_000000129.png
1.69442165894,3.51006031806,0.739575017824,0.5,-0.0,-0.0,3.65552706466,4.86564607386,-2.32578867452,map_000000130.png
1.73281867153,3.54508983687,0.739566478439,0.5,-0.0,-1.0,3.65552706466,4.86564607386,-2.32578867452,map_000000131.png
1.76973918165,3.57878393248,0.704138969504,0.5,-0.0,-1.0,3.65552706466,4.86564607386,-2.32578867452,map_000000132.png
1.81034738416,3.61121919826,0.601875928177,0.5,-0.0,-1.0,3.65552706466,4.86564607386,-2.32578867452,map_000000133.png
1.85233022206,3.63835285471,0.503549540032,0.5,-0.0,-0.0,3.65552706466,4.86564607386,-2.32578867452,map_000000134.png
1.89677582554,3.66120950726,0.40521153982,0.5,-0.0,-0.0,3.65552706466,4.86564607386,-2.32578867452,map_000000135.png
1.94484695042,3.68096542876,0.381629511428,0.5,-0.0,-0.0,3.65552706466,4.86564607386,-2.32578867452,map_000000136.png
1.99123355718,3.69958043788,0.381627409731,0.5,-0.0,-0.0,3.65552706466,4.86564607386,-2.32578867452,map_000000137.png
2.03762020023,3.71819534585,0.381625267723,0.5,-0.0,-0.0,3.65552706466,4.86564607386,-2.32578867452,map_000000138.png
2.08586153249,3.73755474723,0.381623394737,0.5,-0.0,-0.0,3.65552706466,4.86564607386,-2.32578867452,map_000000139.png
2.13224825749,3.75616945069,0.381621245048,0.5,-0.0,-0.0,3.65552706466,4.86564607386,-2.32578867452,map_000000140.png
2.17863502108,3.77478405774,0.381619069647,0.5,-0.0,-0.0,3.65552706466,4.86564607386,-2.32578867452,map_000000141.png
2.17863502108,3.77478405774,0.381619069647,0.5,-0.0,-0.0,3.65552706466,4.86564607386,-2.32578867452,map_000000142.png
2.22687797946,3.79414340672,0.38161677728,0.5,-0.0,-0.0,3.65552706466,4.86564607386,-2.32578867452,map_000000143.png
2.27326482522,3.81275780833,0.381614669261,0.5,-0.0,-0.0,3.65552706466,4.86564607386,-2.32578867452,map_000000144.png
2.32150745047,3.8321165353,0.38161240884,0.5,-0.0,-0.0,3.65552706466,4.86564607386,-2.32578867452,map_000000145.png
2.36789437743,3.85073073526,0.381610187416,0.5,-0.0,-0.0,3.65552706466,4.86564607386,-2.32578867452,map_000000146.png
2.41428134517,3.86934483307,0.381608176235,0.5,-0.0,-0.0,3.65552706466,4.86564607386,-2.32578867452,map_000000147.png
2.46253337651,3.88869397111,0.381599654261,0.5,-0.0,-0.0,3.65552706466,4.86564607386,-2.32578867452,map_000000148.png
2.5089204255,3.90730786769,0.381597405069,0.5,-0.0,-0.0,3.65552706466,4.86564607386,-2.32578867452,map_000000149.png
2.55530751424,3.92592166359,0.381595367731,0.5,-0.0,-0.0,3.65552706466,4.86564607386,-2.32578867452,map_000000150.png
2.60354046002,3.94528920406,0.381599054044,0.5,-0.0,-0.0,3.65552706466,4.86564607386,-2.32578867452,map_000000151.png
2.64992763108,3.96390279614,0.381596906003,0.5,-0.0,-0.0,3.65552706466,4.86564607386,-2.32578867452,map_000000152.png
2.69631484084,3.98251629151,0.38159473317,0.5,-0.0,0.712172329426,3.65552706466,4.86564607386,-2.32578867452,map_000000153.png
2.74455676415,4.00187422062,0.381592803724,0.5,-0.0,0.712172329426,3.65552706466,4.86564607386,-2.32578867452,map_000000154.png
2.79074751968,4.02097555043,0.437613927438,0.5,-0.0,1.0,3.65552706466,4.86564607386,-2.32578867452,map_000000155.png
2.83728860618,4.04411903168,0.528565452722,0.5,-0.0,1.0,3.65552706466,4.86564607386,-2.32578867452,map_000000156.png
2.87970480747,4.07055286349,0.626907781317,0.5,-0.0,0.135639518499,3.65552706466,4.86564607386,-2.32578867452,map_000000157.png
2.91929971141,4.10104624913,0.708220333476,0.5,-0.0,-0.0,3.65552706466,4.86564607386,-2.32578867452,map_000000158.png
2.95864694928,4.13501500889,0.721550383094,0.5,-0.0,-0.0,3.65552706466,4.86564607386,-2.32578867452,map_000000159.png
2.99617027356,4.16802888461,0.721548059582,0.5,-0.0,-0.0,3.65552706466,4.86564607386,-2.32578867452,map_000000160.png
3.03369361982,4.20104271898,0.721546750849,0.5,-0.0,-0.0,3.65552706466,4.86564607386,-2.32578867452,map_000000161.png
3.07270827332,4.23538653708,0.721551578632,0.5,-0.0,-0.0,3.65552706466,4.86564607386,-2.32578867452,map_000000162.png
3.11023173541,4.26840024015,0.721549813923,0.5,-0.0,-0.0,3.65552706466,4.86564607386,-2.32578867452,map_000000163.png
3.14775525494,4.30141387829,0.72154797733,0.5,-0.00161366618704,-0.0,3.65552706466,4.86564607386,-2.32578867452,map_000000164.png
3.18677454153,4.33575291189,0.721553223926,-0.0,-0.0,-0.0,3.65552706466,4.86564607386,-2.32578867452,map_000000165.png
3.22440472458,4.36864531466,0.721551516281,-0.0,-0.0,-0.0,3.65552706466,4.86564607386,-2.32578867452,map_000000166.png
3.2304254267,4.37390796149,0.721550719559,-0.0,-0.0,-0.0,3.65552706466,4.86564607386,-2.32578867452,map_000000167.png
3.23043761375,4.37389579167,0.721542641528,-0.0,-0.0,-0.0,3.65552706466,4.86564607386,-2.32578867452,map_000000168.png
3.23043762912,4.37389578503,0.721542626565,-0.0,-0.0,-0.0,3.65552706466,4.86564607386,-2.32578867452,map_000000169.png
3.23043507923,4.37389833385,0.721544308742,-0.0,-0.0,-0.0,3.65552706466,4.86564607386,-2.32578867452,map_000000170.png
3.23043509503,4.37389832673,0.721544360434,-0.0,-0.0,-0.0,3.65552706466,4.86564607386,-2.32578867452,map_000000171.png
3.2304351103,4.37389832021,0.721544328849,-0.0,-0.0,-0.0,3.65552706466,4.86564607386,-2.32578867452,map_000000172.png
3.23044476475,4.37388868767,0.721537652245,-0.0,-0.0,-0.0,3.65552706466,4.86564607386,-2.32578867452,map_000000173.png
3.23044478091,4.37388867995,0.721537961492,0.0229384750128,-0.0,-0.0,3.65552706466,4.86564607386,-2.32578867452,map_000000174.png
3.23120224963,4.37455508512,0.721537617656,0.311414688826,-0.124584183097,-0.0,3.65552706466,4.86564607386,-2.32578867452,map_000000175.png
3.24134810795,4.37885510776,0.721543563119,0.5,-0.164773240685,-0.0,3.65552706466,4.86564607386,-2.32578867452,map_000000176.png
3.27428941677,4.3908219577,0.7215415168,0.5,-0.164773240685,-0.0,3.65552706466,4.86564607386,-2.32578867452,map_000000177.png
3.32269263347,4.41146944253,0.7215389601,0.5,-0.164773240685,-0.0,3.65552706466,4.86564607386,-2.32578867452,map_000000178.png
3.37302257397,4.43295241495,0.721543296933,0.5,-0.164773240685,-0.0,3.65552706466,4.86564607386,-2.32578867452,map_000000179.png
3.42142590221,4.45359963714,0.721540720529,0.5,-0.164773240685,-0.0,3.65552706466,4.86564607386,-2.32578867452,map_000000180.png
3.47177776532,4.47506055148,0.721529315298,-0.0,-0.0,-0.0,3.65552706466,4.86564607386,-2.32578867452,map_000000181.png
3.50662789035,4.48992618418,0.721527172284,-0.0,-0.0,-0.0,3.65552706466,4.86564607386,-2.32578867452,map_000000182.png
3.50662790577,4.4899261775,0.721527162056,-0.0,-0.0,-0.0,3.65552706466,4.86564607386,-2.32578867452,map_000000183.png
3.50662535582,4.48992872637,0.72152884145,-0.0,-0.0,-0.0,3.65552706466,4.86564607386,-2.32578867452,map_000000184.png
3.5066253711,4.48992871986,0.721528809637,-0.0,-0.0,-0.0,3.65552706466,4.86564607386,-2.32578867452,map_000000185.png
3.50662538789,4.4899287116,0.721529018353,-0.0,-0.0,0.776223003864,3.65552706466,4.86564607386,-2.32578867452,map_000000186.png
3.50686388147,4.48966506792,0.761233057964,-0.0,-0.0,1.0,3.65552706466,4.86564607386,-2.32578867452,map_000000187.png
3.50743602976,4.48910865592,0.843724102314,-0.0,-0.0,0.666394531727,3.65552706466,4.86564607386,-2.32578867452,map_000000188.png
3.50813867642,4.48853259596,0.939443660421,-0.0,-0.0,-0.0,3.65552706466,4.86564607386,-2.32578867452,map_000000189.png
3.50870498014,4.4881456804,1.00757895263,-0.0,-0.0,-0.0,3.65552706466,4.86564607386,-2.32578867452,map_000000190.png
3.50875505575,4.48811150838,1.01281638856,-0.0,-0.0,-0.0,3.65552706466,4.86564607386,-2.32578867452,map_000000191.png
3.50874536909,4.48812122419,1.01282278764,-0.0,-0.0,-0.0,3.65552706466,4.86564607386,-2.32578867452,map_000000192.png
3.50874538484,4.48812121688,1.01282278012,0.0158429220319,-0.0,-0.0,3.65552706466,4.86564607386,-2.32578867452,map_000000193.png
3.50901370899,4.48855110021,1.0128227639,0.186098054051,-0.0,-0.0,3.65552706466,4.86564607386,-2.32578867452,map_000000194.png
3.51095758366,4.49169033736,1.01282889113,0.432020008564,-0.0,-0.0,3.65552706466,4.86564607386,-2.32578867452,map_000000195.png
3.52080679685,4.50747098956,1.01282864498,0.432020008564,-0.0,-0.0,3.65552706466,4.86564607386,-2.32578867452,map_000000196.png
3.54263024343,4.54243702094,1.01282760794,0.476939439774,-0.0,-0.0,3.65552706466,4.86564607386,-2.32578867452,map_000000197.png
3.56822863236,4.58341934722,1.01281815365,0.368160039186,-0.0,-0.0,3.65552706466,4.86564607386,-2.32578867452,map_000000198.png
3.5904769275,4.6190659281,1.01281699521,-0.0,-0.0,-0.0,3.65552706466,4.86564607386,-2.32578867452,map_000000199.png
3.6037265707,4.64029468562,1.0128160912,-0.0,-0.0,-0.0,3.65552706466,4.86564607386,-2.32578867452,map_000000200.png
3.60372378834,4.64029747409,1.01281801166,-0.0,-0.0,-0.0,3.65552706466,4.86564607386,-2.32578867452,map_000000201.png
3.6037238033,4.64029746732,1.01281790265,-0.0,-0.0,-0.0,3.65552706466,4.86564607386,-2.32578867452,map_000000202.png
3.60373356028,4.64028770654,1.01281146486,-0.0,-0.0,-0.0,3.65552706466,4.86564607386,-2.32578867452,map_000000203.png
3.60373357576,4.64028769916,1.01281132585,-0.0,-0.0,-0.0,3.65552706466,4.86564607386,-2.32578867452,map_000000204.png
3.60373359209,4.64028769191,1.01281151463,-0.0,-0.0,-0.0,3.65552706466,4.86564607386,-2.32578867452,map_000000205.png
3.60372390444,4.64029740702,1.01281786464,-0.0,-0.0,-0.0,3.65552706466,4.86564607386,-2.32578867452,map_000000206.png
3.60372392011,4.6402973998,1.01281784352,-0.0,-0.0,-0.0,3.65552706466,4.86564607386,-2.32578867452,map_000000207.png
3.60372393685,4.64029739192,1.01281795314,-0.0,-0.0,-0.0,3.65552706466,4.86564607386,-2.32578867452,map_000000208.png
3.60371444963,4.64030690859,1.01282426205,0.498226106167,-0.0,-0.0,3.65552706466,4.86564607386,-2.32578867452,map_000000209.png
3.62375460371,4.6724153754,1.01282357174,-0.0,-0.0,-0.0,3.65552706466,4.86564607386,-2.32578867452,map_000000210.png
3.63535694766,4.69100475538,1.01282250206,-0.0,-0.0,-0.0,3.65552706466,4.86564607386,-2.32578867452,map_000000211.png
3.63535694766,4.69100475538,1.01282250206,-0.0,-0.0,-0.0,3.65552706466,4.86564607386,-2.32578867452,map_000000212.png
3.63536924798,4.69099244966,1.01281473979,-0.0,-0.0,-0.0,3.65552706466,4.86564607386,-2.32578867452,map_000000213.png
3.63536924798,4.69099244966,1.01281473979,-0.0,-0.0,-0.0,3.65552706466,4.86564607386,-2.32578867452,map_000000214.png
3.63536646451,4.6909952388,1.01281652078,-0.0,-0.0,-0.0,3.65552706466,4.86564607386,-2.32578867452,map_000000215.png
3.63536648098,4.69099523109,1.01281659659,-0.0,-0.0,-0.0,3.65552706466,4.86564607386,-2.32578867452,map_000000216.png
3.63536649547,4.69099522461,1.01281642998,-0.0,-0.0,-0.0,3.65552706466,4.86564607386,-2.32578867452,map_000000217.png
3.63537625303,4.69098546322,1.01280996558,-0.0,-0.0,0.0761665701866,3.65552706466,4.86564607386,-2.32578867452,map_000000218.png
3.63539978918,4.69097114028,1.01580656842,-0.0,-0.0,0.250045776367,3.65552706466,4.86564607386,-2.32578867452,map_000000219.png
3.63548146213,4.69092173844,1.02603345358,-0.0,-0.0,0.410191655159,3.65552706466,4.86564607386,-2.32578867452,map_000000220.png
3.63567525013,4.69079367974,1.05161057254,-0.0,-0.0,0.689283430576,3.65552706466,4.86564607386,-2.32578867452,map_000000221.png
3.6360234635,4.69061862037,1.0919450738,-0.0,-0.0,0.689283430576,3.65552706466,4.86564607386,-2.32578867452,map_000000222.png
3.63654990434,4.69036583931,1.15424221504,-0.0,-0.0,0.771645247936,3.65552706466,4.86564607386,-2.32578867452,map_000000223.png
3.63723422509,4.69009042999,1.22958495277,-0.0,-0.0,0.785378575325,3.65552706466,4.86564607386,-2.32578867452,map_000000224.png
3.6379332544,4.68987050598,1.30600391991,-0.0,-0.0,0.785378575325,3.65552706466,4.86564607386,-2.32578867452,map_000000225.png
3.6386719942,4.68969768058,1.38632745814,-0.0,-0.0,0.785378575325,3.65552706466,4.86564607386,-2.32578867452,map_000000226.png
3.63941371599,4.68958938584,1.46355234711,-0.0,-0.0,-0.0,3.65552706466,4.86564607386,-2.32578867452,map_000000227.png
3.64014160981,4.68953756977,1.54078564165,-0.0,-0.0,-0.0,3.65552706466,4.86564607386,-2.32578867452,map_000000228.png
3.64031437477,4.68952401724,1.55621925326,-0.0,-0.0,-0.0,3.65552706466,4.86564607386,-2.32578867452,map_000000229.png
3.64030259931,4.68953585424,1.55622488283,-0.0,-0.0,-0.0,3.65552706466,4.86564607386,-2.32578867452,map_000000230.png
3.64030453576,4.68953391855,1.5562239307,-0.0,-0.0,-0.0,3.65552706466,4.86564607386,-2.32578867452,map_000000231.png
3.64030259467,4.68953587106,1.55622483764,-0.0,-0.0,-0.0,3.65552706466,4.86564607386,-2.32578867452,map_000000232.png
3.64030453158,4.68953393533,1.55622393048,-0.0,-0.0,0.867702245712,3.65552706466,4.86564607386,-2.32578867452,map_000000233.png
3.64031436342,4.68952406203,1.55621921465,-0.0,-0.0,0.867702245712,3.65552706466,4.86564607386,-2.32578867452,map_000000234.png
3.64102477123,4.68954933283,1.63130845381,-0.0,-0.0,1.0,3.65552706466,4.86564607386,-2.32578867452,map_000000235.png
3.64188584961,4.68962740741,1.72497332378,-0.0,-0.0,1.0,3.65552706466,4.86564607386,-2.32578867452,map_000000236.png
3.64282270304,4.68981119981,1.82330671274,-0.0,-0.0,1.0,3.65552706466,4.86564607386,-2.32578867452,map_000000237.png
3.64376153585,4.69010355603,1.92557877934,-0.0,-0.0,1.0,3.65552706466,4.86564607386,-2.32578867452,map_000000238.png
3.64461464455,4.69046534847,2.02392652994,-0.0,-0.0,1.0,3.65552706466,4.86564607386,-2.32578867452,map_000000239.png
3.64547483574,4.69093455758,2.12620045361,-0.0,-0.0,1.0,3.65552706466,4.86564607386,-2.32578867452,map_000000240.png
3.64627008697,4.69148067308,2.22453006753,-0.0,-0.0,1.0,3.65552706466,4.86564607386,-2.32578867452,map_000000241.png
3.64698267723,4.69207961911,2.32287586928,-0.0,-0.0,1.0,3.65552706466,4.86564607386,-2.32578867452,map_000000242.png
3.64766846031,4.69278128621,2.42514924869,-0.0,-0.0,1.0,3.65552706466,4.86564607386,-2.32578867452,map_000000243.png
3.64825843569,4.69353165419,2.52348341809,-0.0,-0.0,1.0,3.65552706466,4.86564607386,-2.32578867452,map_000000244.png
3.64876314338,4.69431295792,2.62182930174,-0.0,-0.0,1.0,3.65552706466,4.86564607386,-2.32578867452,map_000000245.png
3.64921151768,4.69518774074,2.72410104501,-0.0,-0.0,1.0,3.65552706466,4.86564607386,-2.32578867452,map_000000246.png
3.64955878554,4.69608172508,2.82243214125,-0.0,-0.0,1.0,3.65552706466,4.86564607386,-2.32578867452,map_000000247.png
3.64981302387,4.69697631774,2.92077746003,-0.0,-0.0,1.0,3.65552706466,4.86564607386,-2.32578867452,map_000000248.png
3.64999846258,4.69795531992,3.02304115971,-0.0,-0.0,1.0,3.65552706466,4.86564607386,-2.32578867452,map_000000249.png
3.65006486732,4.69889628912,3.12137984638,-0.0,-0.0,1.0,3.65552706466,4.86564607386,-2.32578867452,map_000000250.png
3.65004314169,4.69987229364,-3.05953238515,-0.0,-0.0,1.0,3.65552706466,4.86564607386,-2.32578867452,map_000000251.png
3.64991596659,4.70083235267,-2.96120480247,-0.0,-0.0,1.0,3.65552706466,4.86564607386,-2.32578867452,map_000000252.png
3.64971899561,4.70172419679,-2.86285124028,-0.0,-0.0,1.0,3.65552706466,4.86564607386,-2.32578867452,map_000000253.png
3.64941411847,4.7026457745,-2.76057366127,-0.0,-0.0,1.0,3.65552706466,4.86564607386,-2.32578867452,map_000000254.png
3.64900745017,4.7035240107,-2.66224563196,-0.0,-0.0,1.0,3.65552706466,4.86564607386,-2.32578867452,map_000000255.png
3.6485447085,4.7043261429,-2.56389786044,-0.0,-0.0,1.0,3.65552706466,4.86564607386,-2.32578867452,map_000000256.png
3.64797142061,4.70512469862,-2.46162536973,-0.0,-0.0,1.0,3.65552706466,4.86564607386,-2.32578867452,map_000000257.png
3.64733467188,4.70584530905,-2.36329424722,-0.0,-0.0,1.0,3.65552706466,4.86564607386,-2.32578867452,map_000000258.png
3.64665958558,4.70646737112,-2.26494258576,-0.0,-0.0,1.0,3.65552706466,4.86564607386,-2.32578867452,map_000000259.png
3.64587565706,4.70706820661,-2.16267243375,-0.0,-0.0,0.863124489784,3.65552706466,4.86564607386,-2.32578867452,map_000000260.png
3.64511353815,4.70752858016,-2.07188033786,-0.0,-0.0,-0.0,3.65552706466,4.86564607386,-2.32578867452,map_000000261.png
3.64463336553,4.70778425792,-2.01756870251,-0.0,-0.0,-0.0,3.65552706466,4.86564607386,-2.32578867452,map_000000262.png
3.64463337639,4.70778428551,-2.01756875921,-0.0,-0.0,-0.0,3.65552706466,4.86564607386,-2.32578867452,map_000000263.png
3.64462422398,4.70777509427,-2.01757057614,-0.0,-0.0,-0.0,3.65552706466,4.86564607386,-2.32578867452,map_000000264.png
3.64462664665,4.70777751046,-2.01757035162,-0.0,-0.0,-0.0,3.65552706466,4.86564607386,-2.32578867452,map_000000265.png
3.64463329943,4.70778421877,-2.01756873509,-0.0,-0.0,-0.0,3.65552706466,4.86564607386,-2.32578867452,map_000000266.png
3.64464278121,4.70777470366,-2.0175629617,-0.0,-0.0,-0.0,3.65552706466,4.86564607386,-2.32578867452,map_000000267.png
3.64463333018,4.70778413452,-2.01756876698,-0.0,-0.0,-0.0,3.65552706466,4.86564607386,-2.32578867452,map_000000268.png
3.64463336455,4.70778420309,-2.01756872077,-0.0,-0.0,-0.65392011404,3.65552706466,4.86564607386,-2.32578867452,map_000000269.png
3.64462421048,4.70777501313,-2.01757031286,-0.0,-0.0,-1.0,3.65552706466,4.86564607386,-2.32578867452,map_000000270.png
3.64520555777,4.70748634021,-2.08444227213,-0.0,-0.0,-1.0,3.65552706466,4.86564607386,-2.32578867452,map_000000271.png
3.64591696063,4.70704933101,-2.1759943108,-0.0,-0.0,-1.0,3.65552706466,4.86564607386,-2.32578867452,map_000000272.png
3.64669869825,4.70645499496,-2.27826733995,-0.0,-0.0,-1.0,3.65552706466,4.86564607386,-2.32578867452,map_000000273.png
3.64740153699,4.7057986094,-2.37659845795,-0.0,-0.0,-1.0,3.65552706466,4.86564607386,-2.32578867452,map_000000274.png
3.6480050505,4.70510536251,-2.47494959111,-0.0,-0.0,-0.228377640247,3.65552706466,4.86564607386,-2.32578867452,map_000000275.png
3.64856484171,4.70432120306,-2.57418163606,-0.0,-0.0,-0.0,3.65552706466,4.86564607386,-2.32578867452,map_000000276.png
3.64870320851,4.70411171922,-2.59662171453,-0.0,-0.0,-0.0,3.65552706466,4.86564607386,-2.32578867452,map_000000277.png
3.64872101565,4.70408219713,-2.60021476944,-0.0,-0.0,-0.0,3.65552706466,4.86564607386,-2.32578867452,map_000000278.png
3.64872104742,4.70408223415,-2.60021479869,-0.0,-0.0,-0.0,3.65552706466,4.86564607386,-2.32578867452,map_000000279.png
3.64871189125,4.70407308141,-2.60021349116,-0.0,-0.0,-0.0,3.65552706466,4.86564607386,-2.32578867452,map_000000280.png
3.64872428799,4.70408544674,-2.60021526791,-0.0,-0.0,-0.0,3.65552706466,4.86564607386,-2.32578867452,map_000000281.png
3.64872428799,4.70408544674,-2.60021526791,-0.0,-0.0,-0.0,3.65552706466,4.86564607386,-2.32578867452,map_000000282.png
3.64873071827,4.70407243548,-2.6002085815,-0.0,-0.0,-0.0,3.65552706466,4.86564607386,-2.32578867452,map_000000283.png
3.64873071827,4.70407243548,-2.6002085815,-0.0,-0.0,-0.0,3.65552706466,4.86564607386,-2.32578867452,map_000000284.png
3.6487209895,4.70408209793,-2.60021490735,-0.0,-0.0,-0.0,3.65552706466,4.86564607386,-2.32578867452,map_000000285.png
3.6487210284,4.70408215941,-2.60021473645,-0.0,-0.0,-0.0,3.65552706466,4.86564607386,-2.32578867452,map_000000286.png
3.64871187112,4.70407300811,-2.60021323263,-0.0,-0.0,-0.0,3.65552706466,4.86564607386,-2.32578867452,map_000000287.png
3.64871431235,4.70407543687,-2.60021365794,-0.0,-0.0,-0.0,3.65552706466,4.86564607386,-2.32578867452,map_000000288.png
3.64872095116,4.70408209688,-2.60021470796,0.365813940763,-0.0,-0.0,3.65552706466,4.86564607386,-2.32578867452,map_000000289.png
3.64873069943,4.7040723604,-2.60020856158,0.365813940763,-0.0,-0.0,3.65552706466,4.86564607386,-2.32578867452,map_000000290.png
3.62114304999,4.68749925541,-2.60021366213,0.5,-0.0,-0.0,3.65552706466,4.86564607386,-2.32578867452,map_000000291.png
3.58198846963,4.66395534492,-2.60021208216,-0.0,-0.0,-0.0,3.65552706466,4.86564607386,-2.32578867452,map_000000292.png
3.5597059006,4.65055299369,-2.60020942445,-0.0,-0.0,-0.0,3.65552706466,4.86564607386,-2.32578867452,map_000000293.png
3.55970834187,4.6505554225,-2.60020984965,-0.0,-0.0,-0.0,3.65552706466,4.86564607386,-2.32578867452,map_000000294.png
3.55971497946,4.650562084,-2.60021069366,-0.0,-0.0,-0.0,3.65552706466,4.86564607386,-2.32578867452,map_000000295.png
3.55971500868,4.65056204638,-2.60021063751,-0.0,-0.0,-0.0,3.65552706466,4.86564607386,-2.32578867452,map_000000296.png
3.55971499881,4.65056201024,-2.60021083365,-0.0,-0.0,-0.0,3.65552706466,4.86564607386,-2.32578867452,map_000000297.png
3.55971503773,4.6505620717,-2.60021066806,-0.0,-0.0,-0.0,3.65552706466,4.86564607386,-2.32578867452,map_000000298.png
3.55971828159,4.65056529556,-2.60021120257,-0.0,-0.0,-0.0,3.65552706466,4.86564607386,-2.32578867452,map_000000299.png
3.55970832167,4.65055534918,-2.60020958463,-0.0,-0.0,-0.0,3.65552706466,4.86564607386,-2.32578867452,map_000000300.png
3.55971496037,4.65056200935,-2.60021061533,0.0253036599606,-0.0,-0.0,3.65552706466,4.86564607386,-2.32578867452,map_000000301.png
3.5597149899,4.65056197125,-2.60021062093,0.0253036599606,-0.0,-0.0,3.65552706466,4.86564607386,-2.32578867452,map_000000302.png
3.55772068304,4.64936274326,-2.60021068947,0.046590320766,-0.0,-0.0,3.65552706466,4.86564607386,-2.32578867452,map_000000303.png
3.55424007995,4.64726985646,-2.60021042006,0.00165181432385,-0.0,-0.0,3.65552706466,4.86564607386,-2.32578867452,map_000000304.png
3.55209429056,4.64598084454,-2.60021078122,-0.0,-0.0,-0.0,3.65552706466,4.86564607386,-2.32578867452,map_000000305.png
3.5519881068,4.64591303624,-2.60020928663,-0.0,0.0674001276493,-0.0,3.65552706466,4.86564607386,-2.32578867452,map_000000306.png
3.55241135957,4.64522685327,-2.60021023309,-0.0,0.263672292233,-0.0,3.65552706466,4.86564607386,-2.32578867452,map_000000307.png
3.55602221611,4.63922189794,-2.60021041217,-0.0,0.263672292233,-0.0,3.65552706466,4.86564607386,-2.32578867452,map_000000308.png
3.56920026511,4.61730630757,-2.6002112907,-0.0,-0.0,-0.0,3.65552706466,4.86564607386,-2.32578867452,map_000000309.png
3.57299402107,4.61097292271,-2.60021018537,-0.0,-0.0,-0.0,3.65552706466,4.86564607386,-2.32578867452,map_000000310.png
3.57300641801,4.61098528767,-2.60021200429,-0.0,-0.0,-0.0,3.65552706466,4.86564607386,-2.32578867452,map_000000311.png
3.57299645804,4.61097534135,-2.60021037855,-0.0,-0.0,-0.0,3.65552706466,4.86564607386,-2.32578867452,map_000000312.png
3.57301284839,4.610972276,-2.6002054197,-0.0,-0.0,-0.0,3.65552706466,4.86564607386,-2.32578867452,map_000000313.png
3.57300312632,4.61098196332,-2.6002114217,-0.0,-0.0,-0.0,3.65552706466,4.86564607386,-2.32578867452,map_000000314.png
3.57300311604,4.61098192789,-2.60021148011,-0.0,-0.0,-0.0,3.65552706466,4.86564607386,-2.32578867452,map_000000315.png
3.5729939997,4.610972851,-2.60020971162,-0.0,-0.0,-0.0,3.65552706466,4.86564607386,-2.32578867452,map_000000316.png
3.57300639912,4.61098521267,-2.60021196643,-0.0,-0.0,-0.0,3.65552706466,4.86564607386,-2.32578867452,map_000000317.png
3.57299643982,4.61097526554,-2.60021045631,0.00401699868962,-0.0,-0.0,3.65552706466,4.86564607386,-2.32578867452,map_000000318.png
3.57294400445,4.61093081738,-2.60020512766,0.197923973203,-0.0,-0.0,3.65552706466,4.86564607386,-2.32578867452,map_000000319.png
3.57259015965,4.61073357892,-2.60021136104,0.335066527128,0.102877892554,-0.0,3.65552706466,4.86564607386,-2.32578867452,map_000000320.png
3.55495632283,4.60013019403,-2.60021072827,0.335066527128,0.102877892554,-0.0,3.65552706466,4.86564607386,-2.32578867452,map_000000321.png
3.53283229599,4.57722317732,-2.60020879352,0.491130560637,0.287305057049,-0.0,3.65552706466,4.86564607386,-2.32578867452,map_000000322.png
3.50711853043,4.53685903166,-2.60020958234,0.491130560637,0.287305057049,-0.0,3.65552706466,4.86564607386,-2.32578867452,map_000000323.png
3.47875064165,4.48494763741,-2.60020843475,-0.0,-0.0,-0.0,3.65552706466,4.86564607386,-2.32578867452,map_000000324.png
3.45694130675,4.44500813024,-2.60020124383,-0.0,-0.0,-0.0,3.65552706466,4.86564607386,-2.32578867452,map_000000325.png
3.45693158525,4.44501781618,-2.60020751922,-0.0,-0.0,-0.0,3.65552706466,4.86564607386,-2.32578867452,map_000000326.png
3.45693161727,4.44501785337,-2.60020755299,-0.0,-0.0,-0.0,3.65552706466,4.86564607386,-2.32578867452,map_000000327.png
3.45692246128,4.44500870041,-2.60020627285,-0.0,-0.0,-0.0,3.65552706466,4.86564607386,-2.32578867452,map_000000328.png
3.45693485805,4.44502106553,-2.60020806358,-0.0,-0.0,-0.0,3.65552706466,4.86564607386,-2.32578867452,map_000000329.png
3.45693153993,4.44501779101,-2.60020750397,-0.0,-0.0,-0.0,3.65552706466,4.86564607386,-2.32578867452,map_000000330.png
3.45694128793,4.44500805528,-2.60020121636,-0.0,-0.0,-0.0,3.65552706466,4.86564607386,-2.32578867452,map_000000331.png
3.45693155912,4.44501771754,-2.60020756426,-0.0,-0.0,-0.0,3.65552706466,4.86564607386,-2.32578867452,map_000000332.png
3.45693159835,4.44501777846,-2.60020750666,-0.0,-0.0,-0.0,3.65552706466,4.86564607386,-2.32578867452,map_000000333.png
3.45692244217,4.44500862578,-2.60020619435,-0.0,-0.0,-0.0,3.65552706466,4.86564607386,-2.32578867452,map_000000334.png
3.45692488349,4.44501105449,-2.60020662785,-0.0,-0.0,-0.0,3.65552706466,4.86564607386,-2.32578867452,map_000000335.png
3.45693152108,4.44501771599,-2.60020747233,-0.0,-0.0,-0.0,3.65552706466,4.86564607386,-2.32578867452,map_000000336.png
3.4569412692,4.44500797979,-2.60020129039,-0.0,-0.0,-0.0,3.65552706466,4.86564607386,-2.32578867452,map_000000337.png
3.45693154043,4.44501764222,-2.60020761207,-0.0,-0.0,-0.0,3.65552706466,4.86564607386,-2.32578867452,map_000000338.png
3.45693157935,4.44501770368,-2.60020744688,-0.0,-0.0,-0.0,3.65552706466,4.86564607386,-2.32578867452,map_000000339.png
3.45692242207,4.44500855241,-2.60020594254,-0.0,-0.0,-0.0,3.65552706466,4.86564607386,-2.32578867452,map_000000340.png
3.45692486328,4.44501098117,-2.60020636307,-0.0,-0.0,-0.0,3.65552706466,4.86564607386,-2.32578867452,map_000000341.png
3.45693150199,4.44501764134,-2.60020739415,-0.258903771639,-0.0,-0.0,3.65552706466,4.86564607386,-2.32578867452,map_000000342.png
3.46314144632,4.44875171851,-2.60020768837,-0.5,-0.0,-0.0,3.65552706466,4.86564607386,-2.32578867452,map_000000343.png
3.48697380611,4.46308242836,-2.60020859013,-0.5,-0.0,-0.0,3.65552706466,4.86564607386,-2.32578867452,map_000000344.png
3.5298068804,4.48883852917,-2.60021012464,-0.5,-0.0,-0.0,3.65552706466,4.86564607386,-2.32578867452,map_000000345.png
3.57435715497,4.51562831844,-2.60021227828,-0.0,-0.0,-0.0,3.65552706466,4.86564607386,-2.32578867452,map_000000346.png
3.58805397516,4.52386039366,-2.60021122122,-0.0,-0.0,-0.0,3.65552706466,4.86564607386,-2.32578867452,map_000000347.png
3.58806061423,4.52386705326,-2.60021231935,-0.0,-0.0,-0.0,3.65552706466,4.86564607386,-2.32578867452,map_000000348.png
3.58806064352,4.52386701554,-2.60021227785,-0.0,-0.0,-0.0,3.65552706466,4.86564607386,-2.32578867452,map_000000349.png
3.58806063308,4.52386698037,-2.60021225583,-0.0,-0.0,-0.0,3.65552706466,4.86564607386,-2.32578867452,map_000000350.png
3.58806067251,4.52386704095,-2.60021229428,-0.0,-0.0,-0.0,3.65552706466,4.86564607386,-2.32578867452,map_000000351.png
3.58806067251,4.52386704095,-2.60021229428,-0.0,-0.0,-0.0,3.65552706466,4.86564607386,-2.32578867452,map_000000352.png
3.58806391629,4.52387026496,-2.60021281463,-0.0,-0.0,-0.0,3.65552706466,4.86564607386,-2.32578867452,map_000000353.png
3.58805395709,4.52386031766,-2.60021132449,-0.0,-0.0,-0.0,3.65552706466,4.86564607386,-2.32578867452,map_000000354.png
3.58807034666,4.5238572533,-2.60020622964,-0.0508247613907,-0.0,-0.0,3.65552706466,4.86564607386,-2.32578867452,map_000000355.png
3.58945390804,4.5247047337,-2.60021228865,-0.5,-0.0,-0.0,3.65552706466,4.86564607386,-2.32578867452,map_000000356.png
3.59688676653,4.52917415555,-2.60021241782,-0.5,-0.0,-0.0,3.65552706466,4.86564607386,-2.32578867452,map_000000357.png
3.64142420712,4.55595123423,-2.60021235886,-0.5,-0.0,-0.0,3.65552706466,4.86564607386,-2.32578867452,map_000000358.png
3.68427031574,4.58171971203,-2.60021612341,-0.0,-0.0,-0.0,3.65552706466,4.86564607386,-2.32578867452,map_000000359.png
3.69625372053,4.58892142849,-2.60021533664,-0.0,-0.0,-0.0,3.65552706466,4.86564607386,-2.32578867452,map_000000360.png
3.69627010948,4.58891836598,-2.60020987352,-0.0,-0.0,-0.0,3.65552706466,4.86564607386,-2.32578867452,map_000000361.png
3.6962603881,4.58892805136,-2.60021625911,-0.0,-0.0,-0.0,3.65552706466,4.86564607386,-2.32578867452,map_000000362.png
3.69626037795,4.5889280157,-2.60021635119,-0.0,-0.0,-0.0,3.65552706466,4.86564607386,-2.32578867452,map_000000363.png
3.69625126527,4.58891893409,-2.60021521242,-0.0,-0.0,-0.0,3.65552706466,4.86564607386,-2.32578867452,map_000000364.png
3.69626366067,4.58893130114,-2.60021675412,-0.0,-0.0,-0.0,3.65552706466,4.86564607386,-2.32578867452,map_000000365.png
3.69626034282,4.5889280261,-2.60021625129,-0.0,-0.0,-0.0,3.65552706466,4.86564607386,-2.32578867452,map_000000366.png
3.69627009097,4.58891828987,-2.60021007399,-0.0,-0.0,-0.0,3.65552706466,4.86564607386,-2.32578867452,map_000000367.png
3.69626036917,4.58892797645,-2.6002162107,-0.0,-0.0,-0.0,3.65552706466,4.86564607386,-2.32578867452,map_000000368.png
3.6962604012,4.58892801362,-2.60021624542,-0.0,-0.0,-0.0,3.65552706466,4.86564607386,-2.32578867452,map_000000369.png
3.69625124383,4.58891886249,-2.60021472585,-0.0,-0.0,-0.0,3.65552706466,4.86564607386,-2.32578867452,map_000000370.png
3.69626364197,4.58893122579,-2.60021675544,-0.0,-0.0,-0.0,3.65552706466,4.86564607386,-2.32578867452,map_000000371.png
3.69626032386,4.58892795126,-2.60021619661,-0.0,-0.0,-0.0,3.65552706466,4.86564607386,-2.32578867452,map_000000372.png
3.69627007214,4.58891821478,-2.6002100552,-0.0,-0.0,-0.0,3.65552706466,4.86564607386,-2.32578867452,map_000000373.png
3.69626035026,4.58892790153,-2.60021616794,-0.0,-0.0,-0.0,3.65552706466,4.86564607386,-2.32578867452,map_000000374.png
3.69626038227,4.58892793872,-2.60021619928,-0.0,-0.0,-0.0,3.65552706466,4.86564607386,-2.32578867452,map_000000375.png
3.69625122477,4.58891878776,-2.60021465599,-0.0,-0.0,-0.0,3.65552706466,4.86564607386,-2.32578867452,map_000000376.png
3.69626362297,4.58893115105,-2.60021669286,-0.0,-0.0,-0.0,3.65552706466,4.86564607386,-2.32578867452,map_000000377.png
3.69626030501,4.58892787625,-2.60021616487,-0.0,-0.0,-0.0,3.65552706466,4.86564607386,-2.32578867452,map_000000378.png
3.69627005314,4.58891814004,-2.6002099834,0.100970491767,0.0579393915832,-0.0,3.65552706466,4.86564607386,-2.32578867452,map_000000379.png
3.6939941454,4.58486180352,-2.60021633015,0.240478217602,0.258941918612,-0.0,3.65552706466,4.86564607386,-2.32578867452,map_000000380.png
3.6880095248,4.56981630524,-2.60021588115,0.12462233007,0.214003413916,-0.0,3.65552706466,4.86564607386,-2.32578867452,map_000000381.png
3.68073788306,4.53523669942,-2.60021458654,0.12462233007,0.214003413916,-0.0,3.65552706466,4.86564607386,-2.32578867452,map_000000382.png
3.68079751193,4.50910352675,-2.60021504554,-0.0,-0.0,-0.0,3.65552706466,4.86564607386,-2.32578867452,map_000000383.png
3.68087366995,4.50415981586,-2.60021609636,-0.0,-0.0,-0.0,3.65552706466,4.86564607386,-2.32578867452,map_000000384.png
3.68088341834,4.50415007921,-2.6002099748,-0.0,-0.0,-0.0,3.65552706466,4.86564607386,-2.32578867452,map_000000385.png
3.68087368912,4.50415974244,-2.60021614523,-0.0,-0.0,-0.0,3.65552706466,4.86564607386,-2.32578867452,map_000000386.png
3.68087372846,4.50415980316,-2.60021611737,-0.0,-0.0,-0.0,3.65552706466,4.86564607386,-2.32578867452,map_000000387.png
3.68086457096,4.50415065219,-2.60021457572,-0.0,-0.0,-0.0,3.65552706466,4.86564607386,-2.32578867452,map_000000388.png
3.6808670129,4.50415308009,-2.60021512112,-0.0,-0.0,-0.0,3.65552706466,4.86564607386,-2.32578867452,map_000000389.png
3.68087365119,4.50415974069,-2.600216083,-0.0,-0.0,-0.0,3.65552706466,4.86564607386,-2.32578867452,map_000000390.png
3.68087368048,4.50415970296,-2.60021604173,-0.0,-0.0,-0.0,3.65552706466,4.86564607386,-2.32578867452,map_000000391.png
3.68087367033,4.50415966732,-2.60021613493,-0.0,-0.0,-0.0,3.65552706466,4.86564607386,-2.32578867452,map_000000392.png
3.68087370947,4.50415972838,-2.60021605754,-0.0,-0.0,-0.0,3.65552706466,4.86564607386,-2.32578867452,map_000000393.png
3.68087695325,4.50416295239,-2.60021657828,-0.00115588854533,-0.353949844837,-0.0,3.65552706466,4.86564607386,-2.32578867452,map_000000394.png
3.68086699406,4.50415300509,-2.60021508832,-0.00115588854533,-0.353949844837,-0.0,3.65552706466,4.86564607386,-2.32578867452,map_000000395.png
3.66636674431,4.5284647465,-2.60021500921,-0.109935298562,-0.5,-0.0,3.65552706466,4.86564607386,-2.32578867452,map_000000396.png
3.64865682646,4.57165507924,-2.60021377158,-0.0,-0.5,-0.0,3.65552706466,4.86564607386,-2.32578867452,map_000000397.png
3.62855101614,4.6178871175,-2.60021274068,-0.0,-0.0,-0.0,3.65552706466,4.86564607386,-2.32578867452,map_000000398.png
3.60794617298,4.65215389169,-2.60021114249,-0.0,-0.0,-0.0,3.65552706466,4.86564607386,-2.32578867452,map_000000399.png
3.6079494168,4.65215711559,-2.6002116707,-0.0,-0.0,-0.0,3.65552706466,4.86564607386,-2.32578867452,map_000000400.png
3.60793945751,4.65214716844,-2.6002101614,-0.0,-0.0,-0.0,3.65552706466,4.86564607386,-2.32578867452,map_000000401.png
3.60795584675,4.65214410519,-2.60020484397,-0.0,-0.0,-0.0,3.65552706466,4.86564607386,-2.32578867452,map_000000402.png
3.60794612509,4.65215379132,-2.60021108304,-0.0,-0.0,-0.0,3.65552706466,4.86564607386,-2.32578867452,map_000000403.png
3.60794611494,4.65215375567,-2.60021117539,-0.0,-0.0,-0.0,3.65552706466,4.86564607386,-2.32578867452,map_000000404.png
3.60793700093,4.65214467578,-2.60020980545,-0.0,-0.0299958791584,-0.0,3.65552706466,4.86564607386,-2.32578867452,map_000000405.png
3.60788758724,4.65225983292,-2.60021161838,-0.0389988385141,-0.5,-0.0,3.65552706466,4.86564607386,-2.32578867452,map_000000406.png
3.60633246117,4.65481955026,-2.6002100435,-0.0389988385141,-0.5,-0.0,3.65552706466,4.86564607386,-2.32578867452,map_000000407.png
3.586376381,4.69468846645,-2.60020377967,-0.0484595783055,-0.5,-0.0,3.65552706466,4.86564607386,-2.32578867452,map_000000408.png
3.56450240568,4.73987180425,-2.60020821235,-0.0,-0.0,-0.0,3.65552706466,4.86564607386,-2.32578867452,map_000000409.png
3.55240356605,4.76525649775,-2.60020760339,-0.0,-0.0,-0.0,3.65552706466,4.86564607386,-2.32578867452,map_000000410.png
3.55239445071,4.76524741969,-2.60020594353,-0.0,-0.0,-0.0,3.65552706466,4.86564607386,-2.32578867452,map_000000411.png
3.55240684895,4.76525978282,-2.60020799428,-0.0,-0.0,-0.0,3.65552706466,4.86564607386,-2.32578867452,map_000000412.png
3.55240353073,4.76525650846,-2.60020741361,-0.0,-0.0,-0.0,3.65552706466,4.86564607386,-2.32578867452,map_000000413.png
3.55241327902,4.76524677198,-2.60020127274,-0.0,-0.0,-0.0,3.65552706466,4.86564607386,-2.32578867452,map_000000414.png
3.55240355715,4.76525645873,-2.60020739079,-0.0,-0.0,-0.0,3.65552706466,4.86564607386,-2.32578867452,map_000000415.png
3.55240358915,4.76525649592,-2.60020741615,-0.0,-0.0,-0.0,3.65552706466,4.86564607386,-2.32578867452,map_000000416.png
3.55239443165,4.76524734496,-2.60020587352,-0.0,-0.0,-0.0,3.65552706466,4.86564607386,-2.32578867452,map_000000417.png
3.55240682973,4.76525970851,-2.60020788614,-0.0,-0.0,-0.0,3.65552706466,4.86564607386,-2.32578867452,map_000000418.png
3.55240351188,4.76525643345,-2.60020738159,-0.0,-0.0,-0.0,3.65552706466,4.86564607386,-2.32578867452,map_000000419.png
3.55241326001,4.76524669724,-2.60020120079,-0.0,-0.0,-0.0,3.65552706466,4.86564607386,-2.32578867452,map_000000420.png
3.55240353823,4.76525638381,-2.60020734332,-0.0,-0.0,-0.0,3.65552706466,4.86564607386,-2.32578867452,map_000000421.png
3.55240357015,4.76525642114,-2.6002073559,-0.0,-0.0,-0.0,3.65552706466,4.86564607386,-2.32578867452,map_000000422.png
3.55240357015,4.76525642114,-2.6002073559,-0.0,-0.0,-0.0,3.65552706466,4.86564607386,-2.32578867452,map_000000423.png
3.55239441287,4.76524726986,-2.6002058528,-0.0,-0.0,-0.0,3.65552706466,4.86564607386,-2.32578867452,map_000000424.png
3.5523968541,4.76524969862,-2.60020627856,-0.0,-0.0,-0.0,3.65552706466,4.86564607386,-2.32578867452,map_000000425.png
3.55240349289,4.76525635865,-2.60020732374,-0.0,-0.0,-0.0,3.65552706466,4.86564607386,-2.32578867452,map_000000426.png
3.55241324118,4.76524662215,-2.6002011822,-0.0,-0.0,-0.0,3.65552706466,4.86564607386,-2.32578867452,map_000000427.png
3.55240351226,4.7652562849,-2.60020746829,-0.0,-0.0,-0.0,3.65552706466,4.86564607386,-2.32578867452,map_000000428.png
3.55240355127,4.76525634617,-2.60020731775,-0.0,-0.0,-0.0,3.65552706466,4.86564607386,-2.32578867452,map_000000429.png
3.55239439381,4.76524719512,-2.60020578319,-0.0,-0.0,-0.0,3.65552706466,4.86564607386,-2.32578867452,map_000000430.png
3.55239683575,4.76524962303,-2.60020632912,-0.0,-0.0,0.0533158369362,3.65552706466,4.86564607386,-2.32578867452,map_000000431.png
3.5524034741,4.76525628355,-2.60020730345,-0.0,-0.0,0.0533158369362,3.65552706466,4.86564607386,-2.32578867452,map_000000432.png
3.55238110704,4.76529326687,-2.5955933268,-0.0,-0.0,0.84485155344,3.65552706466,4.86564607386,-2.32578867452,map_000000433.png
3.55207471251,4.76577123219,-2.53408705992,-0.0,-0.0,0.872280061245,3.65552706466,4.86564607386,-2.32578867452,map_000000434.png
3.55158364406,4.76642430191,-2.44982283426,-0.0,-0.0,0.872280061245,3.65552706466,4.86564607386,-2.32578867452,map_000000435.png
3.55101389518,4.7670590259,-2.36061121606,-0.0,-0.0,0.872280061245,3.65552706466,4.86564607386,-2.32578867452,map_000000436.png
3.55042459052,4.76760592803,-2.27482315807,-0.0,-0.0,-0.0,3.65552706466,4.86564607386,-2.32578867452,map_000000437.png
3.54976284012,4.76812458706,-2.18905275768,-0.0,-0.0,-0.0,3.65552706466,4.86564607386,-2.32578867452,map_000000438.png
3.5496942451,4.76817708794,-2.18219995384,-0.0,-0.0,-0.0,3.65552706466,4.86564607386,-2.32578867452,map_000000439.png
3.54970384903,4.76816746774,-2.18219408119,-0.0,-0.0,-0.0,3.65552706466,4.86564607386,-2.32578867452,map_000000440.png
3.54969431493,4.76817700522,-2.18219994502,-0.0,-0.0,-0.0,3.65552706466,4.86564607386,-2.32578867452,map_000000441.png
3.54969435161,4.76817696283,-2.1821999419,-0.0,-0.0,-0.0,3.65552706466,4.86564607386,-2.32578867452,map_000000442.png
3.5497039544,4.76816734474,-2.18219368417,-0.0,-0.0,-0.0,3.65552706466,4.86564607386,-2.32578867452,map_000000443.png
3.54969442196,4.76817688142,-2.18219991288,-0.0,-0.0,-0.0,3.65552706466,4.86564607386,-2.32578867452,map_000000444.png
3.54969445867,4.76817683901,-2.18219991306,-0.0,-0.0,-0.0,3.65552706466,4.86564607386,-2.32578867452,map_000000445.png
3.54970406266,4.7681672203,-2.18219389604,-0.0,-0.0,-0.0,3.65552706466,4.86564607386,-2.32578867452,map_000000446.png
3.54969452925,4.76817675746,-2.18219991213,-0.0,-0.0,-0.0,3.65552706466,4.86564607386,-2.32578867452,map_000000447.png
3.54969456573,4.76817671519,-2.1821998842,-0.0,-0.0,-0.635608971119,3.65552706466,4.86564607386,-2.32578867452,map_000000448.png
3.54975373794,4.76813527667,-2.18970025431,-0.0,-0.0,-0.745399355888,3.65552706466,4.86564607386,-2.32578867452,map_000000449.png
3.5502504601,4.76775832691,-2.25470211818,-0.0,-0.0,-0.745399355888,3.65552706466,4.86564607386,-2.32578867452,map_000000450.png
3.55070399137,4.76736613382,-2.31720404976,-0.0,-0.0,-0.0,3.65552706466,4.86564607386,-2.32578867452,map_000000451.png
3.55085141789,4.76722667034,-2.33685733396,-0.0,-0.0,-0.0,3.65552706466,4.86564607386,-2.32578867452,map_000000452.png
3.55085145703,4.76722662042,-2.33685752908,-0.0,-0.0,-0.0,3.65552706466,4.86564607386,-2.32578867452,map_000000453.png
3.55084185065,4.76723621842,-2.33686369879,-0.0,-0.0,-0.0,3.65552706466,4.86564607386,-2.32578867452,map_000000454.png
3.55085152802,4.76722653829,-2.33685751997,-0.0,-0.0,-0.0,3.65552706466,4.86564607386,-2.32578867452,map_000000455.png
3.55085156487,4.76722649564,-2.33685750692,-0.0,-0.0,-0.0,3.65552706466,4.86564607386,-2.32578867452,map_000000456.png
3.55084195837,4.76723609375,-2.33686366269,-0.0,-0.0,-0.0,3.65552706466,4.86564607386,-2.32578867452,map_000000457.png
3.55085163591,4.76722641348,-2.33685750661,-0.0,-0.0,-0.0,3.65552706466,4.86564607386,-2.32578867452,map_000000458.png
3.55085167346,4.76722637019,-2.33685766628,-0.0,-0.0,-0.0,3.65552706466,4.86564607386,-2.32578867452,map_000000459.png
3.5508420663,4.76723596891,-2.33686365322,-0.0,-0.0,-0.0,3.65552706466,4.86564607386,-2.32578867452,map_000000460.png
3.55084210316,4.76723592626,-2.33686364235,-0.0,-0.0,-0.0,3.65552706466,4.86564607386,-2.32578867452,map_000000461.png
3.55085178139,4.76722624534,-2.33685765809,-0.0,-0.0,-0.0,3.65552706466,4.86564607386,-2.32578867452,map_000000462.png
3.55084217422,4.76723584407,-2.33686364459,-0.0,-0.0,-0.0,3.65552706466,4.86564607386,-2.32578867452,map_000000463.png
3.55084221108,4.76723580141,-2.33686363346,-0.0,-0.0,-0.0,3.65552706466,4.86564607386,-2.32578867452,map_000000464.png
3.55085188837,4.76722612136,-2.33685741553,-0.0,-0.0,-0.0,3.65552706466,4.86564607386,-2.32578867452,map_000000465.png
3.55084228197,4.76723571938,-2.33686361127,-0.0,-0.0,-0.0,3.65552706466,4.86564607386,-2.32578867452,map_000000466.png
3.550842319,4.76723567657,-2.33686362437,-0.0,-0.0,-0.0,3.65552706466,4.86564607386,-2.32578867452,map_000000467.png
3.5508519969,4.76722599594,-2.33685759509,-0.0,-0.0,-0.0,3.65552706466,4.86564607386,-2.32578867452,map_000000468.png
3.55084239007,4.76723559438,-2.33686362689,-0.0,-0.0,-0.0,3.65552706466,4.86564607386,-2.32578867452,map_000000469.png
3.55084242694,4.76723555172,-2.33686361701,-0.0366336554289,-0.0,-0.0,3.65552706466,4.86564607386,-2.32578867452,map_000000470.png
3.55227372569,4.76870354912,-2.33685792827,-0.5,-0.0,-0.0,3.65552706466,4.86564607386,-2.32578867452,map_000000471.png
3.56775843566,4.78479877428,-2.33686052026,-0.0,-0.0,-0.0,3.65552706466,4.86564607386,-2.32578867452,map_000000472.png
