
5.6779493902,0.383160530096,2.33078228739,-0.0,-0.0,-0.0,0.962519216096,5.31075552833,2.20655830425,map_000000073.png
5.67794941085,0.383160509608,2.33078228152,-0.0,-0.0,1.0,0.962519216096,5.31075552833,2.20655830425,map_000000074.png
5.67793950349,0.383170418284,2.33078235618,-0.0,-0.0,1.0,0.962519216096,5.31075552833,2.20655830425,map_000000075.png
5.67842733304,0.383662933391,2.40553114282,-0.0,-0.0,1.0,0.962519216096,5.31075552833,2.20655830425,map_000000076.png
5.67905347311,0.384422440095,2.50780304716,-0.0,-0.0,0.876857817173,0.962519216096,5.31075552833,2.20655830425,map_000000077.png
5.67953863371,0.385155787088,2.60130678196,-0.0,-0.0,0.854007065296,0.962519216096,5.31075552833,2.20655830425,map_000000078.png
5.67995299046,0.385911158411,2.6905328085,-0.0,-0.0,-0.0,0.962519216096,5.31075552833,2.20655830425,map_000000079.png
5.68029376233,0.386676175077,2.77449820386,0.0678579062223,-0.0,-0.0,0.962519216096,5.31075552833,2.20655830425,map_000000080.png
5.68029357318,0.386676244108,2.7744982813,0.0678579062223,-0.0,-0.0,0.962519216096,5.31075552833,2.20655830425,map_000000081.png
5.6749738145,0.38872287515,2.77449788004,0.273590803146,-0.0678197592497,-0.0,0.962519216096,5.31075552833,2.20655830425,map_000000082.png
5.65700366597,0.400564466533,2.77450094598,0.5,-0.0678197592497,-0.0,0.962519216096,5.31075552833,2.20655830425,map_000000083.png
5.62376039404,0.420617405773,2.77449759099,0.5,-0.129314556718,-0.0,0.962519216096,5.31075552833,2.20655830425,map_000000084.png
5.57849384582,0.447677171818,2.77450050608,0.5,-0.129314556718,-0.0,0.962519216096,5.31075552833,2.20655830425,map_000000085.png
5.53479412598,0.478889329518,2.77449732356,0.5,-0.129314556718,-0.0,0.962519216096,5.31075552833,2.20655830425,map_000000086.png
5.49279433978,0.508881840161,2.77449982865,0.5,-0.129314556718,-0.0,0.962519216096,5.31075552833,2.20655830425,map_000000087.png
5.44909464296,0.540094029253,2.77449674812,0.5,-0.129314556718,-0.0,0.962519216096,5.31075552833,2.20655830425,map_000000088.png
5.40540267095,0.571298388061,2.77449591618,0.5,-0.129314556718,-0.0,0.962519216096,5.31075552833,2.20655830425,map_000000089.png
5.36339520329,0.601298787473,2.77449606333,0.5,-0.129314556718,-0.0,0.962519216096,5.31075552833,2.20655830425,map_000000090.png
5.31970325176,0.632503176489,2.77449518738,0.5,-0.129314556718,-0.0,0.962519216096,5.31075552833,2.20655830425,map_000000091.png
5.27602519293,0.663693914106,2.77449801958,0.5,-0.129314556718,-0.0,0.962519216096,5.31075552833,2.20655830425,map_000000092.png
5.23400387689,0.693708025681,2.77449449522,0.5,-0.129314556718,-0.0,0.962519216096,5.31075552833,2.20655830425,map_000000093.png
5.19032583944,0.724898794973,2.77449741626,0.5,-0.129314556718,-0.0,0.962519216096,5.31075552833,2.20655830425,map_000000094.png
5.14662622052,0.756111092347,2.77449433197,0.5,-0.129314556718,-0.0,0.962519216096,5.31075552833,2.20655830425,map_000000095.png
5.10462114591,0.766194709154,2.77335218909,0.5,-0.129314556718,-0.0,0.962519216096,5.31075552833,2.20655830425,map_000000096.png
5.06097985941,0.766152329738,2.77156779755,0.5,-0.129314556718,-0.0,0.962519216096,5.31075552833,2.20655830425,map_000000097.png
5.01739482626,0.766107690109,2.76978331409,0.5,-0.129314556718,-0.0,0.962519216096,5.31075552833,2.20655830425,map_000000098.png
4.97464462289,0.766246802249,2.76807030651,0.5,-0.129314556718,-0.0,0.962519216096,5.31075552833,2.20655830425,map_000000099.png
4.9287636677,0.777145609599,2.76679083908,0.5,-0.129314556718,-0.0,0.962519216096,5.31075552833,2.20655830425,map_000000100.png
4.88114829809,0.799128147307,2.76606475356,0.5,-0.129314556718,-0.0,0.962519216096,5.31075552833,2.20655830425,map_000000101.png
4.83900306798,0.828852796377,2.76601931057,0.5,-0.129314556718,-0.0,0.962519216096,5.31075552833,2.20655830425,map_000000102.png
4.7955695448,0.860434374436,2.76601627366,0.5,-0.129314556718,-0.0,0.962519216096,5.31075552833,2.20655830425,map_000000103.png
4.75214375943,0.892008118226,2.76601545668,0.5,-0.129314556718,-0.0,0.962519216096,5.31075552833,2.20655830425,map_000000104.png
4.7103922269,0.922363696521,2.76601561425,0.5,-0.129314556718,-0.0,0.962519216096,5.31075552833,2.20655830425,map_000000105.png
4.66696646431,0.953937471605,2.76601476625,0.5,-0.129314556718,-0.0,0.962519216096,5.31075552833,2.20655830425,map_000000106.png
4.62355458245,0.985497595067,2.76601749576,0.5,-0.129314556718,-0.0,0.962519216096,5.31075552833,2.20655830425,map_000000107.png
4.58178921136,1.01586688446,2.76601403862,0.5,-0.129314556718,-0.0,0.962519216096,5.31075552833,2.20655830425,map_000000108.png
4.5383773505,1.04742703703,2.76601687708,0.5,-0.129314556718,-0.0,0.962519216096,5.31075552833,2.20655830425,map_000000109.png
4.4949439082,1.0790087186,2.76601380107,0.5,-0.129314556718,-0.0,0.962519216096,5.31075552833,2.20655830425,map_000000110.png
4.45320015998,1.10935654067,2.76601620584,0.5,-0.129314556718,-0.0,0.962519216096,5.31075552833,2.20655830425,map_000000111.png
4.40976674142,1.14093825186,2.76601300991,0.5,-0.129314556718,-0.0,0.962519216096,5.31075552833,2.20655830425,map_000000112.png
4.36634105397,1.17251213398,2.76601224907,0.5,-0.129314556718,-0.0,0.962519216096,5.31075552833,2.20655830425,map_000000113.png
4.32458961685,1.20286784301,2.76601229769,0.5,-0.129314556718,-0.0,0.962519216096,5.31075552833,2.20655830425,map_000000114.png
4.32458961685,1.20286784301,2.76601229769,0.5,-0.129314556718,-0.0,0.962519216096,5.31075552833,2.20655830425,map_000000115.png
4.28116395312,1.23444175583,2.76601160953,0.5,-0.129314556718,-0.0,0.962519216096,5.31075552833,2.20655830425,map_000000116.png
4.23775217025,1.26600201784,2.76601436312,0.5,-0.129314556718,-0.0,0.962519216096,5.31075552833,2.20655830425,map_000000117.png
4.19598689613,1.29637143829,2.76601090205,0.5,-0.129314556718,-0.0,0.962519216096,5.31075552833,2.20655830425,map_000000118.png
4.15257513521,1.32793173078,2.76601363531,0.5,-0.129314556718,-0.0,0.962519216096,5.31075552833,2.20655830425,map_000000119.png
4.10914179448,1.35951355176,2.7660106294,0.5,-0.129314556718,-0.0,0.962519216096,5.31075552833,2.20655830425,map_000000120.png
4.06739814297,1.38986150415,2.76601294012,0.5,-0.129314556718,-0.0,0.962519216096,5.31075552833,2.20655830425,map_000000121.png
4.02396482418,1.42144335487,2.76601000777,0.5,-0.129314556718,-0.0,0.962519216096,5.31075552833,2.20655830425,map_000000122.png
3.98053923639,1.4530173715,2.76600912222,0.5,-0.129314556718,-0.0,0.962519216096,5.31075552833,2.20655830425,map_000000123.png
3.93878789701,1.48337321381,2.76600917978,0.5,-0.129314556718,-0.0,0.962519216096,5.31075552833,2.20655830425,map_000000124.png
3.89536233271,1.51494726612,2.76600843363,0.5,-0.129314556718,-0.0,0.962519216096,5.31075552833,2.20655830425,map_000000125.png
3.85195065131,1.54650766611,2.7660112303,0.5,-0.129314556718,-0.0,0.962519216096,5.31075552833,2.20655830425,map_000000126.png
3.81018547358,1.57687721936,2.76600774379,0.5,-0.129314556718,-0.0,0.962519216096,5.31075552833,2.20655830425,map_000000127.png
3.76677381156,1.60843764804,2.76601048773,0.5,-0.122219003737,-0.0,0.962519216096,5.31075552833,2.20655830425,map_000000128.png
3.72315325244,1.63954453943,2.76600747183,0.5,-0.122219003737,-0.0,0.962519216096,5.31075552833,2.20655830425,map_000000129.png
3.68114953078,1.66923280935,2.76600991224,0.5,-0.122219003737,-0.0,0.962519216096,5.31075552833,2.20655830425,map_000000130.png
3.63744573982,1.70012859309,2.76600685205,0.5,-0.122219003737,-0.0,0.962519216096,5.31075552833,2.20655830425,map_000000131.png
3.5937496775,1.73101653583,2.76600602309,0.5,-0.122219003737,-0.0,0.962519216096,5.31075552833,2.20655830425,map_000000132.png
3.55173826809,1.76071270182,2.76600616671,0.5,-0.122219003737,-0.0,0.962519216096,5.31075552833,2.20655830425,map_000000133.png
3.50804222449,1.79160067506,2.76600533993,0.5,-0.122219003737,-0.0,0.962519216096,5.31075552833,2.20655830425,map_000000134.png
3.46436006691,1.82247500481,2.76600821815,0.5,-0.122219003737,-0.232955411077,0.962519216096,5.31075552833,2.20655830425,map_000000135.png
3.42240100828,1.85222305954,2.75226028645,0.5,-0.122219003737,-1.0,0.962519216096,5.31075552833,2.20655830425,map_000000136.png
3.37950202884,1.88400301487,2.69523350052,0.5,-0.122219003737,-1.0,0.962519216096,5.31075552833,2.20655830425,map_000000137.png
3.33936738902,1.91903410053,2.59296300187,0.5,-0.122219003737,-1.0,0.962519216096,5.31075552833,2.20655830425,map_000000138.png
3.30431923925,1.95639014419,2.49464089992,0.5,-0.122219003737,-0.0,0.962519216096,5.31075552833,2.20655830425,map_000000139.png
3.27312995858,1.99703268239,2.39630181919,0.5,-0.122219003737,-0.0,0.962519216096,5.31075552833,2.20655830425,map_000000140.png
3.24406031627,2.04189074198,2.380584398,0.5,-0.122219003737,-0.0,0.962519216096,5.31075552833,2.20655830425,map_000000141.png
3.21628350048,2.0852161611,2.38057878524,0.5,-0.115123450756,-0.0,0.962519216096,5.31075552833,2.20655830425,map_000000142.png
3.18717132745,2.13001801705,2.38057329151,0.5,-0.115123450756,-0.0,0.962519216096,5.31075552833,2.20655830425,map_000000143.png
3.15778547328,2.1745324138,2.38056773811,0.5,-0.115123450756,-0.0,0.962519216096,5.31075552833,2.20655830425,map_000000144.png
3.12953993954,2.2173250579,2.38056270141,0.5,-0.115123450756,-0.0,0.962519216096,5.31075552833,2.20655830425,map_000000145.png
3.10015456652,2.2618397728,2.38055721484,0.5,-0.115123450756,-0.0,0.962519216096,5.31075552833,2.20655830425,map_000000146.png
3.07076943785,2.30635464886,2.38055170321,0.5,-0.115123450756,-1.0,0.962519216096,5.31075552833,2.20655830425,map_000000147.png
3.04317705617,2.34942139819,2.30580656597,0.5,-0.115123450756,-1.0,0.962519216096,5.31075552833,2.20655830425,map_000000148.png
3.01876287161,2.39659403705,2.20354191197,0.5,-0.115123450756,-0.983329236507,0.962519216096,5.31075552833,2.20655830425,map_000000149.png
2.99929674152,2.44602694412,2.10192829887,0.5,-0.115123450756,-0.0408032462001,0.962519216096,5.31075552833,2.20655830425,map_000000150.png
2.98543693487,2.49521116997,2.02378521707,0.5,-0.115123450756,-0.0408032462001,0.962519216096,5.31075552833,2.20655830425,map_000000151.png
2.97352678046,2.54718161155,2.01960457673,0.5,-0.115123450756,-0.0,0.962519216096,5.31075552833,2.20655830425,map_000000152.png
2.97352678046,2.54718161155,2.01960457673,0.5,-0.115123450756,-0.0,0.962519216096,5.31075552833,2.20655830425,map_000000153.png
2.95072926059,2.64929587303,2.01477976196,0.5,-0.115123450756,-0.0,0.962519216096,5.31075552833,2.20655830425,map_000000154.png
2.95072926059,2.64929587303,2.01477976196,0.5,-0.115123450756,-0.0,0.962519216096,5.31075552833,2.20655830425,map_000000155.png
2.93921003224,2.70137626885,2.01477337086,0.5,-0.115123450756,-0.0,0.962519216096,5.31075552833,2.20655830425,map_000000156.png
2.92769113582,2.75345673789,2.01476699124,0.5,-0.115123450756,-0.0,0.962519216096,5.31075552833,2.20655830425,map_000000157.png
2.91662547487,2.80352438836,2.01475853574,0.5,-0.115123450756,-0.0,0.962519216096,5.31075552833,2.20655830425,map_000000158.png
2.90510723181,2.85560500231,2.01475215882,0.5,-0.115123450756,-0.0,0.962519216096,5.31075552833,2.20655830425,map_000000159.png
2.89358932061,2.90768568988,2.01474577071,0.5,-0.115123450756,-0.0,0.962519216096,5.31075552833,2.20655830425,map_000000160.png
2.88250483299,2.95777313646,2.01474201371,0.5,-0.115123450756,-0.0,0.962519216096,5.31075552833,2.20655830425,map_000000161.png
2.87098757399,3.00985396743,2.01473561205,0.5,-0.115123450756,-0.0,0.962519216096,5.31075552833,2.20655830425,map_000000162.png
2.85947064776,3.06193487196,2.01472919279,0.5,-0.115123450756,-0.0,0.962519216096,5.31075552833,2.20655830425,map_000000163.png
2.84840687851,3.11200294092,2.01472073745,0.5,-0.115123450756,-0.0,0.962519216096,5.31075552833,2.20655830425,map_000000164.png
2.83689060244,3.16408398984,2.01471437833,0.5,-0.115123450756,-0.0,0.962519216096,5.31075552833,2.20655830425,map_000000165.png
2.82537465975,3.21616511259,2.01470798972,0.5,-0.084376052022,-0.0,0.962519216096,5.31075552833,2.20655830425,map_000000166.png
2.81429206591,3.26625297764,2.01470421513,0.5,-0.084376052022,-0.0,0.962519216096,5.31075552833,2.20655830425,map_000000167.png
2.80044525226,3.31722547252,2.0146979444,0.5,-0.084376052022,-0.0,0.962519216096,5.31075552833,2.20655830425,map_000000168.png
2.78604361863,3.36793405676,2.01469176338,0.5,-0.084376052022,-0.0,0.962519216096,5.31075552833,2.20655830425,map_000000169.png
2.77220606724,3.41668259606,2.01468361702,0.5,-0.084376052022,-0.0,0.962519216096,5.31075552833,2.20655830425,map_000000170.png
2.75780504342,3.46739135348,2.0146774804,0.5,-0.084376052022,-0.0,0.962519216096,5.31075552833,2.20655830425,map_000000171.png
2.74340433106,3.51810019898,2.01467133004,0.5,-0.084376052022,-0.0,0.962519216096,5.31075552833,2.20655830425,map_000000172.png
2.72954790877,3.56686858612,2.01466772213,0.5,-0.084376052022,-0.0,0.962519216096,5.31075552833,2.20655830425,map_000000173.png
2.7151478107,3.61757760634,2.01466156004,0.5,-0.084376052022,-0.0,0.962519216096,5.31075552833,2.20655830425,map_000000174.png
2.70074802007,3.66828671371,2.01465544018,0.5,-0.084376052022,0.0395825058222,0.962519216096,5.31075552833,2.20655830425,map_000000175.png
2.68690303395,3.71703797825,2.01682966411,0.5,-0.084376052022,1.0,0.962519216096,5.31075552833,2.20655830425,map_000000176.png
2.67233344867,3.76777212181,2.05488554698,0.5,-0.084376052022,1.0,0.962519216096,5.31075552833,2.20655830425,map_000000177.png
2.65430840286,3.81748259124,2.15715314178,0.5,-0.084376052022,1.0,0.962519216096,5.31075552833,2.20655830425,map_000000178.png
2.63226240542,3.86329061167,2.25549774673,0.5,-0.084376052022,1.0,0.962519216096,5.31075552833,2.20655830425,map_000000179.png
2.60585559798,3.9067435517,2.35382140023,0.5,-0.084376052022,1.0,0.962519216096,5.31075552833,2.20655830425,map_000000180.png
2.57399390267,3.94894408094,2.45608656948,0.5,-0.084376052022,1.0,0.962519216096,5.31075552833,2.20655830425,map_000000181.png
2.53943633139,3.98623475274,2.55442795059,0.5,-0.084376052022,1.0,0.962519216096,5.31075552833,2.20655830425,map_000000182.png
2.49980946511,4.02124157157,2.65669091689,0.5,-0.084376052022,1.0,0.962519216096,5.31075552833,2.20655830425,map_000000183.png
2.45681100411,4.05201334404,2.75895696043,0.5,-0.084376052022,1.0,0.962519216096,5.31075552833,2.20655830425,map_000000184.png
2.41272059125,4.07733674795,2.85727714176,0.5,-0.084376052022,0.703016757965,0.962519216096,5.31075552833,2.20655830425,map_000000185.png
2.36445745094,4.09893006948,2.95953924052,0.5,-0.084376052022,0.703016757965,0.962519216096,5.31075552833,2.20655830425,map_000000186.png
2.31438697331,4.11577093825,3.03609933428,0.5,-0.084376052022,-0.0,0.962519216096,5.31075552833,2.20655830425,map_000000187.png
2.26535325702,4.12874457458,3.05822144108,0.5,-0.084376052022,-0.0,0.962519216096,5.31075552833,2.20655830425,map_000000188.png
2.21428418453,4.14181577461,3.0582204062,0.5,-0.084376052022,0.515404224396,0.962519216096,5.31075552833,2.20655830425,map_000000189.png
2.16320074882,4.15491749085,3.07444351246,0.5,-0.084376052022,0.886013388634,0.962519216096,5.31075552833,2.20655830425,map_000000190.png
2.11365061806,4.16600392562,3.12803564591,0.5,-0.0938367843628,0.899746716022,0.962519216096,5.31075552833,2.20655830425,map_000000191.png
2.06141471946,4.17407970383,-3.06454135385,0.5,-0.0938367843628,0.899746716022,0.962519216096,5.31075552833,2.20655830425,map_000000192.png
2.06141471946,4.17407970383,-3.06454135385,0.5,-0.0938367843628,0.931791126728,0.962519216096,5.31075552833,2.20655830425,map_000000193.png
2.0085493824,4.17827806908,-2.97263745149,0.5,-0.0938367843628,0.931791126728,0.962519216096,5.31075552833,2.20655830425,map_000000194.png
1.95754411041,4.1777560374,-2.88188447459,0.5,-0.0938367843628,0.931791126728,0.962519216096,5.31075552833,2.20655830425,map_000000195.png
1.90477714899,4.17229435627,-2.78659242082,0.5,-0.0938367843628,-0.0,0.962519216096,5.31075552833,2.20655830425,map_000000196.png
1.85281492858,4.16186188907,-2.72796268266,0.5,-0.0938367843628,-0.0,0.962519216096,5.31075552833,2.20655830425,map_000000197.png
1.80328588293,4.15036853063,-2.72796200519,0.5,-0.0938367843628,-0.0,0.962519216096,5.31075552833,2.20655830425,map_000000198.png
1.75176843379,4.13840829446,-2.72795931239,0.5,-0.0938367843628,-0.0,0.962519216096,5.31075552833,2.20655830425,map_000000199.png
1.70025069818,4.12644793938,-2.72795713285,0.5,-0.0938367843628,-0.0,0.962519216096,5.31075552833,2.20655830425,map_000000200.png
1.65070535533,4.11493832459,-2.7279522964,0.5,-0.0938367843628,-0.0,0.962519216096,5.31075552833,2.20655830425,map_000000201.png
1.59919009257,4.10298012129,-2.72795069701,0.5,-0.0938367843628,-0.0,0.962519216096,5.31075552833,2.20655830425,map_000000202.png
1.54768949658,4.0910163858,-2.72794355768,0.5,-0.0938367843628,-0.0,0.962519216096,5.31075552833,2.20655830425,map_000000203.png
1.49814393866,4.07952536125,-2.72794737116,0.5,-0.0938367843628,-1.0,0.962519216096,5.31075552833,2.20655830425,map_000000204.png
1.44665257197,4.06750465678,-2.73581273512,0.5,-0.0938367843628,-1.0,0.962519216096,5.31075552833,2.20655830425,map_000000205.png
1.39487647839,4.05759852171,-2.8380866594,0.5,-0.0938367843628,-1.0,0.962519216096,5.31075552833,2.20655830425,map_000000206.png
1.34439461897,4.05310923493,-2.93642863,0.5,-0.0938367843628,-1.0,0.962519216096,5.31075552833,2.20655830425,map_000000207.png
1.2917153104,4.05366661665,-3.03867645874,0.5,-0.0938367843628,-0.0,0.962519216096,5.31075552833,2.20655830425,map_000000208.png
1.23923245195,4.05944297038,-3.08587641984,0.5,-0.0938367843628,-0.0,0.962519216096,5.31075552833,2.20655830425,map_000000209.png
1.18881140218,4.06602280883,-3.08587575977,0.5,-0.0938367843628,-0.0,0.962519216096,5.31075552833,2.20655830425,map_000000210.png
1.13636869655,4.07286989067,-3.08587690985,0.5,-0.0938367843628,-0.301583915949,0.962519216096,5.31075552833,2.20655830425,map_000000211.png
1.08394041388,4.07970320866,-3.08587094071,0.5,-0.0938367843628,-1.0,0.962519216096,5.31075552833,2.20655830425,map_000000212.png
1.03362339498,4.08672073811,-3.11552843289,0.5,-0.0938367843628,-1.0,0.962519216096,5.31075552833,2.20655830425,map_000000213.png
0.981747462006,4.0962223056,3.07911226339,0.5,-0.0938367843628,-1.0,0.962519216096,5.31075552833,2.20655830425,map_000000214.png
0.931080022108,4.11072594386,2.97684777657,0.5,-0.0938367843628,-1.0,0.962519216096,5.31075552833,2.20655830425,map_000000215.png
0.884007303099,4.12947322173,2.87852114863,0.5,-0.0938367843628,-1.0,0.962519216096,5.31075552833,2.20655830425,map_000000216.png
0.837253366301,4.15379285788,2.77625222677,0.5,-0.0938367843628,-1.0,0.962519216096,5.31075552833,2.20655830425,map_000000217.png
0.793220332053,4.1827550965,2.67398533585,0.5,-0.0938367843628,-1.0,0.962519216096,5.31075552833,2.20655830425,map_000000218.png
0.753886298068,4.21471697422,2.57564445905,0.5,-0.0938367843628,-1.0,0.962519216096,5.31075552833,2.20655830425,map_000000219.png
0.71785859371,4.25035493927,2.47732193901,0.5,-0.0938367843628,-1.0,0.962519216096,5.31075552833,2.20655830425,map_000000220.png
0.68430431659,4.29099993285,2.37505577789,0.5,-0.0938367843628,-1.0,0.962519216096,5.31075552833,2.20655830425,map_000000221.png
0.656126200013,4.33312223663,2.2767169904,0.5,-0.0938367843628,-1.0,0.962519216096,5.31075552833,2.20655830425,map_000000222.png
0.631347148965,4.37964340461,2.17444784079,0.5,-0.0938367843628,-1.0,0.962519216096,5.31075552833,2.20655830425,map_000000223.png
0.611441181175,4.42844191955,2.07218345491,0.5,-0.0938367843628,-1.0,0.962519216096,5.31075552833,2.20655830425,map_000000224.png
0.597082213685,4.47702908125,1.97386125762,0.5,-0.0938367843628,-1.0,0.962519216096,5.31075552833,2.20655830425,map_000000225.png
0.587302045096,4.52881631456,1.87159492196,0.5,-0.0938367843628,-1.0,0.962519216096,5.31075552833,2.20655830425,map_000000226.png
0.58285152309,4.58134036483,1.76933138359,0.5,-0.0938367843628,-1.0,0.962519216096,5.31075552833,2.20655830425,map_000000227.png
0.58366998443,4.63199432975,1.6709936331,0.5,-0.0938367843628,-1.0,0.962519216096,5.31075552833,2.20655830425,map_000000228.png
0.589756484544,4.68434288223,1.56873803848,0.5,-0.0938367843628,-1.0,0.962519216096,5.31075552833,2.20655830425,map_000000229.png
0.601179648301,4.73579067531,1.46647083735,0.5,-0.0938367843628,-0.768288195133,0.962519216096,5.31075552833,2.20655830425,map_000000230.png
0.617078047701,4.78391340223,1.36813045903,0.5,-0.0938367843628,-0.0,0.962519216096,5.31075552833,2.20655830425,map_000000231.png
0.638183265146,4.83225964114,1.28956864023,0.5,-0.0938367843628,-0.0,0.962519216096,5.31075552833,2.20655830425,map_000000232.png
0.662371683025,4.87926149967,1.27748552441,0.5,-0.0938367843628,-0.0,0.962519216096,5.31075552833,2.20655830425,map_000000233.png
0.662371683025,4.87926149967,1.27748552441,0.5,-0.0938367843628,-0.0,0.962519216096,5.31075552833,2.20655830425,map_000000234.png
0.685802754864,4.92439734286,1.27748383647,0.5,-0.0938367843628,-0.0,0.962519216096,5.31075552833,2.20655830425,map_000000235.png
0.710180300346,4.97132766484,1.27747615673,0.5,-0.0938367843628,-0.0,0.962519216096,5.31075552833,2.20655830425,map_000000236.png
0.734538868258,5.01827843282,1.27748072967,0.5,-0.0938367843628,-0.0,0.962519216096,5.31075552833,2.20655830425,map_000000237.png
0.757969470094,5.06341305479,1.27747923934,0.5,-0.0938367843628,0.620654940605,0.962519216096,5.31075552833,2.20655830425,map_000000238.png
0.782337682944,5.11035331852,1.27747750921,0.5,-0.0938367843628,0.620654940605,0.962519216096,5.31075552833,2.20655830425,map_000000239.png
0.806020150824,5.1577542505,1.33606120436,0.5,-0.0938367843628,0.693861186504,0.962519216096,5.31075552833,2.20655830425,map_000000240.png
0.825928645161,5.20467400799,1.40255775879,0.5,-0.0938367843628,0.780800819397,0.962519216096,5.31075552833,2.20655830425,map_000000241.png
0.843204353643,5.2547976425,1.47829888449,0.5,-0.0938367843628,0.84485155344,0.962519216096,5.31075552833,2.20655830425,map_000000242.png
0.856504296173,5.30612469646,1.56067010639,0.5,-0.0938367843628,-0.0,0.962519216096,5.31075552833,2.20655830425,map_000000243.png
0.865111977754,5.35635313012,1.62711928626,0.5,-0.0938367843628,-0.0,0.962519216096,5.31075552833,2.20655830425,map_000000244.png
0.871923646341,5.40879997243,1.62711987825,0.5,-0.084376052022,-0.0,0.962519216096,5.31075552833,2.20655830425,map_000000245.png
0.878748808956,5.46123242967,1.62711386205,0.5,-0.084376052022,-0.0,0.962519216096,5.31075552833,2.20655830425,map_000000246.png
0.884495451332,5.51162706382,1.62711939082,0.38944670558,-0.0938367843628,-0.0,0.962519216096,5.31075552833,2.20655830425,map_000000247.png
0.891341088562,5.55697701151,1.6271134793,-0.0,-0.0,-0.0,0.962519216096,5.31075552833,2.20655830425,map_000000248.png
0.895348363732,5.57904754711,1.62711823834,-0.0,-0.0,-0.0,0.962519216096,5.31075552833,2.20655830425,map_000000249.png
0.895358207049,5.57903766184,1.62711382068,-0.0,-0.0,-0.0,0.962519216096,5.31075552833,2.20655830425,map_000000250.png
0.89534835778,5.5790475631,1.6271180726,-0.00588625762612,-0.0,-0.0,0.962519216096,5.31075552833,2.20655830425,map_000000251.png
0.895346463656,5.57904946898,1.62711899267,-0.00588625762612,-0.0,-0.0,0.962519216096,5.31075552833,2.20655830425,map_000000252.png
0.895380149749,5.57848363596,1.62711818542,-0.0,-0.0,-0.0,0.962519216096,5.31075552833,2.20655830425,map_000000253.png
0.895387528479,5.57832105584,1.62711900819,-0.0,-0.0,-0.0,0.962519216096,5.31075552833,2.20655830425,map_000000254.png
0.895399264692,5.57830927285,1.62711374586,-0.0,-0.0,-0.0,0.962519216096,5.31075552833,2.20655830425,map_000000255.png
0.895387523739,5.57832107188,1.62711896959,-0.0,-0.0,-0.0,0.962519216096,5.31075552833,2.20655830425,map_000000256.png
0.89539926083,5.57830928946,1.62711384908,-0.0,-0.0,-0.0,0.962519216096,5.31075552833,2.20655830425,map_000000257.png
0.895389411745,5.57831919062,1.62711810879,-0.0,-0.0,-0.0,0.962519216096,5.31075552833,2.20655830425,map_000000258.png
0.895399256188,5.57830930522,1.62711379113,-0.0,-0.0,-0.0,0.962519216096,5.31075552833,2.20655830425,map_000000259.png
0.89538751493,5.57832110404,1.62711896554,-0.0,-0.0,-0.0,0.962519216096,5.31075552833,2.20655830425,map_000000260.png
0.895399252035,5.57830932135,1.627113818,-0.0,-0.0,-0.0,0.962519216096,5.31075552833,2.20655830425,map_000000261.png
0.895387511123,5.57832112012,1.62711902077,-0.0,-0.0,-0.0,0.962519216096,5.31075552833,2.20655830425,map_000000262.png
0.895399247658,5.57830933769,1.62711384477,-0.0,-0.0,-0.0,0.962519216096,5.31075552833,2.20655830425,map_000000263.png
0.895389398553,5.57831923885,1.62711810231,-0.0,-0.0,-0.0,0.962519216096,5.31075552833,2.20655830425,map_000000264.png
0.895399243009,5.57830935345,1.62711378604,-0.0,-0.0,-0.0,0.962519216096,5.31075552833,2.20655830425,map_000000265.png
0.895389395527,5.57831925499,1.62711824445,-0.0,-0.0,0.0853221192956,0.962519216096,5.31075552833,2.20655830425,map_000000266.png
0.895447247008,5.57832266672,1.6331588117,-0.0,-0.0,0.0853221192956,0.962519216096,5.31075552833,2.20655830425,map_000000267.png
0.895527538738,5.57832801581,1.64154872025,-0.0,-0.0,0.0853221192956,0.962519216096,5.31075552833,2.20655830425,map_000000268.png
0.895609487999,5.57833426591,1.6502747794,-0.0,-0.0,0.0853221192956,0.962519216096,5.31075552833,2.20655830425,map_000000269.png
0.895691311915,5.5783411436,1.65900130444,-0.0,-0.0,0.112788781524,0.962519216096,5.31075552833,2.20655830425,map_000000270.png
0.895771448304,5.57834855393,1.66739116736,-0.0,-0.0,-0.0,0.962519216096,5.31075552833,2.20655830425,map_000000271.png
0.895884513418,5.57836007353,1.67892407708,-0.0,-0.0,-0.0,0.962519216096,5.31075552833,2.20655830425,map_000000272.png
0.895884513418,5.57836007353,1.67892407708,-0.0,-0.0,-0.0,0.962519216096,5.31075552833,2.20655830425,map_000000273.png
0.895905688785,5.57836238247,1.68114234006,-0.0,-0.0,-0.0,0.962519216096,5.31075552833,2.20655830425,map_000000274.png
0.89591554107,5.57835248936,1.68113825003,-0.0,-0.0,-0.0,0.962519216096,5.31075552833,2.20655830425,map_000000275.png
0.895905683167,5.57836239814,1.68114224805,-0.0,-0.0,-0.0,0.962519216096,5.31075552833,2.20655830425,map_000000276.png
0.895903821632,5.5783642706,1.68114307985,-0.0,-0.0,-0.0,0.962519216096,5.31075552833,2.20655830425,map_000000277.png
0.895905679176,5.57836241373,1.68114230838,-0.0,-0.0,-0.0,0.962519216096,5.31075552833,2.20655830425,map_000000278.png
0.895903817048,5.57836428614,1.68114307916,-0.0,-0.0,-0.0,0.962519216096,5.31075552833,2.20655830425,map_000000279.png
0.895915529376,5.57835252848,1.68113822065,-0.0,-0.0,-0.0408032462001,0.962519216096,5.31075552833,2.20655830425,map_000000280.png
0.895886752193,5.57834908083,1.67808876871,-0.0,-0.0,-0.104853965342,0.962519216096,5.31075552833,2.20655830425,map_000000281.png
0.895803096266,5.57835170018,1.67039322582,-0.0,-0.0,-0.104853965342,0.962519216096,5.31075552833,2.20655830425,map_000000282.png
0.895711286198,5.57833142898,1.65966564771,-0.0,-0.0,-0.104853965342,0.962519216096,5.31075552833,2.20655830425,map_000000283.png
0.895612696799,5.57832321332,1.64935517885,-0.0,-0.0,-0.0,0.962519216096,5.31075552833,2.20655830425,map_000000284.png
0.895499434929,5.57832641861,1.63863675726,-0.0,-0.0,-0.0,0.962519216096,5.31075552833,2.20655830425,map_000000285.png
0.895497536371,5.57832833442,1.63863764432,-0.0,-0.0,-0.0,0.962519216096,5.31075552833,2.20655830425,map_000000286.png
0.895499419269,5.5783264522,1.63863681819,-0.5,-0.0205351412296,-0.0,0.962519216096,5.31075552833,2.20655830425,map_000000287.png
0.899193906913,5.54451530083,1.63863759117,-0.5,-0.0,-0.0,0.962519216096,5.31075552833,2.20655830425,map_000000288.png
0.903875905694,5.49272345617,1.63863291571,-0.5,-0.0,-0.0,0.962519216096,5.31075552833,2.20655830425,map_000000289.png
0.907252077969,5.44287140783,1.63863756152,-0.5,-0.0,-0.0,0.962519216096,5.31075552833,2.20655830425,map_000000290.png
0.910787252329,5.39100164452,1.63863289025,-0.5,-0.0,-0.0,0.962519216096,5.31075552833,2.20655830425,map_000000291.png
0.914300834883,5.33915355425,1.63863671546,-0.5,-0.0,-0.0,0.962519216096,5.31075552833,2.20655830425,map_000000292.png
0.917698599047,5.28927983299,1.63863286118,-0.5,-0.0,-0.0,0.962519216096,5.31075552833,2.20655830425,map_000000293.png
0.921212181836,5.23743174286,1.63863674716,-0.5,-0.0,-0.0,0.962519216096,5.31075552833,2.20655830425,map_000000294.png
0.924733719704,5.18557506133,1.63863754561,-0.0,-0.0,-0.0,0.962519216096,5.31075552833,2.20655830425,map_000000295.png
0.926903877759,5.15366084222,1.63863670167,-0.0,-0.0,-0.0,0.962519216096,5.31075552833,2.20655830425,map_000000296.png
0.926901990181,5.15366274078,1.63863754391,-0.0,-0.0,-0.0,0.962519216096,5.31075552833,2.20655830425,map_000000297.png
0.926913721517,5.15365096344,1.6386324165,-0.0,-0.0,-0.0,0.962519216096,5.31075552833,2.20655830425,map_000000298.png
0.926901985865,5.15366275674,1.6386375536,-0.0,-0.0,-0.0,0.962519216096,5.31075552833,2.20655830425,map_000000299.png
0.926903868873,5.15366087414,1.6386366964,0.112796410918,0.143066957593,-0.0,0.962519216096,5.31075552833,2.20655830425,map_000000300.png
0.91728147706,5.16024167187,1.63863779246,0.205019533634,0.5,-0.0,0.962519216096,5.31075552833,2.20655830425,map_000000301.png
0.887763475369,5.17323058149,1.63863775896,0.0820490121841,0.5,-0.0,0.962519216096,5.31075552833,2.20655830425,map_000000302.png
0.834658217948,5.1880297202,1.63863983827,0.0536858737469,0.5,-0.0,0.962519216096,5.31075552833,2.20655830425,map_000000303.png
0.782241464202,5.19289101772,1.6386366191,0.0536858737469,0.5,-0.0,0.962519216096,5.31075552833,2.20655830425,map_000000304.png
0.732002121034,5.19486862316,1.63864254512,0.0536858737469,0.5,-0.0,0.962519216096,5.31075552833,2.20655830425,map_000000305.png
0.679777553708,5.19690122347,1.63863927294,0.0536858737469,0.5,-0.0,0.962519216096,5.31075552833,2.20655830425,map_000000306.png
0.627531391096,5.19895544256,1.63864446839,-0.0,-0.0,-0.0,0.962519216096,5.31075552833,2.20655830425,map_000000307.png
0.601422773166,5.19996768694,1.63864133301,-0.0,-0.0,-0.0,0.962519216096,5.31075552833,2.20655830425,map_000000308.png
0.601412923737,5.19997759023,1.6386457358,-0.0,-0.0,-0.0,0.962519216096,5.31075552833,2.20655830425,map_000000309.png
0.601411035092,5.19997948873,1.63864646632,-0.0,-0.079645678401,-0.0,0.962519216096,5.31075552833,2.20655830425,map_000000310.png
0.601412918513,5.19997760614,1.63864565023,-0.0,-0.079645678401,-0.0,0.962519216096,5.31075552833,2.20655830425,map_000000311.png
0.609036153227,5.2004976537,1.63864630523,-0.0,-0.5,-0.0,0.962519216096,5.31075552833,2.20655830425,map_000000312.png
0.650844817623,5.20332606095,1.63863957885,-0.0,-0.5,-0.0,0.962519216096,5.31075552833,2.20655830425,map_000000313.png
0.650844817623,5.20332606095,1.63863957885,-0.0,-0.5,-0.0,0.962519216096,5.31075552833,2.20655830425,map_000000314.png
0.700696892291,5.20672612339,1.6386438904,-0.0,-0.5,-0.0,0.962519216096,5.31075552833,2.20655830425,map_000000315.png
0.75256657297,5.2102380308,1.63863683663,-0.0,-0.5,-0.0,0.962519216096,5.31075552833,2.20655830425,map_000000316.png
0.804414689714,5.21377153696,1.63864032005,-0.0,-0.5,-0.0,0.962519216096,5.31075552833,2.20655830425,map_000000317.png
0.854288347152,5.21714972615,1.63863417848,-0.0,-0.327932834625,-0.0,0.962519216096,5.31075552833,2.20655830425,map_000000318.png
0.906136472033,5.22068309268,1.63863747145,-0.0,-0.327932834625,-0.0,0.962519216096,5.31075552833,2.20655830425,map_000000319.png
0.942892479426,5.22318247203,1.63863729371,-0.0,-0.0,-0.0,0.962519216096,5.31075552833,2.20655830425,map_000000320.png
0.95335946806,5.22389160315,1.63863583116,-0.0,-0.0,-0.0,0.962519216096,5.31075552833,2.20655830425,map_000000321.png
0.953357580252,5.22389350171,1.63863665014,-0.0,-0.0,-0.0,0.962519216096,5.31075552833,2.20655830425,map_000000322.png
0.953369311551,5.22388172435,1.63863151765,-0.0,-0.0,-0.0,0.962519216096,5.31075552833,2.20655830425,map_000000323.png
0.953357575858,5.22389351766,1.63863665088,-0.0,-0.0,-0.0,0.962519216096,5.31075552833,2.20655830425,map_000000324.png
0.953369307171,5.22388174051,1.63863154053,-0.0,-0.0,-0.0,0.962519216096,5.31075552833,2.20655830425,map_000000325.png
0.953359456573,5.2238916435,1.63863579764,-0.0,-0.0,-0.0,0.962519216096,5.31075552833,2.20655830425,map_000000326.png
0.953369302845,5.22388175644,1.63863154565,-0.0,-0.0,-0.0,0.962519216096,5.31075552833,2.20655830425,map_000000327.png
0.953359452677,5.22389165949,1.6386358521,-0.0,-0.0,-0.0,0.962519216096,5.31075552833,2.20655830425,map_000000328.png
0.953357564668,5.22389355804,1.63863664971,-0.0,-0.0,-0.0,0.962519216096,5.31075552833,2.20655830425,map_000000329.png
0.953359448244,5.22389167545,1.63863584997,-0.0,-0.0,-0.0,0.962519216096,5.31075552833,2.20655830425,map_000000330.png
0.953357560409,5.22389357398,1.63863666283,-0.0,-0.0,-0.0,0.962519216096,5.31075552833,2.20655830425,map_000000331.png
0.95336929163,5.22388179661,1.63863152132,-0.0,-0.0,-0.0,0.962519216096,5.31075552833,2.20655830425,map_000000332.png
0.953357555917,5.22389358995,1.63863665608,-0.0,-0.0,-0.0,0.962519216096,5.31075552833,2.20655830425,map_000000333.png
0.953369287674,5.22388181295,1.63863160278,-0.0,-0.0,-0.882656335831,0.962519216096,5.31075552833,2.20655830425,map_000000334.png
0.952965205822,5.22386640526,1.59697077193,-0.0,-0.0,-1.0,0.962519216096,5.31075552833,2.20655830425,map_000000335.png
0.95211692427,5.22388299773,1.50693421889,-0.0,-0.0,-1.0,0.962519216096,5.31075552833,2.20655830425,map_000000336.png
0.951123636585,5.22399317007,1.40467064075,-0.0,-0.0,-1.0,0.962519216096,5.31075552833,2.20655830425,map_000000337.png
0.95017357791,5.22419267409,1.30239310745,-0.0,-0.0,-1.0,0.962519216096,5.31075552833,2.20655830425,map_000000338.png
0.949299424379,5.22447238883,1.20404165499,-0.0,-0.0,-1.0,0.962519216096,5.31075552833,2.20655830425,map_000000339.png
0.948414599977,5.22486771538,1.10571419787,-0.0,-0.0,-1.0,0.962519216096,5.31075552833,2.20655830425,map_000000340.png
0.947559756903,5.22534381055,1.00343983949,-0.0,-0.0,-0.315317243338,0.962519216096,5.31075552833,2.20655830425,map_000000341.png
0.946938013429,5.22578193872,0.926657970048,-0.0,-0.0,-0.0,0.962519216096,5.31075552833,2.20655830425,map_000000342.png
0.946719012506,5.22595122113,0.898133460804,-0.0,-0.0,-0.0,0.962519216096,5.31075552833,2.20655830425,map_000000343.png
0.946717363774,5.22594960144,0.898133675571,-0.0,-0.0,-0.0,0.962519216096,5.31075552833,2.20655830425,map_000000344.png
0.946717380097,5.22594959397,0.898133743442,-0.0,-0.0,-0.0,0.962519216096,5.31075552833,2.20655830425,map_000000345.png
0.946727099227,5.22593988115,0.89812733403,-0.0,-0.0,1.0,0.962519216096,5.31075552833,2.20655830425,map_000000346.png
0.947133041343,5.22564063036,0.957159639174,-0.0,-0.0,1.0,0.962519216096,5.31075552833,2.20655830425,map_000000347.png
0.947945643964,5.22512184509,1.05548905397,-0.0,-0.0,0.991264104843,0.962519216096,5.31075552833,2.20655830425,map_000000348.png
0.948823146,5.22467837752,1.15758817099,-0.0,-0.0,0.991264104843,0.962519216096,5.31075552833,2.20655830425,map_000000349.png
0.949732466557,5.22433018057,1.25896649453,-0.0,-0.0,0.991264104843,0.962519216096,5.31075552833,2.20655830425,map_000000350.png
0.950616437247,5.22408849405,1.35645472885,-0.0,-0.0,0.991264104843,0.962519216096,5.31075552833,2.20655830425,map_000000351.png
0.9516073836,5.22390990886,1.45781546371,-0.0,-0.0,0.991264104843,0.962519216096,5.31075552833,2.20655830425,map_000000352.png
0.9516073836,5.22390990886,1.45781546371,-0.0,-0.0,0.991264104843,0.962519216096,5.31075552833,2.20655830425,map_000000353.png
0.953512498769,5.22388166685,1.65665935774,-0.0,-0.0,0.991264104843,0.962519216096,5.31075552833,2.20655830425,map_000000354.png
0.953512498769,5.22388166685,1.65665935774,-0.0,-0.0,0.991264104843,0.962519216096,5.31075552833,2.20655830425,map_000000355.png
0.95446266116,5.22399832191,1.75804062175,-0.0,-0.0,0.991264104843,0.962519216096,5.31075552833,2.20655830425,map_000000356.png
0.955406441962,5.22422237922,1.85942094031,-0.0,-0.0,0.991264104843,0.962519216096,5.31075552833,2.20655830425,map_000000357.png
0.956271514239,5.22452992825,1.95690920683,-0.0,-0.0,0.991264104843,0.962519216096,5.31075552833,2.20655830425,map_000000358.png
0.957156522409,5.22493061585,2.05828938795,-0.0,-0.0,0.991264104843,0.962519216096,5.31075552833,2.20655830425,map_000000359.png
0.957993323219,5.2254248942,2.15966952016,-0.0,-0.0,0.991264104843,0.962519216096,5.31075552833,2.20655830425,map_000000360.png
0.958765768866,5.2259944663,2.25713850135,-0.0,-0.0,0.991264104843,0.962519216096,5.31075552833,2.20655830425,map_000000361.png
0.959480599308,5.22663937434,2.35852269607,-0.0,-0.0,-0.0,0.962519216096,5.31075552833,2.20655830425,map_000000362.png
