1.77830832267,5.66681065554,-2.80534010711,-0.0,-0.0,-0.0,-2.76641696766,5.2328748011,2.88750983949,map_000000040.png
1.77830832267,5.66681065554,-2.80534010711,-0.0,0.154892876744,-0.0,-2.76641696766,5.2328748011,2.88750983949,map_000000041.png
1.78036153623,5.66095487312,-2.80533396171,-0.0,0.5,-0.0,-2.76641696766,5.2328748011,2.88750983949,map_000000042.png
1.78036153623,5.66095487312,-2.80533396171,-0.0,0.5,-0.0,-2.76641696766,5.2328748011,2.88750983949,map_000000043.png
1.78840577595,5.63793995352,-2.80533219882,-0.0,0.5,-0.0,-2.76641696766,5.2328748011,2.88750983949,map_000000044.png
1.80555531895,5.58887329359,-2.80533072708,-0.0,0.5,-0.0,-2.76641696766,5.2328748011,2.88750983949,map_000000045.png
1.82203543474,5.54170380817,-2.80533515436,-0.0,0.5,-0.0,-2.76641696766,5.2328748011,2.88750983949,map_000000046.png
1.83918512635,5.4926371994,-2.80533363297,-0.0,0.5,-0.0,-2.76641696766,5.2328748011,2.88750983949,map_000000047.png
1.85633489206,5.44357061687,-2.80533209337,-0.0,0.5,-0.0,-2.76641696766,5.2328748011,2.88750983949,map_000000048.png
1.87283502249,5.39638126585,-2.80532451606,-0.0,0.5,-0.0,-2.76641696766,5.2328748011,2.88750983949,map_000000049.png
1.8893154223,5.34921187825,-2.80532914787,-0.0,0.5,-0.0,-2.76641696766,5.2328748011,2.88750983949,map_000000050.png
1.90646540946,5.30014537269,-2.80532760977,0.12462233007,0.5,-0.0,-2.76641696766,5.2328748011,2.88750983949,map_000000051.png
1.92296575338,5.25295609487,-2.80532017479,0.12462233007,0.5,-0.0,-2.76641696766,5.2328748011,2.88750983949,map_000000052.png
1.92882767418,5.19994355506,-2.80531724036,-0.0,-0.0,-0.0,-2.76641696766,5.2328748011,2.88750983949,map_000000053.png
1.9299634126,5.18763395407,-2.8053169028,-0.0,-0.0,-0.0,-2.76641696766,5.2328748011,2.88750983949,map_000000054.png
1.92995362258,5.187643704,-2.80532235995,-0.0,-0.0,-0.0,-2.76641696766,5.2328748011,2.88750983949,map_000000055.png
1.9299536605,5.18764366099,-2.80532234982,-0.0,-0.0,-0.722548604012,-2.76641696766,5.2328748011,2.88750983949,map_000000056.png
1.92999801777,5.18751472289,-2.81953217107,-0.0,-0.0,-1.0,-2.76641696766,5.2328748011,2.88750983949,map_000000057.png
1.93018821549,5.18687392246,-2.8905880397,-0.0,-0.0,-1.0,-2.76641696766,5.2328748011,2.88750983949,map_000000058.png
1.93038804907,5.18589945564,-2.99284768743,-0.0,-0.0,-1.0,-2.76641696766,5.2328748011,2.88750983949,map_000000059.png
1.93048491572,5.18492354011,-3.09511631302,-0.0,-0.0,-1.0,-2.76641696766,5.2328748011,2.88750983949,map_000000060.png
1.93048377141,5.18397962104,3.08973258035,-0.0,-0.0,-1.0,-2.76641696766,5.2328748011,2.88750983949,map_000000061.png
1.93038851939,5.18299917209,2.98746213282,-0.0,-0.0,-0.0,-2.76641696766,5.2328748011,2.88750983949,map_000000062.png
1.93024932256,5.18229689603,2.91272382238,-0.0,-0.0,-0.0,-2.76641696766,5.2328748011,2.88750983949,map_000000063.png
1.93024741956,5.18229872476,2.91272309624,-0.0,-0.0,-0.0,-2.76641696766,5.2328748011,2.88750983949,map_000000064.png
1.93025912642,5.18228706155,2.912727251,-0.0,-0.0,-0.0,-2.76641696766,5.2328748011,2.88750983949,map_000000065.png
1.93024920721,5.18229693792,2.9127237175,-0.0,-0.0,-0.0,-2.76641696766,5.2328748011,2.88750983949,map_000000066.png
1.9302591118,5.18228706631,2.91272720181,-0.0,-0.0,-0.0,-2.76641696766,5.2328748011,2.88750983949,map_000000067.png
1.93024919299,5.18229694349,2.91272377292,-0.0,-0.0,-0.0,-2.76641696766,5.2328748011,2.88750983949,map_000000068.png
1.93024738239,5.18229873836,2.91272310723,-0.0,-0.0,-0.0,-2.76641696766,5.2328748011,2.88750983949,map_000000069.png
1.93024917866,5.1822969486,2.91272377843,-0.0,-0.0,-0.0,-2.76641696766,5.2328748011,2.88750983949,map_000000070.png
1.93024736809,5.18229874363,2.91272312784,-0.0,-0.0,-0.0,-2.76641696766,5.2328748011,2.88750983949,map_000000071.png
1.93025907572,5.18228707928,2.91272723418,-0.0,-0.0,-0.0,-2.76641696766,5.2328748011,2.88750983949,map_000000072.png
1.93024735375,5.18229874876,2.91272313391,-0.0,-0.0,-0.0,-2.76641696766,5.2328748011,2.88750983949,map_000000073.png
1.93025906111,5.18228708402,2.91272718304,0.5,-0.0,-0.0,-2.76641696766,5.2328748011,2.88750983949,map_000000074.png
1.90688497238,5.18773963187,2.91272377594,0.5,-0.0,-0.0,-2.76641696766,5.2328748011,2.88750983949,map_000000075.png
1.85821933836,5.1990686886,2.91272763068,0.5,-0.0,-0.0,-2.76641696766,5.2328748011,2.88750983949,map_000000076.png
1.80758723628,5.21087098587,2.91272377942,0.5,-0.0,-0.0,-2.76641696766,5.2328748011,2.88750983949,map_000000077.png
1.75696267825,5.22266528912,2.91272313699,0.5,-0.0,-0.0,-2.76641696766,5.2328748011,2.88750983949,map_000000078.png
1.70828950025,5.23400234013,2.91272381164,0.5,0.159623250365,-0.0,-2.76641696766,5.2328748011,2.88750983949,map_000000079.png
1.6549137948,5.23398661248,2.9127232809,0.5,0.223464161158,-0.0,-2.76641696766,5.2328748011,2.88750983949,map_000000080.png
1.6549137948,5.23398661248,2.9127232809,0.5,0.270767837763,-0.0,-2.76641696766,5.2328748011,2.88750983949,map_000000081.png
1.59966998588,5.22587743635,2.91272839495,0.5,0.294400602579,-0.0,-2.76641696766,5.2328748011,2.88750983949,map_000000082.png
1.54552884037,5.21381567821,2.91272435212,0.5,0.294400602579,-0.0,-2.76641696766,5.2328748011,2.88750983949,map_000000083.png
1.48842521088,5.19772252345,2.91272996274,0.460383147001,0.403180032969,-0.0,-2.76641696766,5.2328748011,2.88750983949,map_000000084.png
1.43084977804,5.17971828464,2.91272657977,0.379985958338,0.459925383329,-0.0,-2.76641696766,5.2328748011,2.88750983949,map_000000085.png
1.37689770416,5.15089872409,2.91273187663,0.379985958338,0.459925383329,-0.0,-2.76641696766,5.2328748011,2.88750983949,map_000000086.png
1.32626132432,5.11477489941,2.91272891184,0.292493224144,0.5,-0.0,-2.76641696766,5.2328748011,2.88750983949,map_000000087.png
1.28181006341,5.07340634156,2.91272956069,0.292493224144,0.5,-0.0,-2.76641696766,5.2328748011,2.88750983949,map_000000088.png
1.24199918281,5.03136238505,2.91273151957,0.292493224144,0.5,-0.0,-2.76641696766,5.2328748011,2.88750983949,map_000000089.png
1.20219595399,4.98930976285,2.91273708728,0.292493224144,0.5,-0.0,-2.76641696766,5.2328748011,2.88750983949,map_000000090.png
1.16078078523,4.94559547094,2.91273415755,0.427289664745,0.405545204878,-0.0,-2.76641696766,5.2328748011,2.88750983949,map_000000091.png
1.1209776728,4.90354274067,2.9127397352,0.427289664745,0.405545204878,-0.0,-2.76641696766,5.2328748011,2.88750983949,map_000000092.png
1.06946045992,4.87110011668,2.91273669318,0.427289664745,0.405545204878,-0.0,-2.76641696766,5.2328748011,2.88750983949,map_000000093.png
1.01663307641,4.84011920099,2.91273718846,0.427289664745,0.405545204878,-0.0,-2.76641696766,5.2328748011,2.88750983949,map_000000094.png
0.99849074162,4.84185612725,2.91620346782,0.5,0.143066957593,-0.0,-2.76641696766,5.2328748011,2.88750983949,map_000000095.png
0.980196592429,4.85862963362,2.92009208234,0.5,-0.0,-0.0,-2.76641696766,5.2328748011,2.88750983949,map_000000096.png
0.942864786194,4.88248121636,2.92236156308,0.5,-0.0,-0.0,-2.76641696766,5.2328748011,2.88750983949,map_000000097.png
0.896749673214,4.89916943573,2.92342334637,0.5,-0.0,-0.0,-2.76641696766,5.2328748011,2.88750983949,map_000000098.png
0.84605925215,4.9101336228,2.92371731219,0.5,-0.0,-0.0,-2.76641696766,5.2328748011,2.88750983949,map_000000099.png
0.795320407965,4.92135898772,2.9237214429,0.5,-0.0,-0.0,-2.76641696766,5.2328748011,2.88750983949,map_000000100.png
0.746511418994,4.93217377806,2.92371693324,0.5,-0.0,-0.0,-2.76641696766,5.2328748011,2.88750983949,map_000000101.png
0.695774375639,4.94339730414,2.92372139332,0.5,-0.0,-0.0,-2.76641696766,5.2328748011,2.88750983949,map_000000102.png
0.645015693842,4.95464236807,2.92371754192,0.5,-0.0,-0.0,-2.76641696766,5.2328748011,2.88750983949,map_000000103.png
0.596228344323,4.96543562164,2.92372143421,0.5,0.19746619463,-0.0,-2.76641696766,5.2328748011,2.88750983949,map_000000104.png
0.545469661744,4.97668068317,2.92371745526,0.5,0.19746619463,-0.0,-2.76641696766,5.2328748011,2.88750983949,map_000000105.png
0.490793300911,4.97018777027,2.92371742102,0.275956004858,0.497768342495,-0.0,-2.76641696766,5.2328748011,2.88750983949,map_000000106.png
0.448803440439,4.93713070543,2.92371914969,0.257034510374,0.5,-0.0,-2.76641696766,5.2328748011,2.88750983949,map_000000107.png
0.411041614641,4.9050904564,2.92514016294,0.207384720445,0.5,-0.0,-2.76641696766,5.2328748011,2.88750983949,map_000000108.png
0.376831771187,4.90543807866,2.9296334511,0.207384720445,0.5,-0.0,-2.76641696766,5.2328748011,2.88750983949,map_000000109.png
0.346916603263,4.90371162448,2.93351350966,0.207384720445,0.5,-0.0,-2.76641696766,5.2328748011,2.88750983949,map_000000110.png
0.315997087305,4.90369622683,2.93766791085,0.207384720445,0.5,-0.0,-2.76641696766,5.2328748011,2.88750983949,map_000000111.png
0.285707165177,4.90538488161,2.94261415958,0.207384720445,0.5,-0.0,-2.76641696766,5.2328748011,2.88750983949,map_000000112.png
0.256438263712,4.90364447353,2.94633828691,0.207384720445,0.5,-0.0,-2.76641696766,5.2328748011,2.88750983949,map_000000113.png
0.226328764327,4.90545744942,2.95074593191,0.40363779664,0.386623740196,-0.0,-2.76641696766,5.2328748011,2.88750983949,map_000000114.png
0.187174812746,4.9041837237,2.95412698114,0.5,0.124164558947,-0.0,-2.76641696766,5.2328748011,2.88750983949,map_000000115.png
0.139663824868,4.90485899128,2.95630079159,0.5,0.0295762512833,-0.0,-2.76641696766,5.2328748011,2.88750983949,map_000000116.png
0.0866304949426,4.90247988231,2.95646091273,0.5,0.0295762512833,-0.0,-2.76641696766,5.2328748011,2.88750983949,map_000000117.png
0.0350483464676,4.90887514858,2.95652538098,0.5,0.0295762512833,-0.0,-2.76641696766,5.2328748011,2.88750983949,map_000000118.png
-0.0146186258793,4.91516405111,2.95652614618,0.5,0.0295762512833,-0.0,-2.76641696766,5.2328748011,2.88750983949,map_000000119.png
-0.0662767982684,4.9217082343,2.9565255838,0.5,0.0295762512833,-0.0,-2.76641696766,5.2328748011,2.88750983949,map_000000120.png
-0.0662767982684,4.9217082343,2.9565255838,0.5,0.0295762512833,-0.0,-2.76641696766,5.2328748011,2.88750983949,map_000000121.png
-0.117920821738,4.92823889863,2.95653040306,0.5,0.0295762512833,-0.0,-2.76641696766,5.2328748011,2.88750983949,map_000000122.png
-0.167601943679,4.93454130396,2.95652570965,0.5,0.0295762512833,-0.0,-2.76641696766,5.2328748011,2.88750983949,map_000000123.png
-0.219245968548,4.94107195749,2.95653064859,0.5,0.0295762512833,-0.0,-2.76641696766,5.2328748011,2.88750983949,map_000000124.png
-0.270911643291,4.94762415139,2.9565265355,0.5,0.0295762512833,-0.0,-2.76641696766,5.2328748011,2.88750983949,map_000000125.png
-0.320571118102,4.95390500125,2.95653075428,0.5,0.0295762512833,-0.0,-2.76641696766,5.2328748011,2.88750983949,map_000000126.png
-0.372236793574,4.9604571847,2.95652674228,0.5,0.0295762512833,-0.0,-2.76641696766,5.2328748011,2.88750983949,map_000000127.png
-0.423894969589,4.96700134139,2.95652615251,0.5,0.0295762512833,-0.0,-2.76641696766,5.2328748011,2.88750983949,map_000000128.png
-0.473561945194,4.97329020347,2.95652686677,0.5,0.0295762512833,-0.0,-2.76641696766,5.2328748011,2.88750983949,map_000000129.png
-0.523221421608,4.97957103549,2.95653103861,0.5,0.0295762512833,-0.0,-2.76641696766,5.2328748011,2.88750983949,map_000000130.png
-0.574887098228,4.98612320483,2.95652692765,0.5,0.0295762512833,-0.0,-2.76641696766,5.2328748011,2.88750983949,map_000000131.png
-0.624546575457,4.9924040312,2.95653114145,0.5,0.0295762512833,-0.0,-2.76641696766,5.2328748011,2.88750983949,map_000000132.png
-0.676212253397,4.99895619101,2.95652720059,0.5,0.0295762512833,-0.0,-2.76641696766,5.2328748011,2.88750983949,map_000000133.png
-0.727870432438,5.00550032281,2.95652657317,0.5,0.0295762512833,-0.0,-2.76641696766,5.2328748011,2.88750983949,map_000000134.png
-0.777537411154,5.01178916188,2.95652735504,0.5,0.0295762512833,-0.0,-2.76641696766,5.2328748011,2.88750983949,map_000000135.png
-0.829195592075,5.01833328265,2.95652674848,0.5,0.0603045746684,-0.0,-2.76641696766,5.2328748011,2.88750983949,map_000000136.png
-0.880930057253,5.02438082231,2.95653159842,0.5,0.0768608674407,-0.0,-2.76641696766,5.2328748011,2.88750983949,map_000000137.png
-0.9311763767,5.0276640826,2.95652699664,0.5,0.0768608674407,-0.0,-2.76641696766,5.2328748011,2.88750983949,map_000000138.png
-0.983408201286,5.0310548504,2.95653195968,0.5,0.0768608674407,-0.0,-2.76641696766,5.2328748011,2.88750983949,map_000000139.png
-1.03596619185,5.03284050057,2.9565280177,0.5,0.0768608674407,-0.0,-2.76641696766,5.2328748011,2.88750983949,map_000000140.png
-1.0864953856,5.03447552279,2.95653244642,0.5,0.0768608674407,-0.0,-2.76641696766,5.2328748011,2.88750983949,map_000000141.png
-1.13906556124,5.03619607778,2.95652854599,0.5,0.102877892554,-0.0,-2.76641696766,5.2328748011,2.88750983949,map_000000142.png
-1.19174310129,5.0372950559,2.95652798894,0.5,0.131241038442,-0.0,-2.76641696766,5.2328748011,2.88750983949,map_000000143.png
-1.24277916978,5.03627051944,2.95652898337,0.5,0.206907868385,-0.0,-2.76641696766,5.2328748011,2.88750983949,map_000000144.png
-1.29638209044,5.03242631984,2.95652867312,0.5,0.206907868385,-0.0,-2.76641696766,5.2328748011,2.88750983949,map_000000145.png
-1.35125121637,5.02172918323,2.95653415195,0.5,0.261307120323,-0.0,-2.76641696766,5.2328748011,2.88750983949,map_000000146.png
-1.40487439255,5.00697394458,2.95652982456,0.5,0.287305057049,-0.0,-2.76641696766,5.2328748011,2.88750983949,map_000000147.png
-1.46119972837,4.98849785049,2.95653565173,0.5,0.294400602579,-0.0,-2.76641696766,5.2328748011,2.88750983949,map_000000148.png
-1.51784232093,4.96846405725,2.95653210987,0.5,0.24711599946,-0.0,-2.76641696766,5.2328748011,2.88750983949,map_000000149.png
-1.57223350876,4.94946873341,2.95653720079,0.5,0.178544729948,-0.0,-2.76641696766,5.2328748011,2.88750983949,map_000000150.png
-1.62806034968,4.93379234581,2.95653347607,0.5,0.178544729948,-0.0,-2.76641696766,5.2328748011,2.88750983949,map_000000151.png
-1.68261854653,4.9248448294,2.95653344244,0.5,0.178544729948,-0.0,-2.76641696766,5.2328748011,2.88750983949,map_000000152.png
-1.73502542795,4.91649721145,2.95653456686,0.5,0.178544729948,-0.0,-2.76641696766,5.2328748011,2.88750983949,map_000000153.png
-1.78953316209,4.90781915623,2.95653437001,0.5,0.178544729948,-0.0,-2.76641696766,5.2328748011,2.88750983949,map_000000154.png
-1.84402669779,4.89912773749,2.95653984193,0.5,0.0697653144598,-0.0,-2.76641696766,5.2328748011,2.88750983949,map_000000155.png
-1.89604759794,4.89293099499,2.95653529672,0.5,0.0295762512833,-0.0,-2.76641696766,5.2328748011,2.88750983949,map_000000156.png
-1.94843084368,4.89551258906,2.9565402145,0.5,0.0295762512833,-0.0,-2.76641696766,5.2328748011,2.88750983949,map_000000157.png
-2.00009658053,4.90206428343,2.95653624252,0.5,0.0295762512833,-0.0,-2.76641696766,5.2328748011,2.88750983949,map_000000158.png
-2.04975611553,4.90834465229,2.9565403909,0.5,0.0201155133545,-0.0,-2.76641696766,5.2328748011,2.88750983949,map_000000159.png
-2.10130353105,4.91552841218,2.95653639442,0.5,0.0201155133545,-0.0,-2.76641696766,5.2328748011,2.88750983949,map_000000160.png
-2.10130353105,4.91552841218,2.95653639442,0.5,-0.0,-0.0,-2.76641696766,5.2328748011,2.88750983949,map_000000161.png
-2.15278080392,4.9230387799,2.95653578525,0.5,-0.0158047731966,-0.0,-2.76641696766,5.2328748011,2.88750983949,map_000000162.png
-2.20215544977,4.93088910559,2.95653652291,0.5,-0.0158047731966,-0.0,-2.76641696766,5.2328748011,2.88750983949,map_000000163.png
-2.25321306967,4.94064123686,2.9565358066,0.5,-0.0158047731966,-0.0,-2.76641696766,5.2328748011,2.88750983949,map_000000164.png
-2.30398912076,4.95180841283,2.95654051008,0.5,-0.0158047731966,-0.0,-2.76641696766,5.2328748011,2.88750983949,map_000000165.png
-2.35283564456,4.9625690448,2.95653573495,0.5,-0.0158047731966,-0.0,-2.76641696766,5.2328748011,2.88750983949,map_000000166.png
-2.40361169455,4.97373622783,2.95654035179,0.5,-0.0158047731966,-0.0,-2.76641696766,5.2328748011,2.88750983949,map_000000167.png
-2.45440939328,4.98492495792,2.95653636457,0.5,-0.0158047731966,-0.0,-2.76641696766,5.2328748011,2.88750983949,map_000000168.png
-2.50323426691,4.99566405233,2.95654023279,0.5,-0.0158047731966,-0.0,-2.76641696766,5.2328748011,2.88750983949,map_000000169.png
-2.55208078921,5.00642469276,2.95653552864,-0.0,-0.0,-0.0,-2.76641696766,5.2328748011,2.88750983949,map_000000170.png
-2.60285683826,5.01759188186,2.95654023999,-0.0,-0.0,-0.0,-2.76641696766,5.2328748011,2.88750983949,map_000000171.png
-2.60286860081,5.01760358954,2.95653583889,-0.0,-0.0,-0.0,-2.76641696766,5.2328748011,2.88750983949,map_000000172.png
-2.60285687474,5.01759190829,2.95654022866,-0.0,-0.0,-0.0,-2.76641696766,5.2328748011,2.88750983949,map_000000173.png
-2.60286678943,5.01760177936,2.95653654836,-0.0,-0.0,-0.0,-2.76641696766,5.2328748011,2.88750983949,map_000000174.png
-2.6028568893,5.01759191332,2.95654026504,-0.0,-0.0,-0.0,-2.76641696766,5.2328748011,2.88750983949,map_000000175.png
-2.60286680435,5.01760178354,2.95653647691,-0.0,-0.0,-0.0,-2.76641696766,5.2328748011,2.88750983949,map_000000176.png
-2.60286863815,5.0176036022,2.95653587709,-0.0,-0.0,-0.0,-2.76641696766,5.2328748011,2.88750983949,map_000000177.png
-2.60286681906,5.01760178885,2.95653652561,-0.0,-0.0,-0.0,-2.76641696766,5.2328748011,2.88750983949,map_000000178.png
-2.602868653,5.01760360671,2.95653584206,-0.0,-0.0,-0.0,-2.76641696766,5.2328748011,2.88750983949,map_000000179.png
-2.6028569267,5.0175919257,2.95654027495,-0.0,-0.0,-0.0,-2.76641696766,5.2328748011,2.88750983949,map_000000180.png
-2.60286866778,5.01760361171,2.9565358557,-0.0,-0.0,-0.37479019165,-2.76641696766,5.2328748011,2.88750983949,map_000000181.png
-2.60288348957,5.0174693361,2.94327206493,-0.0,-0.0,-0.695081949234,-2.76641696766,5.2328748011,2.88750983949,map_000000182.png
-2.60297678637,5.01707638818,2.89863283715,-0.0,-0.0,-0.109431743622,-2.76641696766,5.2328748011,2.88750983949,map_000000183.png
-2.60316351312,5.01642889177,2.83029223895,-0.0,-0.0,-0.0,-2.76641696766,5.2328748011,2.88750983949,map_000000184.png
-2.60320184556,5.01630794602,2.81679638036,-0.0,-0.0,-0.0,-2.76641696766,5.2328748011,2.88750983949,map_000000185.png
-2.6032124212,5.01628822853,2.8146448907,-0.0,-0.0,-0.0,-2.76641696766,5.2328748011,2.88750983949,map_000000186.png
-2.60321067169,5.01628648487,2.81464542706,-0.0,-0.0,-0.0,-2.76641696766,5.2328748011,2.88750983949,map_000000187.png
-2.60321243517,5.01628823518,2.81464493171,-0.0,-0.0,-0.0,-2.76641696766,5.2328748011,2.88750983949,map_000000188.png
-2.60320076613,5.0162766034,2.8146482634,-0.0,-0.0,-0.0,-2.76641696766,5.2328748011,2.88750983949,map_000000189.png
-2.60321244851,5.01628824073,2.81464492966,-0.0,-0.0,-0.0,-2.76641696766,5.2328748011,2.88750983949,map_000000190.png
-2.60320077934,5.01627660894,2.81464827238,-0.0,-0.0,-0.0,-2.76641696766,5.2328748011,2.88750983949,map_000000191.png
-2.60321070551,5.01628649868,2.81464539729,0.013477737084,-0.0,-0.0,-2.76641696766,5.2328748011,2.88750983949,map_000000192.png
-2.60411939112,5.01658812659,2.81464832395,0.40363779664,0.221098974347,-0.0,-2.76641696766,5.2328748011,2.88750983949,map_000000193.png
-2.63011336838,5.01234122438,2.81464526338,0.5,0.28967025876,-0.0,-2.76641696766,5.2328748011,2.88750983949,map_000000194.png
-2.68131094025,5.00282845858,2.8146453785,0.5,0.19510102272,-0.0,-2.76641696766,5.2328748011,2.88750983949,map_000000195.png
-2.73745298189,4.99288899014,2.81464661968,-0.0,-0.0,-0.0,-2.76641696766,5.2328748011,2.88750983949,map_000000196.png
-2.79319308069,4.99037594888,2.81464668481,-0.0,-0.0,-0.0,-2.76641696766,5.2328748011,2.88750983949,map_000000197.png
-2.79532475045,4.99026765233,2.81465011892,-0.0,-0.0,-0.0,-2.76641696766,5.2328748011,2.88750983949,map_000000198.png
-2.79533643338,4.99027928902,2.81464668763,-0.0,-0.0,-0.0,-2.76641696766,5.2328748011,2.88750983949,map_000000199.png
-2.79532476429,4.99026765736,2.8146500325,-0.0,-0.0,-0.0,-2.76641696766,5.2328748011,2.88750983949,map_000000200.png
-2.79532476429,4.99026765736,2.8146500325,-0.0,-0.0,-0.0,-2.76641696766,5.2328748011,2.88750983949,map_000000201.png
-2.79532477773,4.99026766275,2.81465001028,-0.0,-0.0,-0.0,-2.76641696766,5.2328748011,2.88750983949,map_000000202.png
-2.79532477773,4.99026766275,2.81465001028,-0.0,-0.0,-0.978751480579,-2.76641696766,5.2328748011,2.88750983949,map_000000203.png
-2.79533470337,4.99027755353,2.81464726587,-0.0,-0.0,-0.978751480579,-2.76641696766,5.2328748011,2.88750983949,map_000000204.png
-2.7953364671,4.9902793031,2.81464668847,-0.0,-0.0,-0.978751480579,-2.76641696766,5.2328748011,2.88750983949,map_000000205.png
-2.79559996431,4.98955327822,2.72992829799,-0.0,-0.0,-1.0,-2.76641696766,5.2328748011,2.88750983949,map_000000206.png
-2.79603806317,4.98867690538,2.62832629636,-0.0,-0.0,-1.0,-2.76641696766,5.2328748011,2.88750983949,map_000000207.png
-2.79655155516,4.98784829995,2.52604987052,-0.0,-0.0,-0.0,-2.76641696766,5.2328748011,2.88750983949,map_000000208.png
-2.7969599248,4.9872906581,2.45920214726,-0.0,-0.0,-0.0,-2.76641696766,5.2328748011,2.88750983949,map_000000209.png
-2.79697158575,4.98730229682,2.45920136444,-0.0,-0.0,-0.0,-2.76641696766,5.2328748011,2.88750983949,map_000000210.png
-2.79696000616,4.98729072828,2.4592022081,-0.0,-0.0,-0.0,-2.76641696766,5.2328748011,2.88750983949,map_000000211.png
-2.79697159628,4.98730230469,2.45920130562,-0.0,-0.0,-0.0,-2.76641696766,5.2328748011,2.88750983949,map_000000212.png
-2.79696001701,4.98729073527,2.45920205704,-0.0,-0.0,-0.0,-2.76641696766,5.2328748011,2.88750983949,map_000000213.png
-2.79696994748,4.98730065857,2.45920141974,-0.0,-0.0,-0.0,-2.76641696766,5.2328748011,2.88750983949,map_000000214.png
-2.7969600262,4.98729074396,2.45920215424,-0.0,-0.0,-0.0,-2.76641696766,5.2328748011,2.88750983949,map_000000215.png
-2.79696995656,4.98730066753,2.45920154568,0.311414688826,-0.0,-0.0,-2.76641696766,5.2328748011,2.88750983949,map_000000216.png
-2.79793800972,4.98808763186,2.45920133538,0.495860934258,-0.0,-0.0,-2.76641696766,5.2328748011,2.88750983949,map_000000217.png
-2.82209369021,5.00771680376,2.45920131518,0.495860934258,-0.0,-0.0,-2.76641696766,5.2328748011,2.88750983949,map_000000218.png
-2.85923817894,5.03790159258,2.45920128387,0.5,-0.0,-0.0,-2.76641696766,5.2328748011,2.88750983949,map_000000219.png
-2.89943623596,5.07056533145,2.45920212009,0.5,-0.0,-0.0,-2.76641696766,5.2328748011,2.88750983949,map_000000220.png
-2.93823471734,5.10209604928,2.45920134468,0.5,-0.0,-0.0,-2.76641696766,5.2328748011,2.88750983949,map_000000221.png
-2.97856120548,5.13486415222,2.4592022186,0.5,-0.0,-0.0,-2.76641696766,5.2328748011,2.88750983949,map_000000222.png
-3.00459088749,5.15213899014,2.45859037368,0.5,-0.0,-0.0,-2.76641696766,5.2328748011,2.88750983949,map_000000223.png
-3.01187339041,5.14860429438,2.45692841984,0.5,-0.0,-0.0,-2.76641696766,5.2328748011,2.88750983949,map_000000224.png
-3.02000340096,5.14206019828,2.45578245695,-0.0,-0.0,-0.0,-2.76641696766,5.2328748011,2.88750983949,map_000000225.png
-3.02168294387,5.13848699183,2.45504448066,-0.0,-0.0,-0.0,-2.76641696766,5.2328748011,2.88750983949,map_000000226.png
-3.02172357871,5.13868452732,2.45497823931,-0.0,-0.0,-0.0,-2.76641696766,5.2328748011,2.88750983949,map_000000227.png
-3.02171533517,5.13869299822,2.45497019096,-0.0,-0.0,-0.0,-2.76641696766,5.2328748011,2.88750983949,map_000000228.png
-3.02170715699,5.13870136559,2.45495639003,-0.0,-0.0,-0.0,-2.76641696766,5.2328748011,2.88750983949,map_000000229.png
-3.02170025079,5.13870872541,2.45489962284,-0.0,-0.0,-0.0,-2.76641696766,5.2328748011,2.88750983949,map_000000230.png
-3.02169207899,5.13871709428,2.45488529857,-0.0,-0.0,-0.0,-2.76641696766,5.2328748011,2.88750983949,map_000000231.png
-3.02168391262,5.13872546018,2.45487076917,-0.0,-0.0,-0.0,-2.76641696766,5.2328748011,2.88750983949,map_000000232.png
-3.02167510044,5.13873420565,2.45490003471,-0.0,-0.0,0.84485155344,-2.76641696766,5.2328748011,2.88750983949,map_000000233.png
-3.02124394096,5.13902525652,2.49113915656,-0.0,-0.0,1.0,-2.76641696766,5.2328748011,2.88750983949,map_000000234.png
-3.02036564426,5.13967490331,2.58081884341,-0.0,-0.0,1.0,-2.76641696766,5.2328748011,2.88750983949,map_000000235.png
-3.01943273785,5.14041396329,2.67868256029,-0.0,-0.0,0.250045776367,-2.76641696766,5.2328748011,2.88750983949,map_000000236.png
-3.0184497313,5.1411576058,2.78043129552,-0.0,-0.0,0.250045776367,-2.76641696766,5.2328748011,2.88750983949,map_000000237.png
-3.01798989136,5.14152186896,2.81443025779,-0.0,-0.0,-0.0,-2.76641696766,5.2328748011,2.88750983949,map_000000238.png
-3.01783139091,5.14163762328,2.82212573994,-0.0,-0.0,-0.0,-2.76641696766,5.2328748011,2.88750983949,map_000000239.png
-3.01781079866,5.1416559676,2.82208793138,-0.0,-0.0,-0.0,-2.76641696766,5.2328748011,2.88750983949,map_000000240.png
-3.01781079866,5.1416559676,2.82208793138,-0.0,-0.0,-0.0,-2.76641696766,5.2328748011,2.88750983949,map_000000241.png
-3.0177906415,5.14167117684,2.82204692287,-0.0,-0.0,-0.0,-2.76641696766,5.2328748011,2.88750983949,map_000000242.png
-3.0177906415,5.14167117684,2.82204692287,-0.0,-0.0,-0.0,-2.76641696766,5.2328748011,2.88750983949,map_000000243.png
-3.01777139829,5.14168859103,2.82201138696,-0.0,-0.0,-0.0,-2.76641696766,5.2328748011,2.88750983949,map_000000244.png
-3.01780670529,5.14166308906,2.822062989,-0.0,-0.0,-0.0,-2.76641696766,5.2328748011,2.88750983949,map_000000245.png
-3.01780416319,5.14166592871,2.82205597324,0.0418599508703,-0.0,-0.0,-2.76641696766,5.2328748011,2.88750983949,map_000000246.png
-3.01889350003,5.14100545996,2.8217809833,0.0655117928982,-0.0,-0.0,-2.76641696766,5.2328748011,2.88750983949,map_000000247.png
-3.02101075355,5.13922713667,2.82115529435,0.0655117928982,-0.0,-0.0,-2.76641696766,5.2328748011,2.88750983949,map_000000248.png
-3.02358291962,5.13736140417,2.8200336054,0.0560510568321,-0.0,-1.0,-2.76641696766,5.2328748011,2.88750983949,map_000000249.png
-3.02633455247,5.13540975923,2.81922329834,0.0560510568321,-0.0,-1.0,-2.76641696766,5.2328748011,2.88750983949,map_000000250.png
-3.02989459831,5.13319378461,2.71693224991,0.0560510568321,-0.0,-1.0,-2.76641696766,5.2328748011,2.88750983949,map_000000251.png
-3.03278829054,5.13108775998,2.61845137924,0.046590320766,-0.0,-0.0,-2.76641696766,5.2328748011,2.88750983949,map_000000252.png
-3.03490947671,5.12969341425,2.57881746331,0.046590320766,-0.0,-0.0,-2.76641696766,5.2328748011,2.88750983949,map_000000253.png
-3.03651625891,5.12892992438,2.5782602505,0.046590320766,-0.0,-0.0,-2.76641696766,5.2328748011,2.88750983949,map_000000254.png
-3.03782131888,5.12790248396,2.57751557007,0.046590320766,-0.0,-0.0,-2.76641696766,5.2328748011,2.88750983949,map_000000255.png
-3.03928484294,5.12701847837,2.57677443426,0.046590320766,-0.0,-0.0,-2.76641696766,5.2328748011,2.88750983949,map_000000256.png
-3.04078449636,5.12612648257,2.57602856058,0.046590320766,-0.0,-0.0,-2.76641696766,5.2328748011,2.88750983949,map_000000257.png
-3.0421958912,5.12529980673,2.57520190952,0.0371295809746,-0.0,-0.0133365886286,-2.76641696766,5.2328748011,2.88750983949,map_000000258.png
-3.04354378658,5.12452106325,2.57360035597,0.0276688430458,-0.0,-1.0,-2.76641696766,5.2328748011,2.88750983949,map_000000259.png
-3.04515272144,5.12373479614,2.52149315215,0.0182081051171,-0.0,-1.0,-2.76641696766,5.2328748011,2.88750983949,map_000000260.png
-3.04670753588,5.12278037129,2.42310448376,0.00874736811966,-0.0,-0.942167401314,-2.76641696766,5.2328748011,2.88750983949,map_000000261.png
-3.04798743505,5.12208365848,2.32172018002,0.00874736811966,-0.0,-0.0,-2.76641696766,5.2328748011,2.88750983949,map_000000262.png
-3.04895104936,5.12156545275,2.22535641138,0.00874736811966,-0.0,-0.0,-2.76641696766,5.2328748011,2.88750983949,map_000000263.png
-3.04912313165,5.12145843183,2.22164855972,0.00874736811966,-0.0,-0.0,-2.76641696766,5.2328748011,2.88750983949,map_000000264.png
-3.04924801559,5.12139186251,2.22156828968,0.00874736811966,-0.0,-0.0,-2.76641696766,5.2328748011,2.88750983949,map_000000265.png
-3.04935665555,5.12133581637,2.22146281568,0.00874736811966,-0.0,-0.0,-2.76641696766,5.2328748011,2.88750983949,map_000000266.png
-3.04938761065,5.12132574463,2.22134805927,0.00874736811966,-0.0,-0.0,-2.76641696766,5.2328748011,2.88750983949,map_000000267.png
-3.04950944899,5.12126045483,2.22131796016,0.00874736811966,-0.0,-0.0,-2.76641696766,5.2328748011,2.88750983949,map_000000268.png
-3.04962641511,5.12119900066,2.2212838943,0.00874736811966,-0.0,-0.0,-2.76641696766,5.2328748011,2.88750983949,map_000000269.png
-3.04973335705,5.12113661198,2.22122300905,0.00874736811966,-0.0,-0.0,-2.76641696766,5.2328748011,2.88750983949,map_000000270.png
-3.04985787671,5.12107115466,2.22114668594,0.00874736811966,-0.0,-0.0,-2.76641696766,5.2328748011,2.88750983949,map_000000271.png
-3.04993303213,5.12103696171,2.22103356154,-0.0,-0.0,-0.0,-2.76641696766,5.2328748011,2.88750983949,map_000000272.png
-3.04997425456,5.12100771736,2.22100840825,-0.0,-0.0,-0.0,-2.76641696766,5.2328748011,2.88750983949,map_000000273.png
-3.04996818578,5.12101300963,2.22099901215,-0.0,-0.0,-0.0,-2.76641696766,5.2328748011,2.88750983949,map_000000274.png
-3.04996222596,5.12101834188,2.22098965076,0.351622819901,-0.0,-0.0,-2.76641696766,5.2328748011,2.88750983949,map_000000275.png
-3.04996474943,5.12101863621,2.22099283123,0.351622819901,-0.0,-0.0,-2.76641696766,5.2328748011,2.88750983949,map_000000276.png
-3.05497755891,5.11805570621,2.21999534212,0.5,-0.0,-0.0,-2.76641696766,5.2328748011,2.88750983949,map_000000277.png
-3.06425148927,5.11532347839,2.21875301066,0.5,-0.0,-0.0,-2.76641696766,5.2328748011,2.88750983949,map_000000278.png
-3.07528494088,5.11074374468,2.21711547435,0.398907423019,-0.0,-0.0,-2.76641696766,5.2328748011,2.88750983949,map_000000279.png
-3.08837051277,5.10628476543,2.21524112143,-0.0,-0.0,-0.0,-2.76641696766,5.2328748011,2.88750983949,map_000000280.png
-3.08837051277,5.10628476543,2.21524112143,-0.0,-0.0,-0.0,-2.76641696766,5.2328748011,2.88750983949,map_000000281.png
-3.09917967385,5.10165956376,2.21419473301,-0.0,-0.0,-0.0,-2.76641696766,5.2328748011,2.88750983949,map_000000282.png
-3.09914571475,5.10193708328,2.21407177672,-0.0,-0.0,-0.0,-2.76641696766,5.2328748011,2.88750983949,map_000000283.png
-3.0991322211,5.10202218532,2.2139968784,-0.0,-0.0,-0.0,-2.76641696766,5.2328748011,2.88750983949,map_000000284.png
-3.0991152265,5.10202832001,2.21397564319,-0.0,-0.0,-0.0,-2.76641696766,5.2328748011,2.88750983949,map_000000285.png
-3.09909780808,5.1020344814,2.21399765022,-0.0,-0.0,-0.0,-2.76641696766,5.2328748011,2.88750983949,map_000000286.png
-3.0990808642,5.10204060052,2.21397571552,-0.0,-0.0,-0.0,-2.76641696766,5.2328748011,2.88750983949,map_000000287.png
-3.09906393078,5.10204671933,2.21395332927,0.197923973203,-0.0,-0.0,-2.76641696766,5.2328748011,2.88750983949,map_000000288.png
-3.09984710892,5.10184168999,2.21365626237,0.5,-0.0,-0.0,-2.76641696766,5.2328748011,2.88750983949,map_000000289.png
-3.10719901937,5.10001311481,2.21283663382,0.5,-0.0,-0.0,-2.76641696766,5.2328748011,2.88750983949,map_000000290.png
-3.12904978482,5.09776489326,2.21062399517,0.5,-0.0,-0.0,-2.76641696766,5.2328748011,2.88750983949,map_000000291.png
-3.1554983045,5.09453821422,2.20801967602,0.5,-0.0,-0.0,-2.76641696766,5.2328748011,2.88750983949,map_000000292.png
-3.18581990341,5.09450803451,2.20579031402,0.5,-0.0,-0.0,-2.76641696766,5.2328748011,2.88750983949,map_000000293.png
-3.21590159429,5.0961929182,2.20311410585,0.5,-0.0,-0.0,-2.76641696766,5.2328748011,2.88750983949,map_000000294.png
-3.24446993842,5.09454072326,2.20035249848,0.129352703691,-0.0,-0.0,-2.76641696766,5.2328748011,2.88750983949,map_000000295.png
-3.27320743208,5.0950106128,2.19726549585,-0.0,-0.0,-0.0,-2.76641696766,5.2328748011,2.88750983949,map_000000296.png
-3.28077801421,5.09469048326,2.19664196014,-0.0,-0.0,-0.0,-2.76641696766,5.2328748011,2.88750983949,map_000000297.png
-3.28187652689,5.09478943178,2.19649777156,-0.0,-0.0,-0.0,-2.76641696766,5.2328748011,2.88750983949,map_000000298.png
-3.28175652664,5.09490770896,2.19639611825,-0.0,-0.0,-0.0,-2.76641696766,5.2328748011,2.88750983949,map_000000299.png
-3.28167845497,5.09498085183,2.19638302539,-0.0,-0.0,-0.0,-2.76641696766,5.2328748011,2.88750983949,map_000000300.png
-3.28162225759,5.09498156234,2.19634909188,-0.0,-0.0,-0.0,-2.76641696766,5.2328748011,2.88750983949,map_000000301.png
-3.28163135883,5.09498238738,2.19633955216,-0.0,-0.0,-0.0,-2.76641696766,5.2328748011,2.88750983949,map_000000302.png
-3.2816342537,5.09498327828,2.19630768014,-0.0,-0.0,-0.0,-2.76641696766,5.2328748011,2.88750983949,map_000000303.png
-3.2816322984,5.09498382971,2.19629813877,-0.0,-0.0,-0.0,-2.76641696766,5.2328748011,2.88750983949,map_000000304.png
-3.28163473538,5.09498493191,2.19627069701,-0.0,-0.0,-0.0,-2.76641696766,5.2328748011,2.88750983949,map_000000305.png
-3.28163751483,5.09498549619,2.19625623179,-0.0,-0.0,-0.0,-2.76641696766,5.2328748011,2.88750983949,map_000000306.png
-3.28163502904,5.09498620152,2.1962678339,-0.0,-0.183694720268,-0.0,-2.76641696766,5.2328748011,2.88750983949,map_000000307.png
-3.27828343276,5.09498209316,2.19649151575,-0.0,-0.5,-0.0,-2.76641696766,5.2328748011,2.88750983949,map_000000308.png
-3.26308778596,5.09555900569,2.19812485589,-0.0,-0.5,-0.0,-2.76641696766,5.2328748011,2.88750983949,map_000000309.png
-3.22324404216,5.09485691868,2.19768332527,-0.0,-0.5,-0.0,-2.76641696766,5.2328748011,2.88750983949,map_000000310.png
-3.18197978334,5.09459143452,2.19790238133,-0.0,-0.5,-0.0,-2.76641696766,5.2328748011,2.88750983949,map_000000311.png
-3.14056042209,5.09607818665,2.19826251515,-0.0,-0.5,-0.0,-2.76641696766,5.2328748011,2.88750983949,map_000000312.png
-3.09705354861,5.10213376434,2.19819809509,-0.0,-0.5,-0.0,-2.76641696766,5.2328748011,2.88750983949,map_000000313.png
-3.05073126411,5.12025726595,2.19835440954,-0.0,-0.5,-0.0,-2.76641696766,5.2328748011,2.88750983949,map_000000314.png
-3.00783934391,5.14878999314,2.198756036,-0.0,-0.5,-0.0,-2.76641696766,5.2328748011,2.88750983949,map_000000315.png
-2.96743997384,5.17819297209,2.19875726568,-0.0,-0.5,-0.0,-2.76641696766,5.2328748011,2.88750983949,map_000000316.png
-2.92537846379,5.2087288198,2.19874901072,-0.0,-0.5,-0.0,-2.76641696766,5.2328748011,2.88750983949,map_000000317.png
-2.8833167012,5.2392643126,2.19874034918,0.117526777089,-0.124584183097,-0.0,-2.76641696766,5.2328748011,2.88750983949,map_000000318.png
-2.86226199207,5.26211459326,2.19873643232,-0.0,-0.0,-0.0,-2.76641696766,5.2328748011,2.88750983949,map_000000319.png
-2.86022939679,5.27288041764,2.19873469647,-0.0,-0.0,-0.0,-2.76641696766,5.2328748011,2.88750983949,map_000000320.png
-2.86022935524,5.272880377,2.19873469801,-0.0,-0.0,-0.0,-2.76641696766,5.2328748011,2.88750983949,map_000000321.png
-2.86022935524,5.272880377,2.19873469801,-0.0,-0.0,-0.0,-2.76641696766,5.2328748011,2.88750983949,map_000000322.png
-2.86021937071,5.27287038657,2.19873404392,-0.0,-0.0,-0.0,-2.76641696766,5.2328748011,2.88750983949,map_000000323.png
-2.86021933204,5.2728703435,2.19873364725,-0.0,-0.0,-0.0,-2.76641696766,5.2328748011,2.88750983949,map_000000324.png
-2.86021928928,5.27287030384,2.19873381314,-0.0,-0.0,-0.0,-2.76641696766,5.2328748011,2.88750983949,map_000000325.png
-2.86022919235,5.27288021743,2.19873468463,-0.0,-0.0,-0.0,-2.76641696766,5.2328748011,2.88750983949,map_000000326.png
-2.8602291509,5.27288017669,2.19873467122,-0.0,0.214003413916,-0.0,-2.76641696766,5.2328748011,2.88750983949,map_000000327.png
-2.86576821321,5.26885896806,2.19873601023,-0.0,0.490672767162,-0.0,-2.76641696766,5.2328748011,2.88750983949,map_000000328.png
-2.88576302422,5.25434294731,2.1987402662,-0.0437292084098,0.358241528273,-0.0,-2.76641696766,5.2328748011,2.88750983949,map_000000329.png
-2.92545602815,5.22553031985,2.19874172786,-0.0437292084098,0.358241528273,-0.0,-2.76641696766,5.2328748011,2.88750983949,map_000000330.png
-2.95450422403,5.19945283168,2.19874205539,-0.0,-0.0,-0.0,-2.76641696766,5.2328748011,2.88750983949,map_000000331.png
-2.96191068022,5.19258351389,2.19874303157,-0.0,-0.0,-0.0,-2.76641696766,5.2328748011,2.88750983949,map_000000332.png
-2.9618991075,5.19257192708,2.19874182999,-0.0,-0.0,-0.0,-2.76641696766,5.2328748011,2.88750983949,map_000000333.png
-2.96190902409,5.19258186177,2.19874289601,-0.0,-0.0,0.108211003244,-2.76641696766,5.2328748011,2.88750983949,map_000000334.png
-2.96189581922,5.19259147443,2.20044529597,-0.0,-0.0,0.991264104843,-2.76641696766,5.2328748011,2.88750983949,map_000000335.png
-2.96178369621,5.19267447523,2.2149844993,-0.0,-0.0,1.0,-2.76641696766,5.2328748011,2.88750983949,map_000000336.png
-2.96106840735,5.19326225809,2.31638576133,-0.0,-0.0,1.0,-2.76641696766,5.2328748011,2.88750983949,map_000000337.png
-2.9603926292,5.19394629785,2.41461309907,-0.0,-0.0,-0.0,-2.76641696766,5.2328748011,2.88750983949,map_000000338.png
-2.96017511586,5.19419520928,2.44606847225,-0.0,-0.0,-0.0,-2.76641696766,5.2328748011,2.88750983949,map_000000339.png
-2.96017678476,5.19419687252,2.44606836857,-0.0,-0.0,-0.0,-2.76641696766,5.2328748011,2.88750983949,map_000000340.png
-2.96017513214,5.19419522331,2.44606845783,-0.0,-0.0,-0.0,-2.76641696766,5.2328748011,2.88750983949,map_000000341.png
-2.9601767945,5.19419688071,2.44606837156,-0.0,-0.0,0.0578936114907,-2.76641696766,5.2328748011,2.88750983949,map_000000342.png
-2.96016521671,5.1941853118,2.44606904207,-0.0,-0.0,0.854007065296,-2.76641696766,5.2328748011,2.88750983949,map_000000343.png
-2.96015199145,5.19422534948,2.45154025472,-0.0,-0.0,0.854007065296,-2.76641696766,5.2328748011,2.88750983949,map_000000344.png
-2.95976346818,5.19472808121,2.52010187963,-0.0,-0.0,1.0,-2.76641696766,5.2328748011,2.88750983949,map_000000345.png
-2.95926577479,5.19549302148,2.61606109617,-0.0,-0.0,-0.0,-2.76641696766,5.2328748011,2.88750983949,map_000000346.png
-2.95895775662,5.19601520251,2.67504610079,-0.0,-0.0,-0.0,-2.76641696766,5.2328748011,2.88750983949,map_000000347.png
-2.95896775074,5.19602515494,2.67504409926,-0.0,-0.0,-0.0,-2.76641696766,5.2328748011,2.88750983949,map_000000348.png
-2.95896946156,5.19602685504,2.67504372525,-0.0,-0.0,-0.0,-2.76641696766,5.2328748011,2.88750983949,map_000000349.png
-2.95896776275,5.19602516155,2.67504410953,-0.0,-0.0,-0.0,-2.76641696766,5.2328748011,2.88750983949,map_000000350.png
-2.95896947359,5.19602686127,2.67504370281,-0.0,-0.0,-0.0,-2.76641696766,5.2328748011,2.88750983949,map_000000351.png
-2.95895784947,5.19601526588,2.67504609833,-0.0,-0.0,-0.0,-2.76641696766,5.2328748011,2.88750983949,map_000000352.png
-2.95896948535,5.19602686801,2.67504373918,-0.0,-0.0,-0.0,-2.76641696766,5.2328748011,2.88750983949,map_000000353.png
-2.95895786155,5.19601527218,2.67504607695,-0.0,-0.0,0.506248652935,-2.76641696766,5.2328748011,2.88750983949,map_000000354.png
-2.95894486979,5.19606649151,2.68102278477,-0.0,-0.0,0.707594513893,-2.76641696766,5.2328748011,2.88750983949,map_000000355.png
-2.9587441986,5.19649167928,2.73080719837,-0.0,-0.0,0.707594513893,-2.76641696766,5.2328748011,2.88750983949,map_000000356.png
-2.95849528366,5.19711562627,2.8015912418,-0.0,-0.0,0.131099879742,-2.76641696766,5.2328748011,2.88750983949,map_000000357.png
-2.95840111556,5.19740711958,2.83085972573,-0.0,-0.0,-0.0,-2.76641696766,5.2328748011,2.88750983949,map_000000358.png
-2.95838470411,5.19745899292,2.83653190943,-0.0,-0.0,-0.0,-2.76641696766,5.2328748011,2.88750983949,map_000000359.png
-2.95838647951,5.19746075604,2.8365313329,-0.0,-0.0,-0.0,-2.76641696766,5.2328748011,2.88750983949,map_000000360.png
-2.95838647951,5.19746075604,2.8365313329,-0.0,-0.0,-0.0,-2.76641696766,5.2328748011,2.88750983949,map_000000361.png
-2.95837480175,5.19744911849,2.83653495874,-0.0,-0.0,-0.0,-2.76641696766,5.2328748011,2.88750983949,map_000000362.png
-2.95838649313,5.19746076144,2.83653132338,-0.0,-0.0,-0.0,-2.76641696766,5.2328748011,2.88750983949,map_000000363.png
-2.95837481543,5.1974491237,2.83653493041,-0.0,-0.0,-0.0,-2.76641696766,5.2328748011,2.88750983949,map_000000364.png
-2.95838474053,5.19745901025,2.83653186042,-0.0,-0.0,-0.0,-2.76641696766,5.2328748011,2.88750983949,map_000000365.png
-2.95837482922,5.19744912899,2.83653489739,-0.0,-0.0,-0.0,-2.76641696766,5.2328748011,2.88750983949,map_000000366.png
-2.95838475393,5.19745901621,2.83653191617,-0.0,-0.0,-0.0,-2.76641696766,5.2328748011,2.88750983949,map_000000367.png
-2.95838652733,5.19746077558,2.83653136128,-0.0,-0.0,-0.0,-2.76641696766,5.2328748011,2.88750983949,map_000000368.png
-2.95838476753,5.19745902153,2.83653190243,-0.0,-0.0,-0.0,-2.76641696766,5.2328748011,2.88750983949,map_000000369.png
-2.95837485603,5.19744914018,2.83653494823,-0.0,-0.0,-0.0,-2.76641696766,5.2328748011,2.88750983949,map_000000370.png
-2.95838478121,5.19745902658,2.83653185825,-0.0,-0.0,-0.0,-2.76641696766,5.2328748011,2.88750983949,map_000000371.png
-2.95837486962,5.19744914553,2.83653493746,-0.0,-0.0,-0.0,-2.76641696766,5.2328748011,2.88750983949,map_000000372.png
-2.9583847948,5.19745903196,2.83653185118,-0.0,-0.0,-0.0,-2.76641696766,5.2328748011,2.88750983949,map_000000373.png
-2.95838656802,5.19746079192,2.836531361,-0.0,-0.0,-0.0,-2.76641696766,5.2328748011,2.88750983949,map_000000374.png
-2.95838480815,5.19745903808,2.83653192492,-0.0,-0.0,-0.0,-2.76641696766,5.2328748011,2.88750983949,map_000000375.png
-2.9583865816,5.19746079728,2.83653135185,-0.0,-0.0,-0.0,-2.76641696766,5.2328748011,2.88750983949,map_000000376.png
-2.95837490452,5.19744915858,2.83653482796,-0.0,-0.0,-0.0,-2.76641696766,5.2328748011,2.88750983949,map_000000377.png
-2.9583865952,5.1974608026,2.83653133839,-0.0,-0.0,-0.0,-2.76641696766,5.2328748011,2.88750983949,map_000000378.png
-2.95837491773,5.19744916443,2.83653488957,-0.0,-0.0,-0.0,-2.76641696766,5.2328748011,2.88750983949,map_000000379.png
-2.95838484265,5.19745905122,2.83653185521,-0.0,-0.0,-0.0,-2.76641696766,5.2328748011,2.88750983949,map_000000380.png
-2.95837493132,5.19744916978,2.83653487943,-0.0,-0.0,-0.0,-2.76641696766,5.2328748011,2.88750983949,map_000000381.png
-2.95838485623,5.19745905661,2.83653184923,-0.0,-0.0,-0.0,-2.76641696766,5.2328748011,2.88750983949,map_000000382.png
-2.95838662944,5.19746081661,2.83653136199,-0.0,-0.0,-0.0,-2.76641696766,5.2328748011,2.88750983949,map_000000383.png
-2.95838486958,5.19745906274,2.83653192378,-0.0,-0.0,-0.0,-2.76641696766,5.2328748011,2.88750983949,map_000000384.png
-2.95838664302,5.19746082198,2.836531354,-0.0,-0.0,-0.0,-2.76641696766,5.2328748011,2.88750983949,map_000000385.png
-2.95837496569,5.19744918361,2.83653487848,-0.0,-0.134044930339,-0.0,-2.76641696766,5.2328748011,2.88750983949,map_000000386.png
-2.95709883425,5.20155056922,2.83653123466,-0.0,-0.174233987927,-0.0,-2.76641696766,5.2328748011,2.88750983949,map_000000387.png
-2.95275708744,5.21529000312,2.83653429501,-0.0,-0.174233987927,-0.0,-2.76641696766,5.2328748011,2.88750983949,map_000000388.png
-2.94732690686,5.23257611804,2.83653086057,-0.0,-0.0,-0.0,-2.76641696766,5.2328748011,2.88750983949,map_000000389.png
-2.94172521457,5.24827264652,2.83760660618,-0.0,-0.0,-0.0,-2.76641696766,5.2328748011,2.88750983949,map_000000390.png
-2.94024852235,5.25284509605,2.83769510377,-0.0,-0.0,-0.0,-2.76641696766,5.2328748011,2.88750983949,map_000000391.png
-2.94025588213,5.25282262523,2.83769259447,-0.0,-0.0,-0.0,-2.76641696766,5.2328748011,2.88750983949,map_000000392.png
-2.94025885212,5.25281398196,2.83770339229,-0.0,-0.0,-0.0,-2.76641696766,5.2328748011,2.88750983949,map_000000393.png
-2.94025963126,5.25281232551,2.83772409288,-0.0,-0.0,-0.0,-2.76641696766,5.2328748011,2.88750983949,map_000000394.png
-2.94025929448,5.25281652185,2.8377369425,-0.0,-0.0,-0.0,-2.76641696766,5.2328748011,2.88750983949,map_000000395.png
-2.94025813173,5.25282003964,2.83774455002,-0.0,-0.0,-0.0,-2.76641696766,5.2328748011,2.88750983949,map_000000396.png
-2.94025847259,5.25282214727,2.83775775349,-0.0,-0.0,-0.0,-2.76641696766,5.2328748011,2.88750983949,map_000000397.png
-2.94025777876,5.2528245318,2.83776931024,-0.0,-0.0,-0.0,-2.76641696766,5.2328748011,2.88750983949,map_000000398.png
-2.94025792976,5.25282540823,2.83777979086,-0.0,-0.0,-0.0,-2.76641696766,5.2328748011,2.88750983949,map_000000399.png
-2.94025775993,5.25282777356,2.83779201321,-0.0,-0.0,-0.0,-2.76641696766,5.2328748011,2.88750983949,map_000000400.png
-2.94025775993,5.25282777356,2.83779201321,-0.0,-0.0,-0.0,-2.76641696766,5.2328748011,2.88750983949,map_000000401.png
-2.94025069814,5.25285189889,2.83775666621,-0.0,-0.0,-0.0,-2.76641696766,5.2328748011,2.88750983949,map_000000402.png
-2.94025674263,5.25283422641,2.83776933032,-0.0,-0.0,-0.0,-2.76641696766,5.2328748011,2.88750983949,map_000000403.png
-2.94024397078,5.25286099448,2.83772199913,-0.5,-0.0,-0.0,-2.76641696766,5.2328748011,2.88750983949,map_000000404.png
-2.90251792459,5.24105550006,2.83765790441,-0.443330943584,-0.0,-0.0,-2.76641696766,5.2328748011,2.88750983949,map_000000405.png
-2.8578465786,5.22703744588,2.83766101928,-0.0,-0.0,-0.0,-2.76641696766,5.2328748011,2.88750983949,map_000000406.png
