
1.07417344749,5.61556089802,-0.218213270048,-0.0,-0.0,-0.0,-5.95631770447,0.34574816782,0.441679626068,map_000000035.png
1.07417349054,5.61556086373,-0.218213247532,-0.0,-0.0,-0.0,-5.95631770447,0.34574816782,0.441679626068,map_000000036.png
1.07416366413,5.6155510665,-0.218218705547,-0.0,-0.0,-0.649342298508,-5.95631770447,0.34574816782,0.441679626068,map_000000037.png
1.07417559281,5.61556293122,-0.218212097419,-0.0,-0.0,-0.649342298508,-5.95631770447,0.34574816782,0.441679626068,map_000000038.png
1.07430122083,5.61605724438,-0.27185021137,-0.0,-0.0,-1.0,-5.95631770447,0.34574816782,0.441679626068,map_000000039.png
1.07454969565,5.61686540746,-0.361715164622,-0.0,-0.0,-1.0,-5.95631770447,0.34574816782,0.441679626068,map_000000040.png
1.07492093325,5.61771318446,-0.460063014392,-0.0,-0.0,-1.0,-5.95631770447,0.34574816782,0.441679626068,map_000000041.png
1.07539458347,5.61857108528,-0.562336596028,-0.0,-0.0,-1.0,-5.95631770447,0.34574816782,0.441679626068,map_000000042.png
1.0759559561,5.61937875156,-0.664608730215,-0.0,-0.0,-1.0,-5.95631770447,0.34574816782,0.441679626068,map_000000043.png
1.07658170647,5.62010916805,-0.762939876621,-0.0,-0.0,-1.0,-5.95631770447,0.34574816782,0.441679626068,map_000000044.png
1.07729238378,5.62078610316,-0.865213083763,-0.0,-0.0,-1.0,-5.95631770447,0.34574816782,0.441679626068,map_000000045.png
1.07729238378,5.62078610316,-0.865213083763,-0.0,-0.0,-1.0,-5.95631770447,0.34574816782,0.441679626068,map_000000046.png
1.07806686801,5.62137778235,-0.967489104613,-0.0,-0.0,-1.0,-5.95631770447,0.34574816782,0.441679626068,map_000000047.png
1.07885222855,5.62187781189,-1.06583461973,-0.0,-0.0,-1.0,-5.95631770447,0.34574816782,0.441679626068,map_000000048.png
1.07973139459,5.62230106348,-1.16810987404,-0.0,-0.0,-1.0,-5.95631770447,0.34574816782,0.441679626068,map_000000049.png
1.08065049619,5.62264273514,-1.27038235575,-0.0,-0.0,-1.0,-5.95631770447,0.34574816782,0.441679626068,map_000000050.png
1.08158872359,5.62289248009,-1.36870785764,-0.0,-0.0,-1.0,-5.95631770447,0.34574816782,0.441679626068,map_000000051.png
1.08254180717,5.62306232675,-1.47098536725,-0.0,-0.0,-1.0,-5.95631770447,0.34574816782,0.441679626068,map_000000052.png
1.08352895508,5.62310794762,-1.57325315112,-0.0,-0.0,-1.0,-5.95631770447,0.34574816782,0.441679626068,map_000000053.png
1.08453134147,5.62305511229,-1.67551410805,-0.0,-0.0,-1.0,-5.95631770447,0.34574816782,0.441679626068,map_000000054.png
1.08544721526,5.62291584273,-1.77386164796,-0.0,-0.0,-1.0,-5.95631770447,0.34574816782,0.441679626068,map_000000055.png
1.08638466826,5.62268776092,-1.87614203224,-0.0,-0.0,-1.0,-5.95631770447,0.34574816782,0.441679626068,map_000000056.png
1.08730202555,5.62235360641,-1.97841711663,-0.0,-0.0,-1.0,-5.95631770447,0.34574816782,0.441679626068,map_000000057.png
1.08816925448,5.62193002362,-2.07674664063,-0.0,-0.0,-1.0,-5.95631770447,0.34574816782,0.441679626068,map_000000058.png
1.0890067895,5.62140743913,-2.17901723796,-0.0,-0.0,-1.0,-5.95631770447,0.34574816782,0.441679626068,map_000000059.png
1.08978535285,5.62080940792,-2.28129028669,-0.0,-0.0,-1.0,-5.95631770447,0.34574816782,0.441679626068,map_000000060.png
1.09045202209,5.62018031729,-2.37964269784,-0.0,-0.0,-1.0,-5.95631770447,0.34574816782,0.441679626068,map_000000061.png
1.09109678613,5.61943802561,-2.4819148186,-0.0,-0.0,-1.0,-5.95631770447,0.34574816782,0.441679626068,map_000000062.png
1.09165937182,5.61863723375,-2.58418896394,-0.0,-0.0,-0.983329236507,-5.95631770447,0.34574816782,0.441679626068,map_000000063.png
1.09214288094,5.61779730903,-2.68251617934,-0.0,-0.0,-0.983329236507,-5.95631770447,0.34574816782,0.441679626068,map_000000064.png
1.09251951985,5.61690984278,-2.78321571597,-0.0,-0.0,-0.0,-5.95631770447,0.34574816782,0.441679626068,map_000000065.png
1.09262392615,5.61667190602,-2.80640654838,0.443826854229,-0.375217437744,-0.0,-5.95631770447,0.34574816782,0.441679626068,map_000000066.png
1.06007500934,5.62917632123,-2.80641032469,0.450922429562,-0.384678184986,-0.0,-5.95631770447,0.34574816782,0.441679626068,map_000000067.png
1.00328109831,5.65109766613,-2.80640679464,0.458017975092,-0.384678184986,-0.0,-5.95631770447,0.34574816782,0.441679626068,map_000000068.png
0.945698588947,5.67338505289,-2.80640307388,0.5,-0.223883792758,-0.0,-5.95631770447,0.34574816782,0.441679626068,map_000000069.png
0.889825114938,5.69462586198,-2.8063939491,0.5,-0.145851776004,-0.0,-5.95631770447,0.34574816782,0.441679626068,map_000000070.png
0.833083901763,5.69950582839,-2.80638813782,0.5,-0.145851776004,-0.0,-5.95631770447,0.34574816782,0.441679626068,map_000000071.png
0.778600678384,5.6979039615,-2.80638203936,0.5,-0.0,-0.0,-5.95631770447,0.34574816782,0.441679626068,map_000000072.png
0.727981236566,5.68521123674,-2.80637491253,0.5,-0.0205351412296,-0.0,-5.95631770447,0.34574816782,0.441679626068,map_000000073.png
0.680450772829,5.66971068441,-2.80637354929,0.5,-0.330298006535,-0.0,-5.95631770447,0.34574816782,0.441679626068,map_000000074.png
0.62740431463,5.66398380709,-2.80636704679,0.469843894243,-0.0,-0.0,-5.95631770447,0.34574816782,0.441679626068,map_000000075.png
0.568668493684,5.67568597957,-2.80636248324,-0.0,-0.0,-0.0,-5.95631770447,0.34574816782,0.441679626068,map_000000076.png
0.524328348593,5.66022603722,-2.8063496978,-0.0,-0.0,-0.0,-5.95631770447,0.34574816782,0.441679626068,map_000000077.png
0.520780392802,5.65898999341,-2.80634890047,-0.384220391512,0.341704308987,-0.0,-5.95631770447,0.34574816782,0.441679626068,map_000000078.png
0.558784081686,5.6432953671,-2.80635074568,-0.393681138754,0.348799854517,-0.0,-5.95631770447,0.34574816782,0.441679626068,map_000000079.png
0.606954495534,5.62347164825,-2.80635911868,-0.393681138754,0.355876326561,-0.0,-5.95631770447,0.34574816782,0.441679626068,map_000000080.png
0.657633052701,5.60240144893,-2.80636184875,-0.393681138754,0.355876326561,-0.0,-5.95631770447,0.34574816782,0.441679626068,map_000000081.png
0.708451181213,5.58093031569,-2.80636459359,-0.0,-0.0347262471914,-0.0,-5.95631770447,0.34574816782,0.441679626068,map_000000082.png
0.75732471991,5.56027497485,-2.80636134455,0.484035015106,-0.148216962814,-0.0,-5.95631770447,0.34574816782,0.441679626068,map_000000083.png
0.75732471991,5.56027497485,-2.80636134455,0.484035015106,-0.148216962814,-0.0,-5.95631770447,0.34574816782,0.441679626068,map_000000084.png
0.75613722145,5.56368375206,-2.80636207003,0.5,-0.212076932192,-0.0,-5.95631770447,0.34574816782,0.441679626068,map_000000085.png
0.711458537893,5.56251283599,-2.80635708731,0.5,-0.212076932192,-0.0,-5.95631770447,0.34574816782,0.441679626068,map_000000086.png
0.658576715194,5.56411754316,-2.80635750372,0.5,-0.212076932192,-0.0,-5.95631770447,0.34574816782,0.441679626068,map_000000087.png
0.602239118355,5.56783610832,-2.80635198998,0.5,-0.212076932192,-0.0,-5.95631770447,0.34574816782,0.441679626068,map_000000088.png
0.545901501338,5.57155436104,-2.80634643052,0.5,-0.212076932192,-0.0,-5.95631770447,0.34574816782,0.441679626068,map_000000089.png
0.491740323365,5.57511952806,-2.80633540004,0.5,-0.212076932192,-0.0,-5.95631770447,0.34574816782,0.441679626068,map_000000090.png
0.435402665618,5.57883717137,-2.80632964784,0.5,-0.212076932192,-0.0,-5.95631770447,0.34574816782,0.441679626068,map_000000091.png
0.379064988508,5.58255449974,-2.80632434754,0.5,-0.212076932192,-0.0,-5.95631770447,0.34574816782,0.441679626068,map_000000092.png
0.322727290466,5.58627152186,-2.80631843489,0.5,-0.212076932192,-0.0,-5.95631770447,0.34574816782,0.441679626068,map_000000093.png
0.268546781427,5.58985506405,-2.80631923909,0.5,-0.212076932192,-0.0,-5.95631770447,0.34574816782,0.441679626068,map_000000094.png
0.212209043166,5.59357147148,-2.80631369806,0.5,-0.0,-0.0,-5.95631770447,0.34574816782,0.441679626068,map_000000095.png
0.157266338996,5.59328427002,-2.80630778842,0.5,0.00828959047794,-0.0,-5.95631770447,0.34574816782,0.441679626068,map_000000096.png
0.110080487427,5.57683009495,-2.80629439999,0.5,0.19273583591,-0.0,-5.95631770447,0.34574816782,0.441679626068,map_000000097.png
0.0612733340401,5.55892395414,-2.80629669917,0.5,0.19273583591,-0.0,-5.95631770447,0.34574816782,0.441679626068,map_000000098.png
0.0175716524948,5.52638406789,-2.80629269438,0.495860934258,0.266037464142,-0.0,-5.95631770447,0.34574816782,0.441679626068,map_000000099.png
-0.0214889256137,5.4874072659,-2.8062889702,0.375255584717,0.365337073803,-0.0,-5.95631770447,0.34574816782,0.441679626068,map_000000100.png
-0.0540317085951,5.44173656109,-2.80628545578,0.365813940763,0.381893366575,-0.0,-5.95631770447,0.34574816782,0.441679626068,map_000000101.png
-0.0779201618548,5.39262904445,-2.80628019257,0.33743172884,0.396084487438,-0.0,-5.95631770447,0.34574816782,0.441679626068,map_000000102.png
-0.099626143187,5.34452874781,-2.8062796623,0.33743172884,0.396084487438,-0.0,-5.95631770447,0.34574816782,0.441679626068,map_000000103.png
-0.119209170274,5.29409740615,-2.80627479294,0.33743172884,0.396084487438,-0.0,-5.95631770447,0.34574816782,0.441679626068,map_000000104.png
-0.138773638543,5.24368456222,-2.80627431629,0.33743172884,0.396084487438,-0.0,-5.95631770447,0.34574816782,0.441679626068,map_000000105.png
-0.157603699355,5.1951921124,-2.80626932648,0.33743172884,0.396084487438,-0.0,-5.95631770447,0.34574816782,0.441679626068,map_000000106.png
-0.177167897826,5.1447791638,-2.80626892157,0.33743172884,0.396084487438,-0.0,-5.95631770447,0.34574816782,0.441679626068,map_000000107.png
-0.196741373859,5.09435640061,-2.80626616944,0.33743172884,0.396084487438,-0.0,-5.95631770447,0.34574816782,0.441679626068,map_000000108.png
-0.215561628051,5.04587356046,-2.80626358877,0.33743172884,0.396084487438,-0.0,-5.95631770447,0.34574816782,0.441679626068,map_000000109.png
-0.235134832886,4.99545069098,-2.80626087797,0.33743172884,0.396084487438,-0.0,-5.95631770447,0.34574816782,0.441679626068,map_000000110.png
-0.254716910666,4.9450189816,-2.80625591357,0.33743172884,0.396084487438,-0.0,-5.95631770447,0.34574816782,0.441679626068,map_000000111.png
-0.274280427754,4.89460576927,-2.80625546474,0.33743172884,0.396084487438,-0.0,-5.95631770447,0.34574816782,0.441679626068,map_000000112.png
-0.293109573044,4.84611296459,-2.80625047759,0.33743172884,0.396084487438,-0.0,-5.95631770447,0.34574816782,0.441679626068,map_000000113.png
-0.312672821067,4.79569964809,-2.80625006751,0.33743172884,0.396084487438,-0.0,-5.95631770447,0.34574816782,0.441679626068,map_000000114.png
-0.332245346311,4.74527651632,-2.80624728104,0.33743172884,0.396084487438,-0.0,-5.95631770447,0.34574816782,0.441679626068,map_000000115.png
-0.351064686556,4.69679332183,-2.80624473771,0.33743172884,0.396084487438,-0.0,-5.95631770447,0.34574816782,0.441679626068,map_000000116.png
-0.370636940862,4.6463700842,-2.80624202378,0.33743172884,0.396084487438,-0.0,-5.95631770447,0.34574816782,0.441679626068,map_000000117.png
-0.390218067758,4.59593800569,-2.80623706345,0.33743172884,0.396084487438,-0.0,-5.95631770447,0.34574816782,0.441679626068,map_000000118.png
-0.409028009506,4.54746344781,-2.80623658539,0.33743172884,0.396084487438,-0.0,-5.95631770447,0.34574816782,0.441679626068,map_000000119.png
-0.428608866417,4.4970312638,-2.80623164915,0.33743172884,0.396084487438,-0.0,-5.95631770447,0.34574816782,0.441679626068,map_000000120.png
-0.428608866417,4.4970312638,-2.80623164915,0.33743172884,0.396084487438,-0.0,-5.95631770447,0.34574816782,0.441679626068,map_000000121.png
-0.448171164021,4.44661757751,-2.80623121584,0.33743172884,0.396084487438,-0.0,-5.95631770447,0.34574816782,0.441679626068,map_000000122.png
-0.466999136544,4.39812431652,-2.80622636146,0.33743172884,0.396084487438,-0.0,-5.95631770447,0.34574816782,0.441679626068,map_000000123.png
-0.486561164768,4.34771052569,-2.80622589095,0.33743172884,0.396084487438,-0.0,-5.95631770447,0.34574816782,0.441679626068,map_000000124.png
-0.506132468784,4.29728691893,-2.80622313578,0.264130055904,0.0863216072321,-0.0,-5.95631770447,0.34574816782,0.441679626068,map_000000125.png
-0.527567865492,4.27412130716,-2.80622134959,-0.0,-0.0394566170871,-0.0,-5.95631770447,0.34574816782,0.441679626068,map_000000126.png
-0.538066341723,4.26894767771,-2.80622045949,-0.0,-0.24517044425,-0.0,-5.95631770447,0.34574816782,0.441679626068,map_000000127.png
-0.542403000175,4.28135455391,-2.80621767506,-0.0,-0.45561465621,-0.0,-5.95631770447,0.34574816782,0.441679626068,map_000000128.png
-0.552719926109,4.31099049144,-2.80622075491,-0.0,-0.474536120892,-0.0,-5.95631770447,0.34574816782,0.441679626068,map_000000129.png
-0.567742154589,4.35405546502,-2.80621783744,-0.0,-0.5,-0.0,-5.95631770447,0.34574816782,0.441679626068,map_000000130.png
-0.58396775334,4.40064414226,-2.80622127134,-0.0,-0.5,-0.0,-5.95631770447,0.34574816782,0.441679626068,map_000000131.png
-0.600973410237,4.4494353418,-2.80622140241,-0.0,-0.5,-0.0,-5.95631770447,0.34574816782,0.441679626068,map_000000132.png
-0.617421405905,4.49662670514,-2.80622163478,-0.0,-0.5,-0.0,-5.95631770447,0.34574816782,0.441679626068,map_000000133.png
-0.634527560137,4.54570631628,-2.80622182766,-0.0,-0.5,-0.0,-5.95631770447,0.34574816782,0.441679626068,map_000000134.png
-0.651642757216,4.59477650019,-2.80621893652,0.046590320766,-0.202616199851,-0.0,-5.95631770447,0.34574816782,0.441679626068,map_000000135.png
-0.667219996622,4.63724119284,-2.8062219504,0.176637321711,-0.0,-0.0,-5.95631770447,0.34574816782,0.441679626068,map_000000136.png
-0.678734332965,4.65552663708,-2.80621892163,0.429654836655,0.329878389835,-0.0,-5.95631770447,0.34574816782,0.441679626068,map_000000137.png
-0.695839181813,4.65042875717,-2.80622051591,0.429654836655,0.329878389835,-0.0,-5.95631770447,0.34574816782,0.441679626068,map_000000138.png
-0.722943109692,4.61304218378,-2.80621518157,0.5,0.256576746702,-0.0,-5.95631770447,0.34574816782,0.441679626068,map_000000139.png
-0.759252527851,4.56873423421,-2.80621393918,0.460383147001,-0.379947811365,-0.0,-5.95631770447,0.34574816782,0.441679626068,map_000000140.png
-0.807122163449,4.55345009905,-2.80621007417,0.450922429562,-0.325567632914,-0.0,-5.95631770447,0.34574816782,0.441679626068,map_000000141.png
-0.86253704974,4.57320092068,-2.80620705023,0.450922429562,-0.325567632914,-0.0,-5.95631770447,0.34574816782,0.441679626068,map_000000142.png
-0.917937979045,4.58973042979,-2.80620360258,0.450922429562,-0.325567632914,-0.0,-5.95631770447,0.34574816782,0.441679626068,map_000000143.png
-0.973347756795,4.60625055569,-2.80619743958,0.450922429562,-0.325567632914,-0.0,-5.95631770447,0.34574816782,0.441679626068,map_000000144.png
-1.02660848541,4.62215300128,-2.80619714317,0.450922429562,-0.325567632914,-0.0,-5.95631770447,0.34574816782,0.441679626068,map_000000145.png
-1.08201836995,4.63867277002,-2.80619090609,0.450922429562,-0.318472087383,-0.0,-5.95631770447,0.34574816782,0.441679626068,map_000000146.png
-1.13728825561,4.65486226361,-2.80619081617,0.450922429562,-0.318472087383,-0.0,-5.95631770447,0.34574816782,0.441679626068,map_000000147.png
-1.19244667502,4.67069438931,-2.80618735718,0.450922429562,-0.318472087383,-0.0,-5.95631770447,0.34574816782,0.441679626068,map_000000148.png
-1.24548296659,4.68591725097,-2.80618440972,0.450922429562,-0.318472087383,-0.0,-5.95631770447,0.34574816782,0.441679626068,map_000000149.png
-1.30064148817,4.70174902098,-2.80618097334,0.450922429562,-0.318472087383,-0.0,-5.95631770447,0.34574816782,0.441679626068,map_000000150.png
-1.35580885769,4.71757141238,-2.80617479636,0.5,-0.176599174738,-0.0,-5.95631770447,0.34574816782,0.441679626068,map_000000151.png
-1.40880797171,4.72079894069,-2.80617416375,0.5,-0.0323610641062,-0.0,-5.95631770447,0.34574816782,0.441679626068,map_000000152.png
-1.46109096538,4.71284779788,-2.80616764925,0.5,-0.0,-0.0,-5.95631770447,0.34574816782,0.441679626068,map_000000153.png
-1.51079878129,4.69758099926,-2.80616662355,0.5,-0.0,-0.0,-5.95631770447,0.34574816782,0.441679626068,map_000000154.png
-1.55799900214,4.6811210156,-2.80616025791,0.5,0.0130199594423,-0.0,-5.95631770447,0.34574816782,0.441679626068,map_000000155.png
-1.60705073016,4.66397213082,-2.80615923784,0.5,0.0863216072321,-0.0,-5.95631770447,0.34574816782,0.441679626068,map_000000156.png
-1.65568378313,4.64558485664,-2.80615532379,0.5,0.0863216072321,-0.0,-5.95631770447,0.34574816782,0.441679626068,map_000000157.png
-1.70032326688,4.62181681108,-2.80615170242,0.5,0.126529738307,-0.0,-5.95631770447,0.34574816782,0.441679626068,map_000000158.png
-1.70032326688,4.62181681108,-2.80615170242,0.5,0.188005462289,-0.0,-5.95631770447,0.34574816782,0.441679626068,map_000000159.png
-1.7454953153,4.59350180402,-2.80614770929,0.5,0.188005462289,-0.0,-5.95631770447,0.34574816782,0.441679626068,map_000000160.png
-1.78920089623,4.56094618224,-2.80614148491,0.5,0.24002045393,-0.0,-5.95631770447,0.34574816782,0.441679626068,map_000000161.png
-1.82964838274,4.52518839878,-2.8061402251,0.420194089413,0.310956895351,-0.0,-5.95631770447,0.34574816782,0.441679626068,map_000000162.png
-1.86894325369,4.48385872824,-2.80613414656,0.401272624731,0.336973935366,-0.0,-5.95631770447,0.34574816782,0.441679626068,map_000000163.png
-1.89953726657,4.43896668255,-2.80613324585,0.401272624731,0.344069480896,-0.0,-5.95631770447,0.34574816782,0.441679626068,map_000000164.png
-1.92643655908,4.39402314266,-2.80612768893,0.401272624731,0.344069480896,-0.0,-5.95631770447,0.34574816782,0.441679626068,map_000000165.png
-1.95409594106,4.34668897383,-2.80612687407,0.401272624731,0.344069480896,-0.0,-5.95631770447,0.34574816782,0.441679626068,map_000000166.png
-1.98170865046,4.29918427078,-2.80612366459,0.401272624731,0.344069480896,-0.0,-5.95631770447,0.34574816782,0.441679626068,map_000000167.png
-2.00933016772,4.2516706778,-2.80611815592,0.401272624731,0.344069480896,-0.0,-5.95631770447,0.34574816782,0.441679626068,map_000000168.png
-2.03587124146,4.2060023159,-2.80611739058,0.401272624731,0.344069480896,-0.0,-5.95631770447,0.34574816782,0.441679626068,map_000000169.png
-2.06349246079,4.15848854858,-2.80611196599,0.401272624731,0.344069480896,-0.0,-5.95631770447,0.34574816782,0.441679626068,map_000000170.png
-2.09109505917,4.11099322061,-2.80611114962,0.401272624731,0.344069480896,-0.0,-5.95631770447,0.34574816782,0.441679626068,map_000000171.png
-2.11765417171,4.06530608225,-2.80610563935,0.401272624731,0.344069480896,-0.0,-5.95631770447,0.34574816782,0.441679626068,map_000000172.png
-2.14525647321,4.01781058215,-2.8061047979,0.401272624731,0.344069480896,-0.0,-5.95631770447,0.34574816782,0.441679626068,map_000000173.png
-2.17286813435,3.97030526944,-2.8061016099,0.401272624731,0.344069480896,-0.0,-5.95631770447,0.34574816782,0.441679626068,map_000000174.png
-2.1994173041,3.92462760263,-2.80609863428,0.401272624731,0.344069480896,-0.0,-5.95631770447,0.34574816782,0.441679626068,map_000000175.png
-2.22702867028,3.87712211896,-2.80609535255,0.401272624731,0.344069480896,-0.0,-5.95631770447,0.34574816782,0.441679626068,map_000000176.png
-2.25464884041,3.82960774235,-2.80608993824,0.401272624731,0.344069480896,-0.0,-5.95631770447,0.34574816782,0.441679626068,map_000000177.png
-2.28118862239,3.78393863097,-2.80608904914,0.401272624731,0.344069480896,-0.0,-5.95631770447,0.34574816782,0.441679626068,map_000000178.png
-2.30880849761,3.73642408265,-2.80608358961,0.401272624731,0.344069480896,-0.0,-5.95631770447,0.34574816782,0.441679626068,map_000000179.png
-2.33640975058,3.68892797259,-2.80608275016,0.401272624731,0.344069480896,-0.0,-5.95631770447,0.34574816782,0.441679626068,map_000000180.png
-2.36296756979,3.64324008174,-2.80607742082,0.401272624731,0.344069480896,-0.0,-5.95631770447,0.34574816782,0.441679626068,map_000000181.png
-2.39056852798,3.59574380062,-2.80607655773,0.401272624731,0.344069480896,-0.0,-5.95631770447,0.34574816782,0.441679626068,map_000000182.png
-2.41817884458,3.54823770652,-2.80607330326,0.401272624731,0.344069480896,-0.0,-5.95631770447,0.34574816782,0.441679626068,map_000000183.png
-2.44472672277,3.50255929056,-2.80607028067,0.401272624731,0.344069480896,-0.0,-5.95631770447,0.34574816782,0.441679626068,map_000000184.png
-2.47233674332,3.45505302477,-2.80606701078,0.401272624731,0.344069480896,-0.0,-5.95631770447,0.34574816782,0.441679626068,map_000000185.png
-2.4999555699,3.40753786727,-2.80606151591,0.401272624731,0.344069480896,-0.0,-5.95631770447,0.34574816782,0.441679626068,map_000000186.png
-2.52755577741,3.3600411494,-2.80606074759,0.401272624731,0.344069480896,-0.0,-5.95631770447,0.34574816782,0.441679626068,map_000000187.png
-2.55411258993,3.31435267336,-2.80605537033,0.401272624731,0.344069480896,-0.0,-5.95631770447,0.34574816782,0.441679626068,map_000000188.png
-2.58171249876,3.26685578275,-2.80605450982,0.401272624731,0.344069480896,-0.0,-5.95631770447,0.34574816782,0.441679626068,map_000000189.png
-2.60932176843,3.21934908022,-2.80605127297,0.401272624731,0.344069480896,-0.0,-5.95631770447,0.34574816782,0.441679626068,map_000000190.png
-2.63586863839,3.1736700781,-2.80604820342,0.401272624731,0.344069480896,-0.0,-5.95631770447,0.34574816782,0.441679626068,map_000000191.png
-2.66347761067,3.12616320259,-2.80604496135,0.401272624731,0.344069480896,-0.0,-5.95631770447,0.34574816782,0.441679626068,map_000000192.png
-2.69109539037,3.07864743705,-2.8060394687,0.401272624731,0.344069480896,-0.0,-5.95631770447,0.34574816782,0.441679626068,map_000000193.png
-2.71763287074,3.03297698666,-2.80603876057,0.401272624731,0.344069480896,-0.0,-5.95631770447,0.34574816782,0.441679626068,map_000000194.png
-2.74525035289,2.98546104766,-2.80603329618,0.401272624731,0.344069480896,-0.0,-5.95631770447,0.34574816782,0.441679626068,map_000000195.png
-2.74525035289,2.98546104766,-2.80603329618,0.401272624731,0.344069480896,-0.0,-5.95631770447,0.34574816782,0.441679626068,map_000000196.png
-2.77284921498,2.93796354869,-2.80603246234,0.401272624731,0.344069480896,-0.0,-5.95631770447,0.34574816782,0.441679626068,map_000000197.png
-2.79940473346,2.89227432045,-2.80602699975,0.401272624731,0.344069480896,-0.0,-5.95631770447,0.34574816782,0.441679626068,map_000000198.png
-2.827003299,2.84477664943,-2.80602615513,0.401272624731,0.344069480896,-0.0,-5.95631770447,0.34574816782,0.441679626068,map_000000199.png
-2.8546112238,2.79726916548,-2.80602287812,0.401272624731,0.344069480896,-0.0,-5.95631770447,0.34574816782,0.441679626068,map_000000200.png
-2.88115679962,2.75158941006,-2.80601997054,0.401272624731,0.344069480896,-0.0,-5.95631770447,0.34574816782,0.441679626068,map_000000201.png
-2.908764429,2.70408175487,-2.80601671032,0.401272624731,0.344069480896,-0.0,-5.95631770447,0.34574816782,0.441679626068,map_000000202.png
-2.93638086283,2.65656520663,-2.80601124878,0.401272624731,0.344069480896,-0.0,-5.95631770447,0.34574816782,0.441679626068,map_000000203.png
-2.96397867585,2.60906709811,-2.80601043792,0.401272624731,0.344069480896,-0.0,-5.95631770447,0.34574816782,0.441679626068,map_000000204.png
-2.99053318899,2.56337728621,-2.80600492483,0.401272624731,0.344069480896,-0.0,-5.95631770447,0.34574816782,0.441679626068,map_000000205.png
-3.01813070565,2.51587900515,-2.80600410749,0.401272624731,0.344069480896,-0.0,-5.95631770447,0.34574816782,0.441679626068,map_000000206.png
-3.04573758357,2.46837091269,-2.80600083128,0.401272624731,0.344069480896,-0.0,-5.95631770447,0.34574816782,0.441679626068,map_000000207.png
-3.07228215472,2.42269057321,-2.80599792093,0.401272624731,0.344069480896,-0.0,-5.95631770447,0.34574816782,0.441679626068,map_000000208.png
-3.09988873518,2.37518230862,-2.80599462659,0.420194089413,0.313322097063,-0.0,-5.95631770447,0.34574816782,0.441679626068,map_000000209.png
-3.12761605375,2.3277563251,-2.80598915731,0.5,0.0792260542512,-0.0,-5.95631770447,0.34574816782,0.441679626068,map_000000210.png
-3.15694910209,2.28436348556,-2.80598823399,0.5,0.0792260542512,-0.0,-5.95631770447,0.34574816782,0.441679626068,map_000000211.png
-3.20088332699,2.25634633699,-2.8059818642,0.5,-0.0,-0.0,-5.95631770447,0.34574816782,0.441679626068,map_000000212.png
-3.24911458924,2.236845249,-2.80598073666,0.5,-0.0772804990411,-0.0,-5.95631770447,0.34574816782,0.441679626068,map_000000213.png
-3.29763465475,2.22416909397,-2.80597435176,0.5,-0.0772804990411,-0.0,-5.95631770447,0.34574816782,0.441679626068,map_000000214.png
-3.34934610812,2.21464528627,-2.80597344639,0.5,-0.0772804990411,-0.0,-5.95631770447,0.34574816782,0.441679626068,map_000000215.png
-3.4010673427,2.20511203141,-2.80596949821,0.5,-0.0772804990411,-0.0,-5.95631770447,0.34574816782,0.441679626068,map_000000216.png
-3.45079860801,2.19594539753,-2.80596603517,0.5,-0.0772804990411,-0.0,-5.95631770447,0.34574816782,0.441679626068,map_000000217.png
-3.50251977237,2.18641176123,-2.80596209639,0.5,-0.0772804990411,-0.0,-5.95631770447,0.34574816782,0.441679626068,map_000000218.png
-3.55424971305,2.17686889406,-2.80595565716,0.5,-0.0370914340019,-0.0,-5.95631770447,0.34574816782,0.441679626068,map_000000219.png
-3.6031252962,2.16528333448,-2.80595477908,0.5,-0.0,-0.0,-5.95631770447,0.34574816782,0.441679626068,map_000000220.png
-3.65294186654,2.15025533601,-2.80594838015,0.5,0.0248458813876,-0.0,-5.95631770447,0.34574816782,0.441679626068,map_000000221.png
-3.70177807305,2.13248866625,-2.8059473244,0.5,0.0957823395729,-0.0,-5.95631770447,0.34574816782,0.441679626068,map_000000222.png
-3.74981546956,2.11239476651,-2.80594339115,0.5,0.102877892554,-0.0,-5.95631770447,0.34574816782,0.441679626068,map_000000223.png
-3.79384885426,2.08689428703,-2.80593981835,0.5,0.102877892554,-0.0,-5.95631770447,0.34574816782,0.441679626068,map_000000224.png
-3.83942916179,2.05975718533,-2.80593582782,0.5,0.145432144403,-0.0,-5.95631770447,0.34574816782,0.441679626068,map_000000225.png
-3.88392538756,2.02947843404,-2.8059295239,0.5,0.145432144403,-0.0,-5.95631770447,0.34574816782,0.441679626068,map_000000226.png
-3.92631498358,1.99930074595,-2.80592833933,0.5,0.145432144403,-0.0,-5.95631770447,0.34574816782,0.441679626068,map_000000227.png
-3.97041869517,1.96789720501,-2.80592205112,0.5,0.19510102272,-0.0,-5.95631770447,0.34574816782,0.441679626068,map_000000228.png
-4.01417666041,1.93557446295,-2.80592071508,0.5,0.223464161158,-0.0,-5.95631770447,0.34574816782,0.441679626068,map_000000229.png
-4.05494913593,1.9006904191,-2.80591440688,0.5,0.223464161158,-0.0,-5.95631770447,0.34574816782,0.441679626068,map_000000230.png
-4.09733316048,1.86442991447,-2.80591306827,0.5,0.232924893498,-0.0,-5.95631770447,0.34574816782,0.441679626068,map_000000231.png
-4.1385312077,1.82473296076,-2.80590904564,0.5,0.232924893498,-0.0,-5.95631770447,0.34574816782,0.441679626068,map_000000232.png
-4.17804821171,1.78628849898,-2.80590549997,0.5,0.232924893498,-0.0,-5.95631770447,0.34574816782,0.441679626068,map_000000233.png
-4.17804821171,1.78628849898,-2.80590549997,0.5,0.232924893498,-0.0,-5.95631770447,0.34574816782,0.441679626068,map_000000234.png
-4.21914629196,1.74630557299,-2.80590145962,0.5,0.254211544991,-0.0,-5.95631770447,0.34574816782,0.441679626068,map_000000235.png
-4.26025308929,1.70631364081,-2.80589522234,0.5,0.254211544991,-0.0,-5.95631770447,0.34574816782,0.441679626068,map_000000236.png
-4.29970470342,1.6677168494,-2.80589380157,0.458017975092,0.296765804291,-0.0,-5.95631770447,0.34574816782,0.441679626068,map_000000237.png
-4.3400822466,1.62563537446,-2.80588754251,0.458017975092,0.296765804291,-0.0,-5.95631770447,0.34574816782,0.441679626068,map_000000238.png
-4.37550701872,1.58114935785,-2.80588631582,0.384716331959,0.348799854517,-0.0,-5.95631770447,0.34574816782,0.441679626068,map_000000239.png
-4.40275437001,1.53625414806,-2.80588089975,0.34452727437,0.388988912106,-0.0,-5.95631770447,0.34574816782,0.441679626068,map_000000240.png
-4.42589872853,1.4875710902,-2.80588028077,0.335066527128,0.396084487438,-0.0,-5.95631770447,0.34574816782,0.441679626068,map_000000241.png
-4.4459864762,1.43746522851,-2.80587747854,0.335066527128,0.396084487438,-0.0,-5.95631770447,0.34574816782,0.441679626068,map_000000242.png
-4.46531708613,1.38710701822,-2.80587254626,0.335066527128,0.396084487438,-0.0,-5.95631770447,0.34574816782,0.441679626068,map_000000243.png
-4.48388614558,1.33870348809,-2.80587213168,0.335066527128,0.396084487438,-0.0,-5.95631770447,0.34574816782,0.441679626068,map_000000244.png
-4.50321648853,1.28834517523,-2.80586719707,0.335066527128,0.396084487438,-0.0,-5.95631770447,0.34574816782,0.441679626068,map_000000245.png
-4.52252827349,1.23800535978,-2.80586675601,0.335066527128,0.396084487438,-0.0,-5.95631770447,0.34574816782,0.441679626068,map_000000246.png
-4.54111536667,1.18958312928,-2.805861972,0.325605779886,0.396084487438,-0.0,-5.95631770447,0.34574816782,0.441679626068,map_000000247.png
-4.56003404793,1.13938028864,-2.80586154161,0.325605779886,0.396084487438,-0.0,-5.95631770447,0.34574816782,0.441679626068,map_000000248.png
-4.57842630144,1.08935456648,-2.80585886448,0.325605779886,0.396084487438,-0.0,-5.95631770447,0.34574816782,0.441679626068,map_000000249.png
-4.5961107847,1.04125349727,-2.80585632316,0.325605779886,0.396084487438,-0.0,-5.95631770447,0.34574816782,0.441679626068,map_000000250.png
-4.61450277897,0.991227679664,-2.80585367267,0.325605779886,0.396084487438,-0.0,-5.95631770447,0.34574816782,0.441679626068,map_000000251.png
-4.63290365914,0.941193023593,-2.80584876945,0.325605779886,0.396084487438,-0.0,-5.95631770447,0.34574816782,0.441679626068,map_000000252.png
-4.65057875021,0.893100606552,-2.80584854142,0.325605779886,0.396084487438,-0.0,-5.95631770447,0.34574816782,0.441679626068,map_000000253.png
-4.66897937124,0.843065855081,-2.80584371545,0.332701355219,0.396084487438,-0.0,-5.95631770447,0.34574816782,0.441679626068,map_000000254.png
-4.68760250641,0.792965483168,-2.80584330511,0.465113520622,0.322782844305,-0.0,-5.95631770447,0.34574816782,0.441679626068,map_000000255.png
-4.70835092056,0.745029838657,-2.80583813449,0.486400187016,0.301496177912,-0.0,-5.95631770447,0.34574816782,0.441679626068,map_000000256.png
-4.74293522146,0.697429611338,-2.80583685682,0.493495732546,0.301496177912,-0.0,-5.95631770447,0.34574816782,0.441679626068,map_000000257.png
-4.78285716597,0.661840639199,-2.8039797309,0.493495732546,0.301496177912,-0.0,-5.95631770447,0.34574816782,0.441679626068,map_000000258.png
-4.82669720414,0.640020304401,-2.80009652821,0.5,-0.0,-0.0,-5.95631770447,0.34574816782,0.441679626068,map_000000259.png
-4.87466773105,0.618787297836,-2.7990499777,0.5,-0.29718542099,-0.0,-5.95631770447,0.34574816782,0.441679626068,map_000000260.png
-4.92802342999,0.613630629624,-2.79904337004,0.5,-0.323202461004,-0.0,-5.95631770447,0.34574816782,0.441679626068,map_000000261.png
-4.98755527455,0.625867330708,-2.79904277133,0.469843894243,-0.405964851379,-0.0,-5.95631770447,0.34574816782,0.441679626068,map_000000262.png
-5.04548566449,0.639851786178,-2.79903615447,0.410733371973,-0.446153908968,-0.0,-5.95631770447,0.34574816782,0.441679626068,map_000000263.png
-5.10565353432,0.663203720741,-2.79903593243,0.410733371973,-0.446153908968,-0.0,-5.95631770447,0.34574816782,0.441679626068,map_000000264.png
-5.16195299834,0.691853329909,-2.79903272034,0.379985958338,-0.446153908968,-0.0,-5.95631770447,0.34574816782,0.441679626068,map_000000265.png
-5.2136316766,0.720768067967,-2.79903021651,0.370525211096,-0.446153908968,-0.0,-5.95631770447,0.34574816782,0.441679626068,map_000000266.png
-5.2659517739,0.751348332994,-2.79902740331,0.370525211096,-0.446153908968,-0.0,-5.95631770447,0.34574816782,0.441679626068,map_000000267.png
-5.31780185808,0.764957598783,-2.80000304295,0.370525211096,-0.446153908968,-0.0,-5.95631770447,0.34574816782,0.441679626068,map_000000268.png
-5.36762099747,0.766154335412,-2.80167461792,0.370525211096,-0.446153908968,-0.0,-5.95631770447,0.34574816782,0.441679626068,map_000000269.png
-5.41937701495,0.76613490267,-2.80346598635,0.370525211096,-0.446153908968,-0.0,-5.95631770447,0.34574816782,0.441679626068,map_000000270.png
-5.41937701495,0.76613490267,-2.80346598635,0.441480755806,-0.275917857885,-0.0,-5.95631770447,0.34574816782,0.441679626068,map_000000271.png
-5.47107840194,0.766103978198,-2.80526307849,0.5,-0.0,-0.0,-5.95631770447,0.34574816782,0.441679626068,map_000000272.png
-5.52162648131,0.764991521399,-2.80629963998,0.5,0.0650349408388,-0.0,-5.95631770447,0.34574816782,0.441679626068,map_000000273.png
-5.57240624866,0.755792568607,-2.80663023787,0.5,0.0650349408388,-0.0,-5.95631770447,0.34574816782,0.441679626068,map_000000274.png
-5.62056424367,0.736015040782,-2.80662989084,0.5,0.114703819156,-0.0,-5.95631770447,0.34574816782,0.441679626068,map_000000275.png
-5.66529901944,0.712509549322,-2.80662636033,0.5,0.128875851631,-0.0,-5.95631770447,0.34574816782,0.441679626068,map_000000276.png
-5.71044721948,0.684108872817,-2.80662234098,0.5,0.128875851631,-0.0,-5.95631770447,0.34574816782,0.441679626068,map_000000277.png
-5.75091201403,0.684013536721,-2.80328096011,0.5,0.128875851631,-0.0,-5.95631770447,0.34574816782,0.441679626068,map_000000278.png
-5.79353688854,0.68376702302,-2.79985802863,0.5,0.128875851631,-0.0,-5.95631770447,0.34574816782,0.441679626068,map_000000279.png
-5.83616402877,0.681045935638,-2.79528427731,0.5,0.128875851631,-0.0,-5.95631770447,0.34574816782,0.441679626068,map_000000280.png
-5.88261624326,0.67355896451,-2.79131380677,-0.0,-0.0,-0.0,-5.95631770447,0.34574816782,0.441679626068,map_000000281.png
-5.91362765508,0.664467935442,-2.78980395777,-0.0,-0.0,-0.0,-5.95631770447,0.34574816782,0.441679626068,map_000000282.png
-5.91337720722,0.664514298905,-2.789751592,-0.0,-0.0,-0.0,-5.95631770447,0.34574816782,0.441679626068,map_000000283.png
-5.91337713443,0.664514220094,-2.78975167207,-0.0,-0.0,-0.0,-5.95631770447,0.34574816782,0.441679626068,map_000000284.png
-5.91337709629,0.664514175564,-2.78975188303,-0.0,-0.0,-0.0,-5.95631770447,0.34574816782,0.441679626068,map_000000285.png
-5.91338688148,0.66452392137,-2.78975738632,-0.0,-0.0,-0.0,-5.95631770447,0.34574816782,0.441679626068,map_000000286.png
-5.91338684332,0.664523877514,-2.78975746698,-0.0,-0.0,-0.0,-5.95631770447,0.34574816782,0.441679626068,map_000000287.png
-5.91338680554,0.664523834764,-2.7897574271,-0.0,-0.0,-0.0,-5.95631770447,0.34574816782,0.441679626068,map_000000288.png
-5.91337694761,0.664514006491,-2.78975187476,-0.0,-0.0,-0.0,-5.95631770447,0.34574816782,0.441679626068,map_000000289.png
-5.91337690974,0.664513963497,-2.78975186199,-0.0,-0.0,-0.0,-5.95631770447,0.34574816782,0.441679626068,map_000000290.png
-5.91337687214,0.664513924051,-2.78975127272,-0.0,-0.0,-0.0,-5.95631770447,0.34574816782,0.441679626068,map_000000291.png
-5.91338665675,0.6645236654,-2.7897574514,-0.0,-0.0,-0.0,-5.95631770447,0.34574816782,0.441679626068,map_000000292.png
-5.91338661898,0.664523622682,-2.78975740791,-0.0,-0.0,-0.0,-5.95631770447,0.34574816782,0.441679626068,map_000000293.png
-5.91338658114,0.664523579764,-2.78975738662,-0.0,-0.0,-0.0,-5.95631770447,0.34574816782,0.441679626068,map_000000294.png
-5.91337672332,0.664513753628,-2.78975147903,-0.0,-0.0,-0.0,-5.95631770447,0.34574816782,0.441679626068,map_000000295.png
-5.91337668538,0.66451370938,-2.7897516725,0.103335671127,-0.0,-0.0,-5.95631770447,0.34574816782,0.441679626068,map_000000296.png
-5.91337664726,0.664513666326,-2.78975162114,0.103335671127,-0.0,-0.0,-5.95631770447,0.34574816782,0.441679626068,map_000000297.png
-5.92312638173,0.661331764862,-2.7896297592,0.401272624731,-0.0962019711733,-0.0,-5.95631770447,0.34574816782,0.441679626068,map_000000298.png
-5.9565941255,0.656868467229,-2.7896139479,0.5,-0.0962019711733,-0.0,-5.95631770447,0.34574816782,0.441679626068,map_000000299.png
-6.00476678488,0.64984361198,-2.78961446553,0.5,-0.0962019711733,-0.0,-5.95631770447,0.34574816782,0.441679626068,map_000000300.png
-6.05700570826,0.641311755689,-2.78960766334,0.5,-0.0962019711733,-0.0,-5.95631770447,0.34574816782,0.441679626068,map_000000301.png
-6.10722576118,0.63309786608,-2.789595043,0.5,-0.0867412313819,-0.0,-5.95631770447,0.34574816782,0.441679626068,map_000000302.png
-6.15945152696,0.624529798433,-2.78958825369,-0.0,-0.0,-0.0,-5.95631770447,0.34574816782,0.441679626068,map_000000303.png
-6.21135117868,0.615073743221,-2.78958117464,-0.0,-0.0,-0.0,-5.95631770447,0.34574816782,0.441679626068,map_000000304.png
-6.21734918813,0.613992450246,-2.78958653832,-0.0,-0.0,-0.0,-5.95631770447,0.34574816782,0.441679626068,map_000000305.png
-6.21734915039,0.613992407532,-2.78958649336,-0.0,-0.0,-0.0,-5.95631770447,0.34574816782,0.441679626068,map_000000306.png
-6.21734911252,0.613992364547,-2.78958647945,-0.0,-0.0,-0.0,-5.95631770447,0.34574816782,0.441679626068,map_000000307.png
-6.21733925457,0.613982536956,-2.78958080607,-0.0,-0.0,-0.0,-5.95631770447,0.34574816782,0.441679626068,map_000000308.png
-6.21733925457,0.613982536956,-2.78958080607,-0.0,-0.0,-0.0,-5.95631770447,0.34574816782,0.441679626068,map_000000309.png
-6.21733921654,0.613982494362,-2.78958068691,-0.0,-0.0,-0.0,-5.95631770447,0.34574816782,0.441679626068,map_000000310.png
-6.21733917866,0.613982449583,-2.78958098198,-0.0,-0.0,-0.0,-5.95631770447,0.34574816782,0.441679626068,map_000000311.png
-6.21734896377,0.61399219531,-2.78958649056,-0.0,-0.0,-0.0,-5.95631770447,0.34574816782,0.441679626068,map_000000312.png
-6.2173489259,0.613992152332,-2.78958647594,-0.0,-0.0,-0.0,-5.95631770447,0.34574816782,0.441679626068,map_000000313.png
-6.21734888812,0.61399210953,-2.78958644084,-0.0,-0.0,-0.0,-5.95631770447,0.34574816782,0.441679626068,map_000000314.png
-6.21733902992,0.613982282087,-2.78958069314,-0.0,-0.0,-0.0,-5.95631770447,0.34574816782,0.441679626068,map_000000315.png
-6.21733899204,0.613982237352,-2.78958097993,-0.0,-0.372852265835,-0.0,-5.95631770447,0.34574816782,0.441679626068,map_000000316.png
-6.21836687338,0.616780866997,-2.78958105989,-0.0,-0.5,-0.0,-5.95631770447,0.34574816782,0.441679626068,map_000000317.png
-6.23172993771,0.653163770502,-2.78958222578,-0.0,-0.5,-0.0,-5.95631770447,0.34574816782,0.441679626068,map_000000318.png
-6.24844472226,0.698655704221,-2.78958913009,-0.0,-0.5,-0.0,-5.95631770447,0.34574816782,0.441679626068,map_000000319.png
-6.26636473041,0.747446217142,-2.78959054112,-0.0,-0.5,-0.0,-5.95631770447,0.34574816782,0.441679626068,map_000000320.png
-6.28425264559,0.766754298168,-2.79120056615,-0.0,-0.0,-0.0,-5.95631770447,0.34574816782,0.441679626068,map_000000321.png
-6.29588228705,0.764766812036,-2.79310503596,-0.0,-0.0,-0.0,-5.95631770447,0.34574816782,0.441679626068,map_000000322.png
-6.29590338843,0.76499087639,-2.79326021298,-0.0,-0.0,-0.0,-5.95631770447,0.34574816782,0.441679626068,map_000000323.png
-6.29589423366,0.765000006034,-2.79326287683,-0.0,-0.0,-0.0,-5.95631770447,0.34574816782,0.441679626068,map_000000324.png
-6.2959034252,0.764990850297,-2.79326029816,-0.0,-0.0,-0.0,-5.95631770447,0.34574816782,0.441679626068,map_000000325.png
-6.29589426015,0.764999984691,-2.79326285131,-0.0,-0.0,-0.0,-5.95631770447,0.34574816782,0.441679626068,map_000000326.png
-6.29589428917,0.764999960381,-2.79326283402,-0.0,-0.0,-0.0,-5.95631770447,0.34574816782,0.441679626068,map_000000327.png
-6.29589428645,0.764999962758,-2.79326288735,-0.0,-0.0,-0.0,-5.95631770447,0.34574816782,0.441679626068,map_000000328.png
-6.29589431534,0.764999938083,-2.79326291056,-0.0,-0.0,-0.0,-5.95631770447,0.34574816782,0.441679626068,map_000000329.png
-6.2959034919,0.764990795148,-2.79326034859,0.356353193521,-0.0,-0.0,-5.95631770447,0.34574816782,0.441679626068,map_000000330.png
-6.29589434166,0.764999916212,-2.79326293966,0.356353193521,-0.0,-0.0,-5.95631770447,0.34574816782,0.441679626068,map_000000331.png
-6.32536529791,0.754292087013,-2.79325801595,0.5,-0.0299958791584,-0.0,-5.95631770447,0.34574816782,0.441679626068,map_000000332.png
-6.37062769424,0.740157815825,-2.79325724383,0.5,-0.0299958791584,-0.0,-5.95631770447,0.34574816782,0.441679626068,map_000000333.png
-6.41863499637,0.725908112001,-2.793250932,0.5,-0.0299958791584,-0.0,-5.95631770447,0.34574816782,0.441679626068,map_000000334.png
-6.46854322715,0.711107029298,-2.7932498775,0.5,-0.0299958791584,-0.0,-5.95631770447,0.34574816782,0.441679626068,map_000000335.png
-6.51846119089,0.696296441876,-2.79324594114,0.5,-0.0299958791584,-0.0,-5.95631770447,0.34574816782,0.441679626068,map_000000336.png
-6.56838791779,0.681476665234,-2.79323963003,0.5,-0.0299958791584,-0.0,-5.95631770447,0.34574816782,0.441679626068,map_000000337.png
-6.61637640082,0.667244566245,-2.79323860066,0.5,-0.0299958791584,-0.0,-5.95631770447,0.34574816782,0.441679626068,map_000000338.png
-6.66630301829,0.652424421869,-2.79323226723,0.5,-0.0299958791584,-0.0,-5.95631770447,0.34574816782,0.441679626068,map_000000339.png
-6.71621097249,0.637622408628,-2.79323120817,0.148255109787,-0.0110744042322,-0.0,-5.95631770447,0.34574816782,0.441679626068,map_000000340.png
-6.75074117806,0.627461021446,-2.79322602656,-0.0,-0.0,-0.0,-5.95631770447,0.34574816782,0.441679626068,map_000000341.png
-6.7621768253,0.624255775476,-2.79322780329,-0.0,-0.0,-0.0,-5.95631770447,0.34574816782,0.441679626068,map_000000342.png
-6.76217685427,0.624255751115,-2.7932277933,-0.0,-0.0,-0.0,-5.95631770447,0.34574816782,0.441679626068,map_000000343.png
-6.76217685157,0.624255753525,-2.79322784267,-0.0,-0.0,-0.0,-5.95631770447,0.34574816782,0.441679626068,map_000000344.png
-6.76217688061,0.624255729273,-2.79322781914,-0.0,-0.0,-0.0,-5.95631770447,0.34574816782,0.441679626068,map_000000345.png
-6.76218605696,0.62424658593,-2.79322530776,-0.0,-0.0,-0.0,-5.95631770447,0.34574816782,0.441679626068,map_000000346.png
-6.76217690673,0.624255706837,-2.79322791124,-0.0,-0.0,-0.0,-5.95631770447,0.34574816782,0.441679626068,map_000000347.png
-6.76217690673,0.624255706837,-2.79322791124,-0.0,-0.0,-0.0,-5.95631770447,0.34574816782,0.441679626068,map_000000348.png
-6.76218608328,0.624246564023,-2.79322534012,0.0182081051171,0.273133039474,-0.0,-5.95631770447,0.34574816782,0.441679626068,map_000000349.png
-6.76095958916,0.620050820604,-2.79322783313,0.0371295809746,0.5,-0.0,-5.95631770447,0.34574816782,0.441679626068,map_000000350.png
-6.75336010322,0.593759960736,-2.79322539604,0.0371295809746,0.5,-0.0,-5.95631770447,0.34574816782,0.441679626068,map_000000351.png
-6.73971352496,0.545355553345,-2.79322724064,-0.0,0.5,-0.0,-5.95631770447,0.34574816782,0.441679626068,map_000000352.png
-6.72280831843,0.496198265604,-2.79322705515,-0.0,0.5,-0.0,-5.95631770447,0.34574816782,0.441679626068,map_000000353.png
-6.70507517096,0.447336215713,-2.79322484317,-0.0,0.5,-0.0,-5.95631770447,0.34574816782,0.441679626068,map_000000354.png
-6.68800610754,0.400371377687,-2.79322677941,-0.0,0.5,-0.0,-5.95631770447,0.34574816782,0.441679626068,map_000000355.png
-6.67027294534,0.351509332025,-2.79322456362,-0.0,0.5,-0.0,-5.95631770447,0.34574816782,0.441679626068,map_000000356.png
-6.65252156705,0.302665856884,-2.79322639249,-0.0,0.5,-0.0,-5.95631770447,0.34574816782,0.441679626068,map_000000357.png
-6.63547069159,0.255682460835,-2.79322427677,-0.0,0.5,-0.0,-5.95631770447,0.34574816782,0.441679626068,map_000000358.png
-6.61771929862,0.206838990601,-2.79322609592,-0.0,0.5,-0.0,-5.95631770447,0.34574816782,0.441679626068,map_000000359.png
-6.59997685976,0.157985766138,-2.7932260125,-0.0,0.5,-0.0,-5.95631770447,0.34574816782,0.441679626068,map_000000360.png
-6.58291700156,0.111012133606,-2.79322582614,-0.0,-0.0,-0.0,-5.95631770447,0.34574816782,0.441679626068,map_000000361.png
-6.57063385054,0.0771908766724,-2.79322569854,-0.0,-0.0,-0.0,-5.95631770447,0.34574816782,0.441679626068,map_000000362.png
-6.57064302706,0.0771817337203,-2.79322314221,-0.0,-0.0,-0.0,-5.95631770447,0.34574816782,0.441679626068,map_000000363.png
-6.57063387685,0.0771908548182,-2.79322572842,-0.0,-0.0,-0.0,-5.95631770447,0.34574816782,0.441679626068,map_000000364.png
-6.57064305315,0.0771817115627,-2.79322321369,-0.0,-0.0,-0.0,-5.95631770447,0.34574816782,0.441679626068,map_000000365.png
-6.57063388817,0.0771908458922,-2.79322576627,-0.0,-0.0,-0.0,-5.95631770447,0.34574816782,0.441679626068,map_000000366.png
-6.57064307949,0.077181689707,-2.79322324032,-0.0,-0.0,-0.0,-5.95631770447,0.34574816782,0.441679626068,map_000000367.png
-6.57063391445,0.0771908239042,-2.79322580816,-0.0,-0.0,-0.0,-5.95631770447,0.34574816782,0.441679626068,map_000000368.png
-6.57063394333,0.0771907992206,-2.79322583246,-0.0,-0.0,-0.0,-5.95631770447,0.34574816782,0.441679626068,map_000000369.png
-6.57063394069,0.0771908017851,-2.79322586461,-0.0,-0.0,-0.0,-5.95631770447,0.34574816782,0.441679626068,map_000000370.png
-6.57063396968,0.0771907774185,-2.79322585401,-0.0,-0.0,-0.0,-5.95631770447,0.34574816782,0.441679626068,map_000000371.png
-6.57064314609,0.0771816343355,-2.79322331676,-0.0,-0.0,-0.0,-5.95631770447,0.34574816782,0.441679626068,map_000000372.png
-6.57063398101,0.077190768494,-2.79322589157,-0.0,-0.0,-0.0,-5.95631770447,0.34574816782,0.441679626068,map_000000373.png
-6.57064317233,0.0771816123207,-2.79322336441,-0.0,-0.0,-0.553247153759,-5.95631770447,0.34574816782,0.441679626068,map_000000374.png
-6.5705780889,0.0770334002583,-2.81063463789,-0.0,-0.0,-1.0,-5.95631770447,0.34574816782,0.441679626068,map_000000375.png
-6.57039761214,0.0764510547711,-2.87424224313,-0.0,-0.0,-1.0,-5.95631770447,0.34574816782,0.441679626068,map_000000376.png
-6.57019482043,0.0755488110327,-2.97258477884,-0.0,-0.0,-1.0,-5.95631770447,0.34574816782,0.441679626068,map_000000377.png
-6.57007606333,0.0745928002689,-3.07486001856,-0.0,-0.0,-1.0,-5.95631770447,0.34574816782,0.441679626068,map_000000378.png
-6.57005598682,0.0735771719379,3.10607100884,-0.0,-0.0,-1.0,-5.95631770447,0.34574816782,0.441679626068,map_000000379.png
-6.57013350831,0.0726526311634,3.00772501441,-0.0,-0.0,-1.0,-5.95631770447,0.34574816782,0.441679626068,map_000000380.png
-6.57030453524,0.0716917848607,2.90545038742,-0.0,-0.0,-1.0,-5.95631770447,0.34574816782,0.441679626068,map_000000381.png
-6.57056709102,0.0707599514723,2.80317140207,-0.0,-0.0,-1.0,-5.95631770447,0.34574816782,0.441679626068,map_000000382.png
-6.57092791183,0.0698673807209,2.70484122504,-0.0,-0.0,-1.0,-5.95631770447,0.34574816782,0.441679626068,map_000000383.png
-6.57092791183,0.0698673807209,2.70484122504,-0.0,-0.0,-1.0,-5.95631770447,0.34574816782,0.441679626068,map_000000384.png
-6.57138541268,0.068999747983,2.6025678168,-0.0,-0.0,-1.0,-5.95631770447,0.34574816782,0.441679626068,map_000000385.png
-6.57193344495,0.0681807045051,2.50029643745,-0.0,-0.0,-1.0,-5.95631770447,0.34574816782,0.441679626068,map_000000386.png
-6.57251369795,0.0674705901833,2.40194438019,-0.0,-0.0,-1.0,-5.95631770447,0.34574816782,0.441679626068,map_000000387.png
-6.57320808023,0.0667777591068,2.29967091088,-0.0,-0.0,-1.0,-5.95631770447,0.34574816782,0.441679626068,map_000000388.png
-6.57397247905,0.0661566264533,2.19739961407,-0.0,-0.0,-1.0,-5.95631770447,0.34574816782,0.441679626068,map_000000389.png
-6.5747772772,0.065628405683,2.09906947143,-0.0,-0.0,-1.0,-5.95631770447,0.34574816782,0.441679626068,map_000000390.png
-6.57564877816,0.0651746540058,1.99679745868,-0.0,-0.0,-1.0,-5.95631770447,0.34574816782,0.441679626068,map_000000391.png
-6.5765578768,0.0648159326551,1.8945234375,-0.0,-0.0,-1.0,-5.95631770447,0.34574816782,0.441679626068,map_000000392.png
-6.57750599195,0.0645451616304,1.7922537467,-0.0,-0.0,-1.0,-5.95631770447,0.34574816782,0.441679626068,map_000000393.png
-6.57842829563,0.0643710618846,1.69391306473,-0.0,-0.0,-1.0,-5.95631770447,0.34574816782,0.441679626068,map_000000394.png
-6.57941039807,0.0642770977145,1.5916455416,-0.0,-0.0,-1.0,-5.95631770447,0.34574816782,0.441679626068,map_000000395.png
-6.58040933597,0.0643198190434,1.48938160647,-0.0,-0.0,-1.0,-5.95631770447,0.34574816782,0.441679626068,map_000000396.png
-6.5813412929,0.0644359695667,1.39104087023,-0.0,-0.0,-1.0,-5.95631770447,0.34574816782,0.441679626068,map_000000397.png
-6.58228636902,0.0646464810522,1.28876224839,-0.0,-0.0,-1.0,-5.95631770447,0.34574816782,0.441679626068,map_000000398.png
-6.58321279381,0.0649629774644,1.18648823382,-0.0,-0.0,-1.0,-5.95631770447,0.34574816782,0.441679626068,map_000000399.png
-6.58405820339,0.065359091474,1.08814386833,-0.0,-0.0,-1.0,-5.95631770447,0.34574816782,0.441679626068,map_000000400.png
-6.58490436842,0.0658479368834,0.985868691178,-0.0,-0.0,-1.0,-5.95631770447,0.34574816782,0.441679626068,map_000000401.png
-6.58569788959,0.0664294195371,0.883596719989,-0.0,-0.0,-1.0,-5.95631770447,0.34574816782,0.441679626068,map_000000402.png
-6.58641153372,0.0670716040913,0.785264895383,-0.0,-0.0,-1.0,-5.95631770447,0.34574816782,0.441679626068,map_000000403.png
-6.58707140571,0.0677994164131,0.682992265187,-0.0,-0.0,-1.0,-5.95631770447,0.34574816782,0.441679626068,map_000000404.png
-6.58764984055,0.0685868284143,0.580717438566,-0.0,-0.0,-1.0,-5.95631770447,0.34574816782,0.441679626068,map_000000405.png
-6.58813385015,0.0693844277959,0.482372793449,-0.0,-0.0,-1.0,-5.95631770447,0.34574816782,0.441679626068,map_000000406.png
-6.58853935396,0.0702758621683,0.380099170188,-0.0,-0.0,-1.0,-5.95631770447,0.34574816782,0.441679626068,map_000000407.png
-6.58886345919,0.0712052553092,0.277828040768,-0.0,-0.0,-1.0,-5.95631770447,0.34574816782,0.441679626068,map_000000408.png
-6.58908811676,0.0721450465188,0.179500759295,-0.0,-0.0,-0.0,-5.95631770447,0.34574816782,0.441679626068,map_000000409.png
-6.58922194673,0.0731232813888,0.0772327640454,-0.0,-0.0,-0.0,-5.95631770447,0.34574816782,0.441679626068,map_000000410.png
-6.58924054872,0.0731921103647,0.0693631427633,-0.0,-0.0,-0.0,-5.95631770447,0.34574816782,0.441679626068,map_000000411.png
-6.58923066601,0.0732019845106,0.0693674330221,-0.0,-0.0,-0.0,-5.95631770447,0.34574816782,0.441679626068,map_000000412.png
-6.58922131584,0.0731926818546,0.0693629775503,-0.0,-0.0,-0.0,-5.95631770447,0.34574816782,0.441679626068,map_000000413.png
-6.58923060262,0.0732019662697,0.0693675013675,0.0394947677851,-0.0,-0.0,-5.95631770447,0.34574816782,0.441679626068,map_000000414.png
-6.58796846853,0.0732913734255,0.0693683469282,0.119891963899,-0.0,-0.0,-5.95631770447,0.34574816782,0.441679626068,map_000000415.png
-6.58307016763,0.0736299834359,0.0693672963675,0.5,-0.143486589193,-0.0,-5.95631770447,0.34574816782,0.441679626068,map_000000416.png
-6.57063695324,0.074493777894,0.0693667211666,0.5,-0.143486589193,-0.0,-5.95631770447,0.34574816782,0.441679626068,map_000000417.png
-6.52087341451,0.0641403603647,0.0693600049833,0.5,-0.155312508345,-0.0,-5.95631770447,0.34574816782,0.441679626068,map_000000418.png
-6.46994801145,0.0524119279212,0.0693634770278,0.5,-0.164773240685,-0.0,-5.95631770447,0.34574816782,0.441679626068,map_000000419.png
-6.46994801145,0.0524119279212,0.0693634770278,0.5,-0.164773240685,-0.0,-5.95631770447,0.34574816782,0.441679626068,map_000000420.png
-6.41693366292,0.039368451901,0.0693552875187,0.5,-0.164773240685,-0.0,-5.95631770447,0.34574816782,0.441679626068,map_000000421.png
-6.36390493355,0.0258924554448,0.0693573390002,0.5,-0.164773240685,-0.0,-5.95631770447,0.34574816782,0.441679626068,map_000000422.png
-6.31291611452,0.0129156826634,0.0693501858405,0.5,-0.164773240685,-0.0,-5.95631770447,0.34574816782,0.441679626068,map_000000423.png
-6.25986796199,-0.000560039325596,0.0693527330003,0.365813940763,-0.150582134724,-0.0,-5.95631770447,0.34574816782,0.441679626068,map_000000424.png
-6.22300311192,-0.0141575033994,0.0692935403045,0.365813940763,-0.150582134724,-0.0,-5.95631770447,0.34574816782,0.441679626068,map_000000425.png
-6.22451566809,-0.0286738025668,0.0692396091555,0.304319143295,-0.150582134724,-0.0,-5.95631770447,0.34574816782,0.441679626068,map_000000426.png
-6.22249680708,-0.0458938974621,0.0693313941454,-0.0,-0.0,0.336985379457,-5.95631770447,0.34574816782,0.441679626068,map_000000427.png
-6.22047082023,-0.0561222218668,0.085375062191,-0.0,-0.0,1.0,-5.95631770447,0.34574816782,0.441679626068,map_000000428.png
-6.22013000564,-0.0566075260954,0.14071188541,-0.0,-0.0,1.0,-5.95631770447,0.34574816782,0.441679626068,map_000000429.png
-6.21995864666,-0.0575605338895,0.239040280404,-0.0,-0.0,1.0,-5.95631770447,0.34574816782,0.441679626068,map_000000430.png
-6.2197139817,-0.0585117136541,0.341310393375,-0.0,-0.0,1.0,-5.95631770447,0.34574816782,0.441679626068,map_000000431.png
-6.21950594885,-0.0594584668847,0.443579067638,-0.0,-0.0,1.0,-5.95631770447,0.34574816782,0.441679626068,map_000000432.png
-6.21929004795,-0.060362379453,0.541904677184,-0.0,-0.0,1.0,-5.95631770447,0.34574816782,0.441679626068,map_000000433.png
-6.21907822901,-0.0612567082973,0.644168009898,-0.0,-0.0,-0.0,-5.95631770447,0.34574816782,0.441679626068,map_000000434.png
-6.21894305139,-0.0618241963585,0.707076507584,-0.0,-0.0,-0.0,-5.95631770447,0.34574816782,0.441679626068,map_000000435.png
-6.21894305794,-0.0618242009224,0.707076317317,-0.0,-0.0,-0.0,-5.95631770447,0.34574816782,0.441679626068,map_000000436.png
-6.21895265001,-0.0618146264881,0.707082795264,-0.0,-0.0,-0.0,-5.95631770447,0.34574816782,0.441679626068,map_000000437.png
-6.21896229552,-0.0618049943301,0.707089025677,-0.0,-0.0,-0.0,-5.95631770447,0.34574816782,0.441679626068,map_000000438.png
-6.21896229286,-0.0618050066385,0.707088977105,-0.0,-0.0,-0.0,-5.95631770447,0.34574816782,0.441679626068,map_000000439.png
-6.21895012436,-0.0618171753943,0.707081091743,0.479304641485,-0.0701849386096,-0.0,-5.95631770447,0.34574816782,0.441679626068,map_000000440.png
-6.2207735219,-0.0541374527108,0.706488549153,0.5,-0.235709711909,-0.0,-5.95631770447,0.34574816782,0.441679626068,map_000000441.png
-6.22128278922,-0.0387103269494,0.705113213391,0.5,-0.235709711909,-0.0,-5.95631770447,0.34574816782,0.441679626068,map_000000442.png
-6.22260116387,-0.0300779070672,0.703315396546,0.5,-0.235709711909,-0.0,-5.95631770447,0.34574816782,0.441679626068,map_000000443.png
-6.22370745269,-0.019014628264,0.701443727634,0.5,-0.235709711909,-0.0,-5.95631770447,0.34574816782,0.441679626068,map_000000444.png
-6.22647096649,-0.00561309980584,0.699513405892,0.5,-0.235709711909,-0.0,-5.95631770447,0.34574816782,0.441679626068,map_000000445.png
-6.22685694603,0.00909319207095,0.697564666076,0.5,-0.235709711909,-0.0,-5.95631770447,0.34574816782,0.441679626068,map_000000446.png
-6.22671982712,0.0254260056972,0.695595536854,0.5,-0.235709711909,-0.0,-5.95631770447,0.34574816782,0.441679626068,map_000000447.png
-6.22474316709,0.0460285728364,0.693536654659,0.5,-0.235709711909,-0.0,-5.95631770447,0.34574816782,0.441679626068,map_000000448.png
-6.21812703283,0.0686422403496,0.690155481358,0.5,-0.235709711909,-0.0,-5.95631770447,0.34574816782,0.441679626068,map_000000449.png
-6.2086572028,0.0959896788441,0.685889696396,0.5,-0.254631191492,-0.0,-5.95631770447,0.34574816782,0.441679626068,map_000000450.png
-6.19780439057,0.122653712157,0.680949495795,0.5,-0.254631191492,-0.0,-5.95631770447,0.34574816782,0.441679626068,map_000000451.png
-6.18367781971,0.143319951805,0.678390533939,0.5,-0.254631191492,-0.0,-5.95631770447,0.34574816782,0.441679626068,map_000000452.png
-6.16602909491,0.165090813189,0.675980726679,0.5,-0.254631191492,-0.0,-5.95631770447,0.34574816782,0.441679626068,map_000000453.png
-6.14489063134,0.1852878939,0.673911825228,0.5,-0.254631191492,-0.0,-5.95631770447,0.34574816782,0.441679626068,map_000000454.png
-6.12217302729,0.202534470639,0.670750125986,0.5,-0.254631191492,-0.0,-5.95631770447,0.34574816782,0.441679626068,map_000000455.png
-6.0961434631,0.217021012471,0.668369865763,0.5,-0.273552656174,-0.0,-5.95631770447,0.34574816782,0.441679626068,map_000000456.png
-6.06731835998,0.227966679655,0.666264515191,0.5,-0.273552656174,-0.0,-5.95631770447,0.34574816782,0.441679626068,map_000000457.png
-6.04093098558,0.235199423916,0.664337425896,0.5,-0.292455047369,-0.0,-5.95631770447,0.34574816782,0.441679626068,map_000000458.png
-6.04093098558,0.235199423916,0.664337425896,0.5,-0.301915794611,-0.0,-5.95631770447,0.34574816782,0.441679626068,map_000000459.png
-6.01116320274,0.239729312621,0.662239557108,0.5,-0.301915794611,-0.0,-5.95631770447,0.34574816782,0.441679626068,map_000000460.png
-5.98003110237,0.243447300858,0.660209852236,0.330336153507,-0.24280525744,-0.0,-5.95631770447,0.34574816782,0.441679626068,map_000000461.png
-5.95523858835,0.244605120249,0.658808245187,0.271225631237,-0.19788582623,-0.0,-5.95631770447,0.34574816782,0.441679626068,map_000000462.png
-5.93458148373,0.24315955359,0.658271711035,0.394177079201,-0.110393077135,-0.0,-5.95631770447,0.34574816782,0.441679626068,map_000000463.png
-5.91687674842,0.242230656697,0.657582764434,0.35398799181,-0.103297524154,-0.0,-5.95631770447,0.34574816782,0.441679626068,map_000000464.png
-5.89828262585,0.254270183669,0.655365624763,0.35398799181,-0.103297524154,-0.0,-5.95631770447,0.34574816782,0.441679626068,map_000000465.png
-5.87988112765,0.265629977502,0.653087919285,-0.0,-0.0,-0.0,-5.95631770447,0.34574816782,0.441679626068,map_000000466.png

