-1.97750528493,2.10638843462,1.0691294158,-0.0,-0.0,-0.0,2.63859886279,0.603618695195,0.676464227244,map_000000060.png
-1.97751474375,2.10639792677,1.06913552232,-0.0,-0.0347262471914,-0.0,2.63859886279,0.603618695195,0.676464227244,map_000000061.png
-1.9773806963,2.10631883453,1.0691277143,-0.0,-0.339758753777,-0.0,2.63859886279,0.603618695195,0.676464227244,map_000000062.png
-1.9743372195,2.10464958219,1.06912748477,-0.0,-0.339758753777,-0.0,2.63859886279,0.603618695195,0.676464227244,map_000000063.png
-1.94871896678,2.09059999545,1.06912731333,-0.0,-0.5,-0.0,2.63859886279,0.603618695195,0.676464227244,map_000000064.png
-1.90819140871,2.06836727008,1.069118083,-0.0,-0.5,-0.0,2.63859886279,0.603618695195,0.676464227244,map_000000065.png
-1.86437077678,2.04433261081,1.06911483598,-0.0,-0.5,-0.0,2.63859886279,0.603618695195,0.676464227244,map_000000066.png
-1.81880722375,2.01934618138,1.0691173619,-0.0,-0.5,-0.0,2.63859886279,0.603618695195,0.676464227244,map_000000067.png
-1.77324326797,1.99435925502,1.06912031195,-0.0,-0.5,-0.0,2.63859886279,0.603618695195,0.676464227244,map_000000068.png
-1.72942288458,1.9703241462,1.0691166786,-0.0,-0.5,-0.0,2.63859886279,0.603618695195,0.676464227244,map_000000069.png
-1.68383732814,1.94531510499,1.06910554934,-0.0,-0.5,-0.0,2.63859886279,0.603618695195,0.676464227244,map_000000070.png
-1.63826749254,1.92032129191,1.0691039369,-0.0,-0.5,-0.0,2.63859886279,0.603618695195,0.676464227244,map_000000071.png
-1.59444735164,1.89628573651,1.06910068965,-0.0,-0.5,-0.0,2.63859886279,0.603618695195,0.676464227244,map_000000072.png
-1.54886458844,1.87127876215,1.06909088179,-0.0,-0.5,-0.0,2.63859886279,0.603618695195,0.676464227244,map_000000073.png
-1.50330163103,1.84629124573,1.06909351449,-0.0,-0.5,-0.0,2.63859886279,0.603618695195,0.676464227244,map_000000074.png
-1.45948173719,1.8222552442,1.06909007957,-0.0,-0.5,-0.0,2.63859886279,0.603618695195,0.676464227244,map_000000075.png
-1.4139184619,1.79726707758,1.06909292062,-0.0,-0.5,-0.0,2.63859886279,0.603618695195,0.676464227244,map_000000076.png
-1.36833350287,1.7722569479,1.0690816791,-0.0,-0.5,-0.0,2.63859886279,0.603618695195,0.676464227244,map_000000077.png
-1.32451385431,1.74822049595,1.06907837973,-0.0,-0.5,-0.0,2.63859886279,0.603618695195,0.676464227244,map_000000078.png
-1.27894469972,1.72322544317,1.06907670773,-0.0,-0.5,-0.0,2.63859886279,0.603618695195,0.676464227244,map_000000079.png
-1.23336253383,1.6982173791,1.06906684341,-0.0,-0.5,-0.0,2.63859886279,0.603618695195,0.676464227244,map_000000080.png
-1.18954312977,1.67418047996,1.06906381521,-0.0,-0.5,-0.0,2.63859886279,0.603618695195,0.676464227244,map_000000081.png
-1.14398085256,1.64919172495,1.06906627558,-0.0,-0.5,-0.0,2.63859886279,0.603618695195,0.676464227244,map_000000082.png
-1.09841817445,1.62420247048,1.06906904559,-0.0,-0.5,-0.0,2.63859886279,0.603618695195,0.676464227244,map_000000083.png
-1.05459901746,1.60016512373,1.06906572356,-0.0,-0.5,-0.0,2.63859886279,0.603618695195,0.676464227244,map_000000084.png
-1.01077993917,1.57612763207,1.06906241781,-0.0,-0.5,-0.0,2.63859886279,0.603618695195,0.676464227244,map_000000085.png
-1.01077993917,1.57612763207,1.06906241781,-0.0,-0.5,-0.0,2.63859886279,0.603618695195,0.676464227244,map_000000086.png
-0.965195743099,1.55111611304,1.06905114301,-0.0,-0.5,-0.0,2.63859886279,0.603618695195,0.676464227244,map_000000087.png
-0.921376827585,1.52707832458,1.06904784265,-0.0,-0.5,-0.0,2.63859886279,0.603618695195,0.676464227244,map_000000088.png
-0.875808434989,1.50208187995,1.06904628988,-0.0,-0.5,-0.0,2.63859886279,0.603618695195,0.676464227244,map_000000089.png
-0.830227030706,1.47707242708,1.06903660246,-0.0,-0.5,-0.0,2.63859886279,0.603618695195,0.676464227244,map_000000090.png
-0.786408361155,1.45303419315,1.06903302917,-0.0,-0.5,-0.0,2.63859886279,0.603618695195,0.676464227244,map_000000091.png
-0.740846846079,1.42804404526,1.06903583259,-0.0,-0.5,-0.0,2.63859886279,0.603618695195,0.676464227244,map_000000092.png
-0.695284930661,1.40305340168,1.06903865634,-0.0,-0.5,-0.0,2.63859886279,0.603618695195,0.676464227244,map_000000093.png
-0.651466506509,1.37901471913,1.06903518209,-0.0,-0.5,-0.0,2.63859886279,0.603618695195,0.676464227244,map_000000094.png
-0.605882989726,1.3540019596,1.0690240266,-0.0,-0.5,-0.0,2.63859886279,0.603618695195,0.676464227244,map_000000095.png
-0.560315193314,1.32900442879,1.06902243641,-0.0,-0.5,-0.0,2.63859886279,0.603618695195,0.676464227244,map_000000096.png
-0.51649701587,1.30496529939,1.06901892655,-0.0,-0.5,-0.0,2.63859886279,0.603618695195,0.676464227244,map_000000097.png
-0.47091629116,1.27995460674,1.06900914559,-0.0,-0.5,-0.0,2.63859886279,0.603618695195,0.676464227244,map_000000098.png
-0.425355372775,1.25496337163,1.06901194671,-0.0,-0.5,-0.0,2.63859886279,0.603618695195,0.676464227244,map_000000099.png
-0.38153744022,1.23092379192,1.06900863341,-0.0,-0.5,-0.0,2.63859886279,0.603618695195,0.676464227244,map_000000100.png
-0.33597620469,1.20593190912,1.06901142805,-0.0,-0.5,-0.0,2.63859886279,0.603618695195,0.676464227244,map_000000101.png
-0.290393285365,1.18091806135,1.06900012542,-0.0,-0.5,-0.0,2.63859886279,0.603618695195,0.676464227244,map_000000102.png
-0.246575597455,1.15687803611,1.06899679878,-0.0,-0.5,-0.0,2.63859886279,0.603618695195,0.676464227244,map_000000103.png
-0.201008481773,1.13187926587,1.06899515181,-0.0,-0.5,-0.0,2.63859886279,0.603618695195,0.676464227244,map_000000104.png
-0.155428354242,1.10686748645,1.06898529244,-0.0,-0.5,-0.0,2.63859886279,0.603618695195,0.676464227244,map_000000105.png
-0.111610911437,1.08282701302,1.06898220873,-0.0,-0.5,-0.0,2.63859886279,0.603618695195,0.676464227244,map_000000106.png
-0.0660506735406,1.0578345383,1.06898478147,-0.0,-0.5,-0.0,2.63859886279,0.603618695195,0.676464227244,map_000000107.png
-0.0204900361173,1.03284156647,1.06898751393,-0.0,-0.5,-0.0,2.63859886279,0.603618695195,0.676464227244,map_000000108.png
0.0233271607545,1.00880064502,1.06898425903,-0.0,-0.5,-0.0,2.63859886279,0.603618695195,0.676464227244,map_000000109.png
0.0689094002651,0.983785559369,1.06897294493,-0.0,-0.5,-0.0,2.63859886279,0.603618695195,0.676464227244,map_000000110.png
0.114475919519,0.958785700355,1.06897139036,-0.0,-0.5,-0.0,2.63859886279,0.603618695195,0.676464227244,map_000000111.png
0.158292871016,0.934744334001,1.06896798993,-0.0,-0.5,-0.0,2.63859886279,0.603618695195,0.676464227244,map_000000112.png
0.203872318938,0.909731315475,1.06895819191,-0.0,-0.5,-0.0,2.63859886279,0.603618695195,0.676464227244,map_000000113.png
0.249431960555,0.884737754728,1.06896082993,-0.0,-0.5,-0.0,2.63859886279,0.603618695195,0.676464227244,map_000000114.png
0.29324866584,0.860695937028,1.06895758167,-0.0,-0.5,-0.0,2.63859886279,0.603618695195,0.676464227244,map_000000115.png
0.338808623678,0.835701726223,1.06896026603,-0.0,-0.5,-0.0,2.63859886279,0.603618695195,0.676464227244,map_000000116.png
0.384390265795,0.810685552285,1.06894899143,-0.0,-0.5,-0.0,2.63859886279,0.603618695195,0.676464227244,map_000000117.png
0.428206726355,0.786643288022,1.06894575141,-0.0,-0.5,-0.0,2.63859886279,0.603618695195,0.676464227244,map_000000118.png
0.473772566849,0.761642190946,1.06894421887,-0.0,-0.5,-0.0,2.63859886279,0.603618695195,0.676464227244,map_000000119.png
0.519351415392,0.736628083766,1.06893416171,-0.0,-0.5,-0.0,2.63859886279,0.603618695195,0.676464227244,map_000000120.png
0.563167631227,0.712585373831,1.06893105201,-0.0,-0.5,-0.0,2.63859886279,0.603618695195,0.676464227244,map_000000121.png
0.608726592767,0.687590572533,1.06893372655,-0.0,-0.5,-0.0,2.63859886279,0.603618695195,0.676464227244,map_000000122.png
0.654285953775,0.662595273737,1.06893649241,-0.0,-0.5,-0.0,2.63859886279,0.603618695195,0.676464227244,map_000000123.png
0.698101921474,0.638552114615,1.06893302928,-0.0,-0.5,-0.0,2.63859886279,0.603618695195,0.676464227244,map_000000124.png
0.741917811483,0.614508811073,1.06892979099,-0.0,-0.5,-0.0,2.63859886279,0.603618695195,0.676464227244,map_000000125.png
0.78749869097,0.589491246321,1.06891852507,-0.0,-0.5,-0.0,2.63859886279,0.603618695195,0.676464227244,map_000000126.png
0.78749869097,0.589491246321,1.06891852507,-0.0,-0.5,-0.0,2.63859886279,0.603618695195,0.676464227244,map_000000127.png
0.831314418006,0.565447646345,1.06891522564,-0.0,-0.5,-0.0,2.63859886279,0.603618695195,0.676464227244,map_000000128.png
0.876879496188,0.540445159624,1.06891371318,-0.0,-0.5,-0.0,2.63859886279,0.603618695195,0.676464227244,map_000000129.png
0.922457583213,0.515429663614,1.06890374178,-0.0,-0.5,-0.0,2.63859886279,0.603618695195,0.676464227244,map_000000130.png
0.966273063378,0.491385615579,1.0689002592,-0.0,-0.5,-0.0,2.63859886279,0.603618695195,0.676464227244,map_000000131.png
1.01183126209,0.466389423606,1.06890316226,0.046590320766,-0.249900817871,-0.0,2.63859886279,0.603618695195,0.676464227244,map_000000132.png
1.04951953208,0.447836604952,1.06890660672,-0.0,-0.0,-0.0,2.63859886279,0.603618695195,0.676464227244,map_000000133.png
1.06979675971,0.441171410134,1.06890502365,-0.0,-0.0,-0.0,2.63859886279,0.603618695195,0.676464227244,map_000000134.png
1.06980905824,0.441159091663,1.06889721238,-0.0,-0.0,-0.0,2.63859886279,0.603618695195,0.676464227244,map_000000135.png
1.06980623419,0.441161923362,1.06889919078,-0.0,-0.0,-0.0,2.63859886279,0.603618695195,0.676464227244,map_000000136.png
1.0698062492,0.441161916354,1.06889908763,-0.0,-0.0,-0.0,2.63859886279,0.603618695195,0.676464227244,map_000000137.png
1.06981602332,0.441152133883,1.06889273219,-0.0,-0.0,-0.0,2.63859886279,0.603618695195,0.676464227244,map_000000138.png
1.06980631815,0.441161870821,1.06889902713,-0.0,-0.0,-0.0,2.63859886279,0.603618695195,0.676464227244,map_000000139.png
1.06980633492,0.441161862879,1.06889913149,-0.0,-0.0,-0.0,2.63859886279,0.603618695195,0.676464227244,map_000000140.png
1.0697968741,0.441171355942,1.06890498039,-0.0,-0.00870921928436,-0.0,2.63859886279,0.603618695195,0.676464227244,map_000000141.png
1.06980917294,0.441159037509,1.06889726445,-0.0,-0.00870921928436,-0.0,2.63859886279,0.603618695195,0.676464227244,map_000000142.png
1.0704808043,0.440790468782,1.06889725945,-0.0,-0.5,-0.0,2.63859886279,0.603618695195,0.676464227244,map_000000143.png
1.10226910243,0.42334728289,1.06889704076,-0.0,-0.5,-0.0,2.63859886279,0.603618695195,0.676464227244,map_000000144.png
1.14784677042,0.398331024761,1.06888688982,-0.0,-0.5,-0.0,2.63859886279,0.603618695195,0.676464227244,map_000000145.png
1.19166185034,0.374286245097,1.06888379267,-0.0,-0.5,-0.0,2.63859886279,0.603618695195,0.676464227244,map_000000146.png
1.23721963161,0.34928929271,1.06888652186,-0.0,-0.5,-0.0,2.63859886279,0.603618695195,0.676464227244,map_000000147.png
1.28277781263,0.324291844583,1.06888927176,-0.0,-0.5,-0.0,2.63859886279,0.603618695195,0.676464227244,map_000000148.png
1.32659264533,0.300246616402,1.06888585332,-0.0,-0.5,-0.0,2.63859886279,0.603618695195,0.676464227244,map_000000149.png
1.37217242725,0.275227052234,1.06887455987,-0.0,-0.0,-0.0,2.63859886279,0.603618695195,0.676464227244,map_000000150.png
1.38969551643,0.265611653396,1.06887508356,-0.0,-0.0,-0.0,2.63859886279,0.603618695195,0.676464227244,map_000000151.png
1.38969553303,0.265611645495,1.0688751725,-0.0,-0.0,-0.0,2.63859886279,0.603618695195,0.676464227244,map_000000152.png
1.38970530647,0.265601863274,1.06886869832,-0.0,-0.0,-0.0,2.63859886279,0.603618695195,0.676464227244,map_000000153.png
1.38969560146,0.265611600252,1.06887504801,-0.0,-0.0,-0.0,2.63859886279,0.603618695195,0.676464227244,map_000000154.png
1.38969561823,0.265611592301,1.06887515325,-0.0,-0.0,-0.0,2.63859886279,0.603618695195,0.676464227244,map_000000155.png
1.38968615787,0.265621085124,1.06888105868,-0.0,-0.0,-0.0,2.63859886279,0.603618695195,0.676464227244,map_000000156.png
1.38969845639,0.26560876689,1.06887330814,-0.0,-0.0,-0.0,2.63859886279,0.603618695195,0.676464227244,map_000000157.png
1.38969847277,0.265608759124,1.06887336396,-0.0,-0.0,-0.0,2.63859886279,0.603618695195,0.676464227244,map_000000158.png
1.38969564765,0.265611591394,1.06887521632,-0.0,-0.0,-0.0,2.63859886279,0.603618695195,0.676464227244,map_000000159.png
1.38970542159,0.265601808901,1.06886880162,-0.0,-0.0,-0.0,2.63859886279,0.603618695195,0.676464227244,map_000000160.png
1.38970543676,0.26560180161,1.06886866717,-0.0,-0.0,-0.841494500637,2.63859886279,0.603618695195,0.676464227244,map_000000161.png
1.38969573256,0.265611538335,1.06887516477,-0.0,-0.0,-0.841494500637,2.63859886279,0.603618695195,0.676464227244,map_000000162.png
1.38913320727,0.265938932182,0.999357008884,-0.0,-0.0,-1.0,2.63859886279,0.603618695195,0.676464227244,map_000000163.png
1.38843510419,0.266427991367,0.907237853578,-0.0,-0.0,-1.0,2.63859886279,0.603618695195,0.676464227244,map_000000164.png
1.38770559381,0.267054275637,0.808906794879,-0.0,-0.0,-1.0,2.63859886279,0.603618695195,0.676464227244,map_000000165.png
1.38702927951,0.267765738785,0.706633782668,-0.0,-0.0,-1.0,2.63859886279,0.603618695195,0.676464227244,map_000000166.png
1.38702927951,0.267765738785,0.706633782668,-0.0,-0.0,-0.0,2.63859886279,0.603618695195,0.676464227244,map_000000167.png
1.38645029843,0.268500093965,0.608289918691,-0.0,-0.0,-0.0,2.63859886279,0.603618695195,0.676464227244,map_000000168.png
1.38593858077,0.269327047657,0.506013014396,-0.0,-0.0,-0.0,2.63859886279,0.603618695195,0.676464227244,map_000000169.png
1.38584563643,0.269488157255,0.490295291483,-0.0,-0.0,-0.0,2.63859886279,0.603618695195,0.676464227244,map_000000170.png
1.38583613759,0.269497635712,0.490301014502,-0.0,-0.0,-0.0,2.63859886279,0.603618695195,0.676464227244,map_000000171.png
1.38583617968,0.269497599283,0.490300997009,-0.0,-0.0,-0.0,2.63859886279,0.603618695195,0.676464227244,map_000000172.png
1.38583622177,0.269497562824,0.490300984234,-0.0,-0.0,-0.0,2.63859886279,0.603618695195,0.676464227244,map_000000173.png
1.38584580521,0.269488013204,0.490295479926,-0.0,-0.0,-0.0,2.63859886279,0.603618695195,0.676464227244,map_000000174.png
1.38584584668,0.269487979345,0.490294963009,-0.0,-0.0,-0.0,2.63859886279,0.603618695195,0.676464227244,map_000000175.png
1.38584588831,0.269487944557,0.49029464382,-0.0,-0.0,-0.0,2.63859886279,0.603618695195,0.676464227244,map_000000176.png
1.38583638707,0.269497419426,0.490300968285,-0.0,-0.0,-0.0,2.63859886279,0.603618695195,0.676464227244,map_000000177.png
1.38583642914,0.269497383013,0.4903009482,-0.0,-0.0,-0.0,2.63859886279,0.603618695195,0.676464227244,map_000000178.png
1.38583647152,0.269497345954,0.490301001217,-0.0,-0.0,-0.0,2.63859886279,0.603618695195,0.676464227244,map_000000179.png
1.38584605404,0.269487799508,0.4902949368,-0.0,-0.0,-0.0,2.63859886279,0.603618695195,0.676464227244,map_000000180.png
1.3858460966,0.269487761358,0.490295230437,-0.0,-0.0,-0.0545365773141,2.63859886279,0.603618695195,0.676464227244,map_000000181.png
1.38584613874,0.269487725025,0.490295166374,-0.0,-0.0,-0.0545365773141,2.63859886279,0.603618695195,0.676464227244,map_000000182.png
1.38581643081,0.269535473369,0.485796513927,-0.0,-0.0,-0.598986804485,2.63859886279,0.603618695195,0.676464227244,map_000000183.png
1.38564457489,0.269876902389,0.445954875792,-0.0,-0.0,-0.576136052608,2.63859886279,0.603618695195,0.676464227244,map_000000184.png
1.38541129419,0.270405149945,0.385777019844,-0.0,-0.0,-0.0,2.63859886279,0.603618695195,0.676464227244,map_000000185.png
1.38527322956,0.270772568259,0.344987270323,-0.0,-0.0,-0.0,2.63859886279,0.603618695195,0.676464227244,map_000000186.png
1.385280959,0.270761452026,0.344981092287,-0.0,-0.0,-0.0,2.63859886279,0.603618695195,0.676464227244,map_000000187.png
1.38527154953,0.270770864617,0.344986757924,-0.0,-0.0,-0.0,2.63859886279,0.603618695195,0.676464227244,map_000000188.png
1.38526161983,0.270760956387,0.34498381977,-0.0,-0.0,-0.0,2.63859886279,0.603618695195,0.676464227244,map_000000189.png
1.38527153181,0.270770868004,0.344986684178,-0.0,-0.0,-0.0,2.63859886279,0.603618695195,0.676464227244,map_000000190.png
1.38527157013,0.270770838563,0.344986667567,-0.0,-0.0,-0.0,2.63859886279,0.603618695195,0.676464227244,map_000000191.png
1.38527159132,0.270770852446,0.344986640911,-0.0,-0.0,-0.0,2.63859886279,0.603618695195,0.676464227244,map_000000192.png
1.38527332087,0.270772559742,0.34498727237,-0.0,-0.0,-0.0,2.63859886279,0.603618695195,0.676464227244,map_000000193.png
1.38528103363,0.270761427834,0.344981217957,-0.0,-0.0,-0.0,2.63859886279,0.603618695195,0.676464227244,map_000000194.png
1.38527161236,0.270770825147,0.344986691121,-0.0,-0.0,-0.0,2.63859886279,0.603618695195,0.676464227244,map_000000195.png
1.38526169487,0.27076093214,0.344983946306,-0.0,-0.0,-0.0,2.63859886279,0.603618695195,0.676464227244,map_000000196.png
1.38527160637,0.270770844253,0.344986732691,-0.0,-0.0,-0.0,2.63859886279,0.603618695195,0.676464227244,map_000000197.png
1.38528107589,0.270761414374,0.344981244346,-0.0,-0.0,-0.0,2.63859886279,0.603618695195,0.676464227244,map_000000198.png
1.38527166636,0.27077082733,0.344986839416,-0.0,-0.0,-0.0,2.63859886279,0.603618695195,0.676464227244,map_000000199.png
1.38527339551,0.270772535769,0.344987343977,-0.0,-0.0,-0.0,2.63859886279,0.603618695195,0.676464227244,map_000000200.png
1.38527164864,0.270770830713,0.34498676826,-0.0,-0.0,-0.0,2.63859886279,0.603618695195,0.676464227244,map_000000201.png
1.38527168692,0.270770801383,0.3449867402,-0.0,-0.0,-0.0,2.63859886279,0.603618695195,0.676464227244,map_000000202.png
1.38526176928,0.270760908384,0.344983982432,-0.0,-0.0,-0.0,2.63859886279,0.603618695195,0.676464227244,map_000000203.png
1.38527343776,0.270772522277,0.344987373893,0.0182081051171,-0.0,-0.0,2.63859886279,0.603618695195,0.676464227244,map_000000204.png
1.3858197672,0.270967771859,0.344986791907,0.169541761279,-0.0,-0.0,2.63859886279,0.603618695195,0.676464227244,map_000000205.png
1.3858197672,0.270967771859,0.344986791907,0.377620786428,-0.0,-0.0,2.63859886279,0.603618695195,0.676464227244,map_000000206.png
1.38987874141,0.272426345035,0.344986657675,0.377620786428,-0.0,-0.0,2.63859886279,0.603618695195,0.676464227244,map_000000207.png
1.40582663106,0.278157321471,0.344986198382,0.394177079201,-0.0,-0.0,2.63859886279,0.603618695195,0.676464227244,map_000000208.png
1.44120450521,0.290871603012,0.344985236557,0.394177079201,-0.0,-0.0,2.63859886279,0.603618695195,0.676464227244,map_000000209.png
1.47939992191,0.304583387488,0.344977299809,0.401272624731,-0.0,-0.0,2.63859886279,0.603618695195,0.676464227244,map_000000210.png
1.51686935274,0.318060852013,0.344981660924,0.401272624731,-0.0,-0.0,2.63859886279,0.603618695195,0.676464227244,map_000000211.png
1.55611505047,0.332157458396,0.344977196587,0.391811877489,-0.0,-0.0,2.63859886279,0.603618695195,0.676464227244,map_000000212.png
1.59516705638,0.346197087662,0.344978897311,0.306684315205,-0.0,-0.0,2.63859886279,0.603618695195,0.676464227244,map_000000213.png
1.63203270556,0.359431819831,0.34497138059,0.287781924009,-0.0,-0.0,2.63859886279,0.603618695195,0.676464227244,map_000000214.png
1.66202543158,0.370222338059,0.344976095661,0.287781924009,-0.0,-0.0,2.63859886279,0.603618695195,0.676464227244,map_000000215.png
1.69046513127,0.380443040957,0.34497553974,0.216826379299,-0.0,-0.0,2.63859886279,0.603618695195,0.676464227244,map_000000216.png
1.71299498702,0.388537919413,0.344974193945,0.046590320766,-0.0,-0.0,2.63859886279,0.603618695195,0.676464227244,map_000000217.png
1.7265204516,0.393398140929,0.344973534849,-0.0,-0.0,-0.0,2.63859886279,0.603618695195,0.676464227244,map_000000218.png
1.72966596977,0.394522127669,0.344970592892,-0.0,-0.0,-0.0,2.63859886279,0.603618695195,0.676464227244,map_000000219.png
1.72967763803,0.394533742558,0.344973886487,-0.0,-0.0,-0.0,2.63859886279,0.603618695195,0.676464227244,map_000000220.png
1.72968535123,0.394522610404,0.344967817231,-0.0,-0.0,-0.0,2.63859886279,0.603618695195,0.676464227244,map_000000221.png
1.72967594158,0.394532022944,0.344973503852,0.108066044748,-0.00161366618704,-0.0,2.63859886279,0.603618695195,0.676464227244,map_000000222.png
1.73743314875,0.397182907137,0.344970294418,0.240478217602,-0.155312508345,-0.0,2.63859886279,0.603618695195,0.676464227244,map_000000223.png
1.75866217318,0.394844617953,0.344972210843,0.311414688826,-0.261726737022,-0.0,2.63859886279,0.603618695195,0.676464227244,map_000000224.png
1.79216642404,0.384754838452,0.344970138898,0.311414688826,-0.261726737022,-0.0,2.63859886279,0.603618695195,0.676464227244,map_000000225.png
1.83030633104,0.37066164068,0.344968114551,0.318510234356,-0.261726737022,-0.0,2.63859886279,0.603618695195,0.676464227244,map_000000226.png
1.87000089838,0.356015638037,0.344966348186,0.318510234356,-0.261726737022,-0.0,2.63859886279,0.603618695195,0.676464227244,map_000000227.png
1.91036838529,0.341596774288,0.344957847007,0.318510234356,-0.261726737022,-0.0,2.63859886279,0.603618695195,0.676464227244,map_000000228.png
1.94916646237,0.327752418456,0.344961093635,0.318510234356,-0.261726737022,-0.0,2.63859886279,0.603618695195,0.676464227244,map_000000229.png
1.989516244,0.313334568232,0.344955590311,0.318510234356,-0.261726737022,-0.0,2.63859886279,0.603618695195,0.676464227244,map_000000230.png
2.02988584265,0.298936434905,0.34495671746,0.335066527128,-0.261726737022,-0.0,2.63859886279,0.603618695195,0.676464227244,map_000000231.png
2.06913900746,0.285229636692,0.344948627816,0.39654225111,-0.112758263946,-0.0,2.63859886279,0.603618695195,0.676464227244,map_000000232.png
2.1111983727,0.273343700879,0.344951918554,0.410733371973,-0.0276306960732,-0.0,2.63859886279,0.603618695195,0.676464227244,map_000000233.png
2.15395751098,0.276253454767,0.344950574549,0.410733371973,-0.0276306960732,-0.0,2.63859886279,0.603618695195,0.676464227244,map_000000234.png
2.19358733115,0.287195691792,0.344948542384,0.432020008564,-0.0205351412296,-0.0,2.63859886279,0.603618695195,0.676464227244,map_000000235.png
2.23615055472,0.300039950045,0.34494656535,0.394177079201,-0.0299958791584,-0.0,2.63859886279,0.603618695195,0.676464227244,map_000000236.png
2.27718258286,0.31190565327,0.344941944613,0.394177079201,-0.0394566170871,-0.0,2.63859886279,0.603618695195,0.676464227244,map_000000237.png
2.31541510345,0.322062486319,0.344944016052,0.394177079201,-0.0489173568785,-0.0,2.63859886279,0.603618695195,0.676464227244,map_000000238.png
2.35543573817,0.331868995223,0.34493592282,0.394177079201,-0.0678197592497,-0.0,2.63859886279,0.603618695195,0.676464227244,map_000000239.png
2.39573315889,0.340877203394,0.344940060158,0.394177079201,-0.0867412313819,-0.0,2.63859886279,0.603618695195,0.676464227244,map_000000240.png
2.43509461673,0.347810314935,0.344935250033,0.394177079201,-0.0867412313819,-0.0,2.63859886279,0.603618695195,0.676464227244,map_000000241.png
2.47658771018,0.353545759932,0.344936649594,0.318510234356,-0.0867412313819,-0.0,2.63859886279,0.603618695195,0.676464227244,map_000000242.png
2.51335895269,0.357176190947,0.344934729104,0.275956004858,-0.079645678401,-0.0,2.63859886279,0.603618695195,0.676464227244,map_000000243.png
2.54421518317,0.359411728233,0.344933410853,0.266495257616,-0.0560129098594,-0.0,2.63859886279,0.603618695195,0.676464227244,map_000000244.png
2.57245033243,0.361693308403,0.344929059017,0.138813436031,-0.0323610641062,-0.0,2.63859886279,0.603618695195,0.676464227244,map_000000245.png
2.57245033243,0.361693308403,0.344929059017,-0.0,-0.0,-0.0,2.63859886279,0.603618695195,0.676464227244,map_000000246.png
2.59947542887,0.365423474972,0.344930831311,-0.0,-0.0,-0.0,2.63859886279,0.603618695195,0.676464227244,map_000000247.png
2.61363647833,0.367061516953,0.344924589158,-0.0,-0.0,-0.0,2.63859886279,0.603618695195,0.676464227244,map_000000248.png
2.61532520868,0.367268614197,0.344930067034,-0.0,-0.0,-0.0,2.63859886279,0.603618695195,0.676464227244,map_000000249.png
2.61532693764,0.367270323163,0.344930513991,-0.0,-0.0,-0.0,2.63859886279,0.603618695195,0.676464227244,map_000000250.png
2.61532519107,0.36726861727,0.344930028324,-0.0,-0.0,-0.0,2.63859886279,0.603618695195,0.676464227244,map_000000251.png
2.61532522932,0.367268588011,0.344929991441,-0.0,-0.0,-0.0,2.63859886279,0.603618695195,0.676464227244,map_000000252.png
2.6153153114,0.367258695327,0.344927187839,-0.0,-0.0,-0.0,2.63859886279,0.603618695195,0.676464227244,map_000000253.png
2.61532698011,0.367270309171,0.344930601153,-0.0,-0.0,-0.0,2.63859886279,0.603618695195,0.676464227244,map_000000254.png
2.61533469277,0.367259177774,0.344924468529,-0.0,-0.0,-0.0,2.63859886279,0.603618695195,0.676464227244,map_000000255.png
2.61532528309,0.367268590868,0.344930067827,-0.0,-0.0,-0.0,2.63859886279,0.603618695195,0.676464227244,map_000000256.png
2.61531535392,0.367258681629,0.344927254606,-0.0,-0.0,-0.0,2.63859886279,0.603618695195,0.676464227244,map_000000257.png
2.61532526563,0.3672685935,0.344930078064,-0.0,-0.0,-0.0,2.63859886279,0.603618695195,0.676464227244,map_000000258.png
2.61532530396,0.367268564037,0.344930063247,-0.0,-0.0,-0.0,2.63859886279,0.603618695195,0.676464227244,map_000000259.png
2.61532532546,0.367268577041,0.344930134473,-0.0,-0.0,-0.0,2.63859886279,0.603618695195,0.676464227244,map_000000260.png
2.6153270545,0.367270285781,0.344930607061,-0.0,-0.0,-0.0,2.63859886279,0.603618695195,0.676464227244,map_000000261.png
2.61533476736,0.367259154118,0.344924491199,-0.0,-0.0,-0.0,2.63859886279,0.603618695195,0.676464227244,map_000000262.png
2.6153253462,0.3672685506,0.3449300893,-0.0,-0.0,-0.0,2.63859886279,0.603618695195,0.676464227244,map_000000263.png
2.61531542855,0.367258657656,0.344927326179,-0.0,-0.0,-0.0,2.63859886279,0.603618695195,0.676464227244,map_000000264.png
2.61532534018,0.367268569782,0.344930121238,-0.0,-0.0,-0.0,2.63859886279,0.603618695195,0.676464227244,map_000000265.png
2.61533480969,0.367259139894,0.344924638732,-0.0,-0.0,-0.0,2.63859886279,0.603618695195,0.676464227244,map_000000266.png
2.61532540024,0.36726855264,0.344930253572,-0.0,-0.0,-0.0,2.63859886279,0.603618695195,0.676464227244,map_000000267.png
2.6153271293,0.367270261431,0.344930722106,-0.0,-0.0,-0.0,2.63859886279,0.603618695195,0.676464227244,map_000000268.png
2.61532538249,0.367268556154,0.344930167491,-0.0,-0.0,-0.0,2.63859886279,0.603618695195,0.676464227244,map_000000269.png
2.61532542081,0.367268526699,0.344930151791,-0.0,-0.0,-0.0,2.63859886279,0.603618695195,0.676464227244,map_000000270.png
2.61531550311,0.36725863389,0.344927375469,-0.0,-0.0,-0.0,2.63859886279,0.603618695195,0.676464227244,map_000000271.png
2.61532717161,0.367270247779,0.344930768898,-0.0,-0.0,-0.0,2.63859886279,0.603618695195,0.676464227244,map_000000272.png
2.61533488428,0.3672591164,0.344924634257,-0.0,-0.0,-0.0,2.63859886279,0.603618695195,0.676464227244,map_000000273.png
2.61532547466,0.367268529303,0.344930255227,-0.0,-0.0,-0.0,2.63859886279,0.603618695195,0.676464227244,map_000000274.png
2.61531554513,0.36725862058,0.344927371325,-0.0,-0.0,-0.0,2.63859886279,0.603618695195,0.676464227244,map_000000275.png
2.61532545705,0.367268532381,0.344930217498,-0.0,0.0177503284067,-0.0,2.63859886279,0.603618695195,0.676464227244,map_000000276.png
2.61498953889,0.368203554416,0.344930267952,-0.0,0.124164558947,-0.0,2.63859886279,0.603618695195,0.676464227244,map_000000277.png
2.61309490201,0.373476874566,0.34493050867,0.0300340279937,0.336973935366,-0.0,2.63859886279,0.603618695195,0.676464227244,map_000000278.png
2.60803347743,0.388991079506,0.344931863675,0.0986053049564,0.396084487438,-0.0,2.63859886279,0.603618695195,0.676464227244,map_000000279.png
2.5991349371,0.42300164038,0.344926823503,0.119891963899,0.426831871271,-0.0,2.63859886279,0.603618695195,0.676464227244,map_000000280.png
2.59501420599,0.463602147706,0.344934057552,0.119891963899,0.426831871271,-0.0,2.63859886279,0.603618695195,0.676464227244,map_000000281.png
2.59146047955,0.508551889119,0.344933054718,0.119891963899,0.417371124029,-0.0,2.63859886279,0.603618695195,0.676464227244,map_000000282.png
2.58840087194,0.553963173052,0.344936781644,-0.0,-0.0,-0.0,2.63859886279,0.603618695195,0.676464227244,map_000000283.png
