
-6.41974625412,2.58060870591,2.74844759715,-0.0,-0.0,-0.0,1.76679842369,4.85558996039,-2.45841480913,map_000000023.png
-6.41973633717,2.58059881484,2.7484501183,-0.0,-0.0820108652115,-0.0,1.76679842369,4.85558996039,-2.45841480913,map_000000024.png
-6.41786199734,2.58515201605,2.74844747446,-0.0,-0.316106915474,-0.0,1.76679842369,4.85558996039,-2.45841480913,map_000000025.png
-6.4106532717,2.60253937475,2.7484465671,-0.0,-0.460345000029,-0.0,1.76679842369,4.85558996039,-2.45841480913,map_000000026.png
-6.39722131965,2.63492022546,2.74844606218,-0.0,-0.5,-0.0,1.76679842369,4.85558996039,-2.45841480913,map_000000027.png
-6.37882889182,2.67927317149,2.74844443545,-0.0,-0.5,-0.0,1.76679842369,4.85558996039,-2.45841480913,map_000000028.png
-6.35890475909,2.72727358984,2.74844530356,-0.0,-0.5,-0.0,1.76679842369,4.85558996039,-2.45841480913,map_000000029.png
-6.33976956027,2.77345098353,2.74844171542,-0.0,-0.5,-0.0,1.76679842369,4.85558996039,-2.45841480913,map_000000030.png
-6.31984529792,2.8214513507,2.74844268934,-0.0,-0.5,-0.0,1.76679842369,4.85558996039,-2.45841480913,map_000000031.png
-6.29994254638,2.86947321287,2.7484394778,-0.0,-0.5,-0.0,1.76679842369,4.85558996039,-2.45841480913,map_000000032.png
-6.28078558267,2.91562900429,2.74844002061,-0.0,-0.5,-0.0,1.76679842369,4.85558996039,-2.45841480913,map_000000033.png
-6.2608827021,2.96365081062,2.74843662508,-0.0,-0.5,-0.0,1.76679842369,4.85558996039,-2.45841480913,map_000000034.png
-6.24097129441,3.01166498151,2.74843492461,-0.0,-0.0,-0.0,1.76679842369,4.85558996039,-2.45841480913,map_000000035.png
-6.22182260478,3.0578283064,2.74843393591,-0.0,-0.0,-0.0,1.76679842369,4.85558996039,-2.45841480913,map_000000036.png
-6.21722901612,3.06890972892,2.74843327074,-0.209234908223,-0.0,-0.0,1.76679842369,4.85558996039,-2.45841480913,map_000000037.png
-6.20562607809,3.0640906162,2.74843621398,-0.5,-0.0,-0.0,1.76679842369,4.85558996039,-2.45841480913,map_000000038.png
-6.17558009869,3.05163580911,2.74843347058,-0.5,-0.0,-0.0,1.76679842369,4.85558996039,-2.45841480913,map_000000039.png
-6.12755659414,3.03171119365,2.7484361441,-0.5,-0.0,-0.0,1.76679842369,4.85558996039,-2.45841480913,map_000000040.png
-6.07955465536,3.01180809245,2.74843395491,-0.5,-0.0,-0.0,1.76679842369,4.85558996039,-2.45841480913,map_000000041.png
-6.03337914308,2.99265096343,2.74843615046,-0.5,-0.0,-0.0,1.76679842369,4.85558996039,-2.45841480913,map_000000042.png
-6.03337914308,2.99265096343,2.74843615046,-0.5,-0.0,-0.0,1.76679842369,4.85558996039,-2.45841480913,map_000000043.png
-5.98537720504,2.97274786094,2.74843396921,-0.5,-0.0,-0.0,1.76679842369,4.85558996039,-2.45841480913,map_000000044.png
-5.93736654645,2.95283640279,2.74843351475,-0.5,-0.0,-0.0,1.76679842369,4.85558996039,-2.45841480913,map_000000045.png
-5.89119975382,2.93368763103,2.74843390844,-0.5,-0.0,-0.0,1.76679842369,4.85558996039,-2.45841480913,map_000000046.png
-5.84318909526,2.91377617297,2.7484335113,-0.5,-0.0,-0.0,1.76679842369,4.85558996039,-2.45841480913,map_000000047.png
-5.79516559056,2.89385155759,2.74843614198,-0.5,-0.0,-0.0,1.76679842369,4.85558996039,-2.45841480913,map_000000048.png
-5.74901164523,2.87471594083,2.74843344467,-0.5,-0.0,-0.0,1.76679842369,4.85558996039,-2.45841480913,map_000000049.png
-5.70098814026,2.85479132619,2.74843615466,-0.5,-0.0,-0.0,1.76679842369,4.85558996039,-2.45841480913,map_000000050.png
-5.65298620216,2.83488822391,2.74843399127,-0.5,-0.0,-0.0,1.76679842369,4.85558996039,-2.45841480913,map_000000051.png
-5.6068106889,2.81573109619,2.74843625924,-0.5,-0.0,-0.0,1.76679842369,4.85558996039,-2.45841480913,map_000000052.png
-5.55880875184,2.79582799227,2.74843394378,-0.5,-0.0,-0.0,1.76679842369,4.85558996039,-2.45841480913,map_000000053.png
-5.51079809379,2.77591653317,2.74843347105,-0.5,0.0059244055301,-0.0,1.76679842369,4.85558996039,-2.45841480913,map_000000054.png
-5.46463130119,2.75676776141,2.74843391735,-0.5,0.0059244055301,-0.0,1.76679842369,4.85558996039,-2.45841480913,map_000000055.png
-5.41685659039,2.73628741484,2.74843349743,-0.5,0.0059244055301,-0.0,1.76679842369,4.85558996039,-2.45841480913,map_000000056.png
-5.36906903037,2.71579391729,2.74843622987,-0.5,0.0201155133545,-0.0,1.76679842369,4.85558996039,-2.45841480913,map_000000057.png
-5.3235114984,2.6952202985,2.74843358009,-0.5,0.102877892554,-0.0,1.76679842369,4.85558996039,-2.45841480913,map_000000058.png
-5.27781039074,2.66969619284,2.74843645738,-0.5,0.121799372137,-0.0,1.76679842369,4.85558996039,-2.45841480913,map_000000059.png
-5.23413751748,2.63935534242,2.74843432253,-0.5,0.152527689934,-0.0,1.76679842369,4.85558996039,-2.45841480913,map_000000060.png
-5.19276744371,2.60861189779,2.74843707663,-0.471713155508,0.287305057049,-0.0,1.76679842369,4.85558996039,-2.45841480913,map_000000061.png
-5.15245444192,2.57539325253,2.74843457323,-0.471713155508,0.287305057049,-0.0,1.76679842369,4.85558996039,-2.45841480913,map_000000062.png
-5.11796747528,2.52991597455,2.74843819936,-0.362933754921,0.429177969694,-0.0,1.76679842369,4.85558996039,-2.45841480913,map_000000063.png
-5.09718968554,2.47854682264,2.74843597646,-0.251808226109,0.5,-0.0,1.76679842369,4.85558996039,-2.45841480913,map_000000064.png
-5.08668450435,2.4215910048,2.74844062913,-0.251808226109,0.5,-0.0,1.76679842369,4.85558996039,-2.45841480913,map_000000065.png
-5.08242756713,2.36356056492,2.7484391854,-0.251808226109,0.5,-0.0,1.76679842369,4.85558996039,-2.45841480913,map_000000066.png
-5.0783148268,2.30774224124,2.7484434259,-0.135933250189,0.46702092886,-0.0,1.76679842369,4.85558996039,-2.45841480913,map_000000067.png
-5.07405773535,2.24971181249,2.74844189677,-0.0,0.5,-0.0,1.76679842369,4.85558996039,-2.45841480913,map_000000068.png
-5.07960587203,2.19945416288,2.748442616,-0.0,0.5,-0.0,1.76679842369,4.85558996039,-2.45841480913,map_000000069.png
-5.09654058867,2.15294157166,2.74844430645,-0.5,-0.0,-0.0,1.76679842369,4.85558996039,-2.45841480913,map_000000070.png
-5.07465489848,2.12222297687,2.74844533309,-0.5,-0.164773240685,-0.0,1.76679842369,4.85558996039,-2.45841480913,map_000000071.png
-5.02360249742,2.10960151185,2.74844782863,-0.0,-0.136410102248,-0.0,1.76679842369,4.85558996039,-2.45841480913,map_000000072.png
-4.98436924839,2.11030803526,2.74844464141,0.216826379299,-0.0962019711733,-0.0,1.76679842369,4.85558996039,-2.45841480913,map_000000073.png
-4.98064974582,2.12376229663,2.74844720943,0.467478722334,-0.261726737022,-0.0,1.76679842369,4.85558996039,-2.45841480913,map_000000074.png
-4.99764901133,2.14164500734,2.7484444399,0.467478722334,-0.261726737022,-0.0,1.76679842369,4.85558996039,-2.45841480913,map_000000075.png
-5.02943518171,2.18171144102,2.74844616229,0.458017975092,-0.261726737022,-0.0,1.76679842369,4.85558996039,-2.45841480913,map_000000076.png
-5.06324719773,2.22519545024,2.74844304543,0.458017975092,-0.261726737022,-0.0,1.76679842369,4.85558996039,-2.45841480913,map_000000077.png
-5.09680674104,2.26857033135,2.74844191504,0.458017975092,-0.261726737022,-0.0,1.76679842369,4.85558996039,-2.45841480913,map_000000078.png
-5.12907165626,2.31027298807,2.74844166645,0.458017975092,-0.271187484264,-0.0,1.76679842369,4.85558996039,-2.45841480913,map_000000079.png
-5.16255867808,2.35382262646,2.74844050753,0.318510234356,-0.389408558607,-0.0,1.76679842369,4.85558996039,-2.45841480913,map_000000080.png
-5.19503122497,2.39831518908,2.74844230816,0.318510234356,-0.398869276047,-0.0,1.76679842369,4.85558996039,-2.45841480913,map_000000081.png
-5.20953937785,2.44647846963,2.74843874012,0.318510234356,-0.398869276047,-0.0,1.76679842369,4.85558996039,-2.45841480913,map_000000082.png
-5.20953937785,2.44647846963,2.74843874012,0.252304136753,-0.446153908968,-0.0,1.76679842369,4.85558996039,-2.45841480913,map_000000083.png
-5.2242851211,2.49731291132,2.74844018346,0.252304136753,-0.446153908968,-0.0,1.76679842369,4.85558996039,-2.45841480913,map_000000084.png
-5.23360641784,2.54955340097,2.74843698337,0.252304136753,-0.446153908968,-0.0,1.76679842369,4.85558996039,-2.45841480913,map_000000085.png
-5.2398069082,2.60039926845,2.74843785513,0.233382672071,-0.45561465621,-0.0,1.76679842369,4.85558996039,-2.45841480913,map_000000086.png
-5.24568499024,2.65334046826,2.74843458573,0.205019533634,-0.476901292801,-0.0,1.76679842369,4.85558996039,-2.45841480913,map_000000087.png
-5.24953964487,2.70649280135,2.74843282917,0.205019533634,-0.476901292801,-0.0,1.76679842369,4.85558996039,-2.45841480913,map_000000088.png
-5.25020487838,2.75837445065,2.74843200594,0.205019533634,-0.476901292801,-0.0,1.76679842369,4.85558996039,-2.45841480913,map_000000089.png
-5.25090012953,2.81233571718,2.74843026776,0.155350655317,-0.486362040043,-0.0,1.76679842369,4.85558996039,-2.45841480913,map_000000090.png
-5.24782126441,2.86550133223,2.74843134532,0.145889922976,-0.486362040043,-0.0,1.76679842369,4.85558996039,-2.45841480913,map_000000091.png
-5.24306218696,2.91616550611,2.74842766196,0.0607814267278,-0.5,-0.0,1.76679842369,4.85558996039,-2.45841480913,map_000000092.png
-5.23467232685,2.96794632898,2.7484287302,-0.0,-0.5,-0.0,1.76679842369,4.85558996039,-2.45841480913,map_000000093.png
-5.21948297257,3.01792312388,2.7484253979,-0.0,-0.5,-0.0,1.76679842369,4.85558996039,-2.45841480913,map_000000094.png
-5.20032536322,3.06407864829,2.74842604572,-0.0,-0.5,-0.0,1.76679842369,4.85558996039,-2.45841480913,map_000000095.png
-5.18081558951,3.09478892757,2.74813658273,-0.0,-0.5,-0.0,1.76679842369,4.85558996039,-2.45841480913,map_000000096.png
-5.16157998217,3.09651659299,2.74726309353,-0.0,-0.5,-0.0,1.76679842369,4.85558996039,-2.45841480913,map_000000097.png
-5.14216052234,3.0950361051,2.74589905682,-0.14302881062,-0.5,-0.0,1.76679842369,4.85558996039,-2.45841480913,map_000000098.png
-5.11242814717,3.09869429419,2.74519594867,-0.14302881062,-0.5,-0.0,1.76679842369,4.85558996039,-2.45841480913,map_000000099.png
-5.07050901567,3.11102199898,2.74452662035,-0.152489542961,-0.5,-0.0,1.76679842369,4.85558996039,-2.45841480913,map_000000100.png
-5.02919569824,3.13377185593,2.74429630894,-0.221060827374,-0.5,-0.0,1.76679842369,4.85558996039,-2.45841480913,map_000000101.png
-4.99016847275,3.16656790075,2.74430376071,-0.221060827374,-0.5,-0.0,1.76679842369,4.85558996039,-2.45841480913,map_000000102.png
-4.94988933717,3.20592390088,2.74437765061,-0.230521559715,-0.5,-0.0,1.76679842369,4.85558996039,-2.45841480913,map_000000103.png
-4.90958452472,3.2432122949,2.74437693075,-0.230521559715,-0.5,-0.0,1.76679842369,4.85558996039,-2.45841480913,map_000000104.png
-4.86738000962,3.28187463897,2.74437514468,-0.230521559715,-0.5,-0.0,1.76679842369,4.85558996039,-2.45841480913,map_000000105.png
-4.82516257741,3.3205231,2.74437592446,-0.230521559715,-0.5,-0.0,1.76679842369,4.85558996039,-2.45841480913,map_000000106.png
-4.78459135669,3.35770814107,2.74437244336,-0.239982292056,-0.5,-0.0,1.76679842369,4.85558996039,-2.45841480913,map_000000107.png
-4.74237381921,3.39635648741,2.74437320399,-0.239982292056,-0.5,-0.0,1.76679842369,4.85558996039,-2.45841480913,map_000000108.png
-4.69934064486,3.43467509605,2.74437009066,-0.251808226109,-0.5,-0.0,1.76679842369,4.85558996039,-2.45841480913,map_000000109.png
-4.65704722005,3.47112505639,2.74437048528,-0.251808226109,-0.5,-0.0,1.76679842369,4.85558996039,-2.45841480913,map_000000110.png
-4.61281053612,3.50893868935,2.74436741648,-0.251808226109,-0.5,-0.0,1.76679842369,4.85558996039,-2.45841480913,map_000000111.png
-4.56856506963,3.54674455334,2.74436557297,-0.26363414526,-0.486362040043,-0.0,1.76679842369,4.85558996039,-2.45841480913,map_000000112.png
-4.52590608333,3.58274942691,2.74436475093,-0.273094892502,-0.486362040043,-0.0,1.76679842369,4.85558996039,-2.45841480913,map_000000113.png
-4.48104045148,3.61875757387,2.74436292474,-0.273094892502,-0.486362040043,-0.0,1.76679842369,4.85558996039,-2.45841480913,map_000000114.png
-4.43528990974,3.65438602178,2.74436373447,-0.273094892502,-0.486362040043,-0.0,1.76679842369,4.85558996039,-2.45841480913,map_000000115.png
-4.39132144468,3.68866717692,2.74436031595,-0.273094892502,-0.486362040043,-0.0,1.76679842369,4.85558996039,-2.45841480913,map_000000116.png
-4.34557081028,3.72429550463,2.74436114284,-0.273094892502,-0.486362040043,-0.0,1.76679842369,4.85558996039,-2.45841480913,map_000000117.png
-4.29984169453,3.75994529262,2.74435801518,-0.273094892502,-0.486362040043,-0.0,1.76679842369,4.85558996039,-2.45841480913,map_000000118.png
-4.25585152595,3.79420475175,2.74435853349,-0.273094892502,-0.479266494513,-0.0,1.76679842369,4.85558996039,-2.45841480913,map_000000119.png
-4.21015524572,3.82977593906,2.74435540769,-0.273094892502,-0.472170948982,-0.0,1.76679842369,4.85558996039,-2.45841480913,map_000000120.png
-4.16470261224,3.86473762802,2.74435365071,-0.273094892502,-0.472170948982,-0.0,1.76679842369,4.85558996039,-2.45841480913,map_000000121.png
-4.12125885753,3.89772276634,2.74435285201,-0.273094892502,-0.472170948982,-0.0,1.76679842369,4.85558996039,-2.45841480913,map_000000122.png
-4.12125885753,3.89772276634,2.74435285201,-0.334570616484,-0.441423535347,-0.0,1.76679842369,4.85558996039,-2.45841480913,map_000000123.png
-4.07609150566,3.93200415051,2.74435111322,-0.334570616484,-0.441423535347,-0.0,1.76679842369,4.85558996039,-2.45841480913,map_000000124.png
-4.0282248345,3.96314484388,2.74435210395,-0.344031333923,-0.441423535347,-0.0,1.76679842369,4.85558996039,-2.45841480913,map_000000125.png
-3.98001340838,3.99077427293,2.74434873554,-0.344031333923,-0.441423535347,-0.0,1.76679842369,4.85558996039,-2.45841480913,map_000000126.png
-3.92926971489,4.01924134271,2.74434967635,-0.344031333923,-0.441423535347,-0.0,1.76679842369,4.85558996039,-2.45841480913,map_000000127.png
-3.87854755223,4.04772987129,2.74434669321,-0.344031333923,-0.441423535347,-0.0,1.76679842369,4.85558996039,-2.45841480913,map_000000128.png
-3.82975635543,4.07510345315,2.7443472655,-0.344031333923,-0.441423535347,-0.0,1.76679842369,4.85558996039,-2.45841480913,map_000000129.png
-3.77903412633,4.10359186216,2.74434426586,-0.344031333923,-0.441423535347,-0.0,1.76679842369,4.85558996039,-2.45841480913,map_000000130.png
-3.72830306595,4.13207240421,2.74434272287,-0.344031333923,-0.441423535347,-0.0,1.76679842369,4.85558996039,-2.45841480913,map_000000131.png
-3.67952056619,4.15945361611,2.74434198308,-0.344031333923,-0.441423535347,-0.0,1.76679842369,4.85558996039,-2.45841480913,map_000000132.png
-3.62878943772,4.18793403331,2.74434029514,-0.344031333923,-0.441423535347,-0.0,1.76679842369,4.85558996039,-2.45841480913,map_000000133.png
-3.57804550441,4.21640067666,2.74434131028,-0.344031333923,-0.441423535347,-0.0,1.76679842369,4.85558996039,-2.45841480913,map_000000134.png
-3.52927568177,4.24379543084,2.74433792781,-0.344031333923,-0.441423535347,-0.0,1.76679842369,4.85558996039,-2.45841480913,map_000000135.png
-3.4785316796,4.27226195264,2.7443388288,-0.344031333923,-0.441423535347,-0.0,1.76679842369,4.85558996039,-2.45841480913,map_000000136.png
-3.42780921221,4.30074993646,2.74433594536,-0.344031333923,-0.441423535347,-0.0,1.76679842369,4.85558996039,-2.45841480913,map_000000137.png
-3.3790177226,4.32812299218,2.74433646087,-0.344031333923,-0.441423535347,-0.0,1.76679842369,4.85558996039,-2.45841480913,map_000000138.png
-3.32829518372,4.3566108528,2.7443336168,-0.344031333923,-0.441423535347,-0.0,1.76679842369,4.85558996039,-2.45841480913,map_000000139.png
-3.27756381524,4.38509084444,2.74433189799,-0.344031333923,-0.441423535347,-0.0,1.76679842369,4.85558996039,-2.45841480913,map_000000140.png
-3.22878102205,4.41247153202,2.7443311806,-0.344031333923,-0.441423535347,-0.0,1.76679842369,4.85558996039,-2.45841480913,map_000000141.png
-3.17998940116,4.43984435488,2.7443317947,-0.344031333923,-0.441423535347,-0.0,1.76679842369,4.85558996039,-2.45841480913,map_000000142.png
-3.12926672916,4.46833197456,2.74432868683,-0.344031333923,-0.441423535347,-0.0,1.76679842369,4.85558996039,-2.45841480913,map_000000143.png
-3.08047504086,4.49570468251,2.74432939114,-0.344031333923,-0.431981861591,-0.0,1.76679842369,4.85558996039,-2.45841480913,map_000000144.png
-3.02989835375,4.52384408156,2.7443263575,-0.344031333923,-0.431981861591,-0.0,1.76679842369,4.85558996039,-2.45841480913,map_000000145.png
-2.97954653363,4.55141863162,2.74432481799,-0.344031333923,-0.431981861591,-0.0,1.76679842369,4.85558996039,-2.45841480913,map_000000146.png
-2.931128685,4.57792871536,2.74432404797,-0.344031333923,-0.431981861591,-0.0,1.76679842369,4.85558996039,-2.45841480913,map_000000147.png
-2.88077680009,4.60550314812,2.74432246473,-0.344031333923,-0.431981861591,-0.0,1.76679842369,4.85558996039,-2.45841480913,map_000000148.png
-2.83041210401,4.63306381431,2.74432348095,-0.478808701038,-0.1907902807,-0.0,1.76679842369,4.85558996039,-2.45841480913,map_000000149.png
-2.7800261573,4.64202343681,2.74432031816,-0.5,-0.0962019711733,-0.0,1.76679842369,4.85558996039,-2.45841480913,map_000000150.png
-2.72726097581,4.63646455784,2.74432233012,-0.5,-0.0347262471914,-0.0,1.76679842369,4.85558996039,-2.45841480913,map_000000151.png
-2.67613774128,4.62399940144,2.74431991776,-0.5,-0.0,-0.0,1.76679842369,4.85558996039,-2.45841480913,map_000000152.png
-2.62880582071,4.60759727815,2.74432210275,-0.5,-0.0,-0.0,1.76679842369,4.85558996039,-2.45841480913,map_000000153.png
-2.58088621177,4.5874968207,2.74431996072,-0.5,-0.0,-0.0,1.76679842369,4.85558996039,-2.45841480913,map_000000154.png
-2.53295788218,4.56738800211,2.7443195333,-0.5,-0.0,-0.0,1.76679842369,4.85558996039,-2.45841480913,map_000000155.png
-2.48687025373,4.54804946732,2.74431995224,-0.5,-0.0,-0.0,1.76679842369,4.85558996039,-2.45841480913,map_000000156.png
-2.43894192436,4.52794064819,2.74431946706,-0.5,-0.0,-0.0,1.76679842369,4.85558996039,-2.45841480913,map_000000157.png
-2.39100074993,4.50781867874,2.74432217084,-0.5,-0.0,-0.0,1.76679842369,4.85558996039,-2.45841480913,map_000000158.png
-2.34492596632,4.48849329482,2.74431945968,-0.5,-0.0,-0.0,1.76679842369,4.85558996039,-2.45841480913,map_000000159.png
-2.2969847921,4.46837132546,2.74432210679,-0.5,-0.0,-0.0,1.76679842369,4.85558996039,-2.45841480913,map_000000160.png
-2.24906518312,4.44827086853,2.74431996114,-0.5,-0.0,-0.0,1.76679842369,4.85558996039,-2.45841480913,map_000000161.png
-2.20296883379,4.42892397283,2.74432213135,-0.5,-0.0,-0.0,1.76679842369,4.85558996039,-2.45841480913,map_000000162.png
-2.20296883379,4.42892397283,2.74432213135,-0.5,-0.0,-0.0,1.76679842369,4.85558996039,-2.45841480913,map_000000163.png
-2.15504922519,4.40882351449,2.74431998687,-0.5,-0.0,-0.0,1.76679842369,4.85558996039,-2.45841480913,map_000000164.png
-2.10712089574,4.38871469575,2.74431949047,-0.5,-0.0,-0.0,1.76679842369,4.85558996039,-2.45841480913,map_000000165.png
-2.06103326767,4.36937615948,2.74431990093,-0.5,-0.0,-0.0,1.76679842369,4.85558996039,-2.45841480913,map_000000166.png
-2.01310493798,4.34926734129,2.74431946937,-0.5,-0.0678197592497,-0.0,1.76679842369,4.85558996039,-2.45841480913,map_000000167.png
-1.96516376337,4.32914537197,2.74432219767,-0.5,-0.0678197592497,-0.0,1.76679842369,4.85558996039,-2.45841480913,map_000000168.png
-1.91657104028,4.31582105397,2.74431931763,-0.5,-0.0867412313819,-0.0,1.76679842369,4.85558996039,-2.45841480913,map_000000169.png
-1.86531670469,4.30359542783,2.74432170837,-0.5,-0.0962019711733,-0.0,1.76679842369,4.85558996039,-2.45841480913,map_000000170.png
-1.8136887832,4.29233308517,2.74431922107,-0.5,-0.115123450756,-0.0,1.76679842369,4.85558996039,-2.45841480913,map_000000171.png
-1.76357921127,4.28255098395,2.74432104649,-0.5,-0.181329533458,-0.0,1.76679842369,4.85558996039,-2.45841480913,map_000000172.png
-1.710517191,4.2747065425,2.7443187247,-0.483539074659,-0.247535631061,-0.0,1.76679842369,4.85558996039,-2.45841480913,map_000000173.png
-1.65525383997,4.27224950662,2.74431789492,-0.448061317205,-0.266457110643,-0.0,1.76679842369,4.85558996039,-2.45841480913,map_000000174.png
-1.60111035947,4.27636325359,2.74431765169,-0.448061317205,-0.266457110643,-0.0,1.76679842369,4.85558996039,-2.45841480913,map_000000175.png
-1.54703749623,4.28338734878,2.74431649612,-0.431505024433,-0.323202461004,-0.0,1.76679842369,4.85558996039,-2.45841480913,map_000000176.png
-1.49290339823,4.29488853428,2.7443179572,-0.422063350677,-0.332663208246,-0.0,1.76679842369,4.85558996039,-2.45841480913,map_000000177.png
-1.44088448435,4.30859624447,2.74431479508,-0.422063350677,-0.332663208246,-0.0,1.76679842369,4.85558996039,-2.45841480913,map_000000178.png
-1.38703423595,4.32349742578,2.74431616128,-0.422063350677,-0.332663208246,-0.0,1.76679842369,4.85558996039,-2.45841480913,map_000000179.png
-1.33320553915,4.33842007548,2.744313403,-0.422063350677,-0.332663208246,-0.0,1.76679842369,4.85558996039,-2.45841480913,map_000000180.png
-1.2814272961,4.35274945642,2.74431432494,-0.422063350677,-0.332663208246,-0.0,1.76679842369,4.85558996039,-2.45841480913,map_000000181.png
-1.22967060722,4.36710031009,2.74431115045,-0.422063350677,-0.332663208246,-0.0,1.76679842369,4.85558996039,-2.45841480913,map_000000182.png
-1.17582030371,4.38200129482,2.74431255154,-0.422063350677,-0.332663208246,-0.0,1.76679842369,4.85558996039,-2.45841480913,map_000000183.png
-1.12406358986,4.39635205703,2.74430936714,-0.422063350677,-0.332663208246,-0.0,1.76679842369,4.85558996039,-2.45841480913,map_000000184.png
-1.07021326042,4.41125294744,2.74431079303,-0.422063350677,-0.332663208246,-0.0,1.76679842369,4.85558996039,-2.45841480913,map_000000185.png
-1.01638448348,4.426175307,2.74430800245,-0.422063350677,-0.332663208246,-0.0,1.76679842369,4.85558996039,-2.45841480913,map_000000186.png
-0.964606164091,4.44050440979,2.74430893794,-0.422063350677,-0.332663208246,-0.0,1.76679842369,4.85558996039,-2.45841480913,map_000000187.png
-0.910777359485,4.45542667117,2.7443061195,-0.422063350677,-0.332663208246,-0.0,1.76679842369,4.85558996039,-2.45841480913,map_000000188.png
-0.856939720761,4.47034092724,2.74430485975,-0.422063350677,-0.332663208246,-0.0,1.76679842369,4.85558996039,-2.45841480913,map_000000189.png
-0.805170181487,4.484677848,2.74430434289,-0.422063350677,-0.332663208246,-0.0,1.76679842369,4.85558996039,-2.45841480913,map_000000190.png
-0.751332517264,4.4995920101,2.74430308128,-0.422063350677,-0.332663208246,-0.0,1.76679842369,4.85558996039,-2.45841480913,map_000000191.png
-0.69748209273,4.51449255981,2.74430444911,-0.422063350677,-0.332663208246,-0.0,1.76679842369,4.85558996039,-2.45841480913,map_000000192.png
-0.645725262253,4.528842901,2.74430124998,-0.422063350677,-0.285378575325,-0.0,1.76679842369,4.85558996039,-2.45841480913,map_000000193.png
-0.591874810879,4.54374335368,2.74430266347,-0.422063350677,-0.285378575325,-0.0,1.76679842369,4.85558996039,-2.45841480913,map_000000194.png
-0.539655213432,4.5548300066,2.74429990302,-0.450426489115,-0.261726737022,-0.0,1.76679842369,4.85558996039,-2.45841480913,map_000000195.png
-0.488617855056,4.56270308499,2.74430111896,-0.459887236357,-0.24280525744,-0.0,1.76679842369,4.85558996039,-2.45841480913,map_000000196.png
-0.434856048252,4.56867148358,2.74429850862,-0.48826944828,-0.188425093889,-0.0,1.76679842369,4.85558996039,-2.45841480913,map_000000197.png
-0.380842805222,4.57149497066,2.74429752114,-0.48826944828,-0.188425093889,-0.0,1.76679842369,4.85558996039,-2.45841480913,map_000000198.png
-0.328549377685,4.56997640261,2.74429752632,-0.497730195522,-0.174233987927,-0.0,1.76679842369,4.85558996039,-2.45841480913,map_000000199.png
-0.274166894632,4.56840061761,2.74429648372,-0.497730195522,-0.174233987927,-0.0,1.76679842369,4.85558996039,-2.45841480913,map_000000200.png
-0.219448500208,4.5651375069,2.74429842679,-0.5,-0.112758263946,-0.0,1.76679842369,4.85558996039,-2.45841480913,map_000000201.png
-0.168579432111,4.55735498211,2.74429567934,-0.5,-0.105662710965,-0.0,1.76679842369,4.85558996039,-2.45841480913,map_000000202.png
-0.168579432111,4.55735498211,2.74429567934,-0.5,-0.0985671579838,-0.0,1.76679842369,4.85558996039,-2.45841480913,map_000000203.png
-0.116267926051,4.54764824282,2.74429789913,-0.5,-0.0985671579838,-0.0,1.76679842369,4.85558996039,-2.45841480913,map_000000204.png
-0.0642194842869,4.5373874821,2.74429551671,-0.5,-0.0985671579838,-0.0,1.76679842369,4.85558996039,-2.45841480913,map_000000205.png
-0.0143113957808,4.52712457914,2.74429730242,-0.5,-0.0985671579838,-0.0,1.76679842369,4.85558996039,-2.45841480913,map_000000206.png
0.0375723830003,4.51647138534,2.74429499537,-0.5,-0.0985671579838,-0.0,1.76679842369,4.85558996039,-2.45841480913,map_000000207.png
0.0894649332934,4.50580992697,2.74429426602,-0.5,-0.0985671579838,-0.0,1.76679842369,4.85558996039,-2.45841480913,map_000000208.png
0.139364240202,4.49555523362,2.74429448695,-0.5,-0.0985671579838,-0.0,1.76679842369,4.85558996039,-2.45841480913,map_000000209.png
0.191256784665,4.48489374815,2.74429369389,-0.5,-0.0985671579838,-0.0,1.76679842369,4.85558996039,-2.45841480913,map_000000210.png
0.2431621181,4.47421898498,2.74429601438,-0.5,-0.0985671579838,-0.0,1.76679842369,4.85558996039,-2.45841480913,map_000000211.png
0.293048625378,4.46397751567,2.74429317221,-0.5,-0.131679743528,-0.0,1.76679842369,4.85558996039,-2.45841480913,map_000000212.png
0.345107633712,4.4536689678,2.74429550113,-0.5,-0.152947321534,-0.0,1.76679842369,4.85558996039,-2.45841480913,map_000000213.png
0.398323285934,4.44618977955,2.74429294116,-0.5,-0.152947321534,-0.0,1.76679842369,4.85558996039,-2.45841480913,map_000000214.png
0.449512030082,4.43897879698,2.74429475014,-0.5,-0.171868801117,-0.0,1.76679842369,4.85558996039,-2.45841480913,map_000000215.png
0.504135672367,4.43485502313,2.74429219202,-0.5,-0.171868801117,-0.0,1.76679842369,4.85558996039,-2.45841480913,map_000000216.png
0.558976668458,4.4312200417,2.74429135245,-0.5,-0.171868801117,-0.0,1.76679842369,4.85558996039,-2.45841480913,map_000000217.png
0.6117109675,4.4277214551,2.74429131231,-0.5,-0.171868801117,-0.0,1.76679842369,4.85558996039,-2.45841480913,map_000000218.png
0.666551961444,4.4240864239,2.74429040461,-0.5,-0.171868801117,-0.0,1.76679842369,4.85558996039,-2.45841480913,map_000000219.png
0.721405703787,4.42043801708,2.74429236178,-0.5,-0.171868801117,-0.0,1.76679842369,4.85558996039,-2.45841480913,map_000000220.png
0.774127246916,4.41695270475,2.74428948843,-0.5,-0.171868801117,-0.0,1.76679842369,4.85558996039,-2.45841480913,map_000000221.png
0.826861540832,4.41345401872,2.74428948171,-0.5,-0.171868801117,-0.0,1.76679842369,4.85558996039,-2.45841480913,map_000000222.png
0.881702527559,4.40981888367,2.74428855879,-0.5,-0.171868801117,-0.0,1.76679842369,4.85558996039,-2.45841480913,map_000000223.png
0.934436817116,4.40632015003,2.74428853157,-0.5,-0.171868801117,-0.0,1.76679842369,4.85558996039,-2.45841480913,map_000000224.png
0.989277801594,4.40268496581,2.74428764209,-0.5,-0.171868801117,-0.0,1.76679842369,4.85558996039,-2.45841480913,map_000000225.png
1.04413153352,4.39903640508,2.74428956051,-0.5,-0.171868801117,-0.0,1.76679842369,4.85558996039,-2.45841480913,map_000000226.png
1.09685306979,4.39555094489,2.74428669373,-0.5,-0.171868801117,-0.0,1.76679842369,4.85558996039,-2.45841480913,map_000000227.png
1.15170679962,4.39190233273,2.74428866649,-0.5,-0.171868801117,-0.0,1.76679842369,4.85558996039,-2.45841480913,map_000000228.png
1.20653896197,4.38827521272,2.74428624026,-0.5,-0.19315546751,-0.0,1.76679842369,4.85558996039,-2.45841480913,map_000000229.png
1.25971017913,4.38578842128,2.74428777044,-0.5,-0.23807489872,-0.0,1.76679842369,4.85558996039,-2.45841480913,map_000000230.png
1.31595451583,4.38552660512,2.74428519152,-0.49063462019,-0.247535631061,-0.0,1.76679842369,4.85558996039,-2.45841480913,map_000000231.png
1.37337902681,4.38843514362,2.74428409016,-0.0,-0.0,-0.0,1.76679842369,4.85558996039,-2.45841480913,map_000000232.png
1.42817664251,4.3922726312,2.7442838917,-0.0,-0.0,-0.0,1.76679842369,4.85558996039,-2.45841480913,map_000000233.png
1.43036699348,4.39242793471,2.74428287477,-0.0,-0.0,-0.0,1.76679842369,4.85558996039,-2.45841480913,map_000000234.png
1.43037863866,4.39241632335,2.74428578263,-0.0,-0.0,-0.0,1.76679842369,4.85558996039,-2.45841480913,map_000000235.png
1.4303669809,4.39242794078,2.74428288457,-0.0,-0.0,-0.0,1.76679842369,4.85558996039,-2.45841480913,map_000000236.png
1.43037862639,4.39241632955,2.74428582845,-0.0,-0.0,-0.640186786652,1.76679842369,4.85558996039,-2.45841480913,map_000000237.png
1.43031197727,4.39229634474,2.72917357582,-0.0,-0.0,-1.0,1.76679842369,4.85558996039,-2.45841480913,map_000000238.png
1.43004934015,4.39174892842,2.66338048729,-0.0,-0.0,-1.0,1.76679842369,4.85558996039,-2.45841480913,map_000000239.png
1.42957992735,4.39091304372,2.56109682039,-0.0,-0.0,-1.0,1.76679842369,4.85558996039,-2.45841480913,map_000000240.png
1.42900298453,4.39011765281,2.45882401189,-0.0,-0.0,-1.0,1.76679842369,4.85558996039,-2.45841480913,map_000000241.png
1.42900298453,4.39011765281,2.45882401189,-0.0,-0.0,-1.0,1.76679842369,4.85558996039,-2.45841480913,map_000000242.png
1.42836281061,4.38940035849,2.36049302012,-0.0,-0.0,-1.0,1.76679842369,4.85558996039,-2.45841480913,map_000000243.png
1.4276380142,4.38873735809,2.25822035415,-0.0,-0.0,-1.0,1.76679842369,4.85558996039,-2.45841480913,map_000000244.png
1.42684858829,4.38814264952,2.15595035232,-0.0,-0.0,-1.0,1.76679842369,4.85558996039,-2.45841480913,map_000000245.png
1.42605367873,4.38767447586,2.05760108284,-0.0,-0.0,-0.470885336399,1.76679842369,4.85558996039,-2.45841480913,map_000000246.png
1.4251690076,4.38725933286,1.95532676405,-0.0,-0.0,0.044160284102,1.76679842369,4.85558996039,-2.45841480913,map_000000247.png
1.42470988866,4.38705601178,1.90718898284,-0.0,-0.0,0.044160284102,1.76679842369,4.85558996039,-2.45841480913,map_000000248.png
1.42467327657,4.38704676255,1.90342886516,-0.0,-0.0,0.56118196249,1.76679842369,4.85558996039,-2.45841480913,map_000000249.png
1.42500483977,4.3871710263,1.94048387171,-0.0,-0.0,0.542870879173,1.76679842369,4.85558996039,-2.45841480913,map_000000250.png
1.42548678046,4.38738389466,1.99701721464,-0.0,-0.0,0.542870879173,1.76679842369,4.85558996039,-2.45841480913,map_000000251.png
1.42595724055,4.38761188942,2.05039370598,-0.0,-0.0,0.542870879173,1.76679842369,4.85558996039,-2.45841480913,map_000000252.png
1.42642245298,4.38787042907,2.10591098741,-0.0,-0.0,0.542870879173,1.76679842369,4.85558996039,-2.45841480913,map_000000253.png
1.42687304385,4.38815449467,2.16142864315,-0.0,-0.0,0.542870879173,1.76679842369,4.85558996039,-2.45841480913,map_000000254.png
1.4272749016,4.38843502513,2.21482158207,-0.0,-0.0,0.542870879173,1.76679842369,4.85558996039,-2.45841480913,map_000000255.png
1.42769178414,4.38876728717,2.27033954052,-0.0,-0.0,0.542870879173,1.76679842369,4.85558996039,-2.45841480913,map_000000256.png
1.42809697372,4.38912757608,2.32585306548,-0.0,-0.0,0.542870879173,1.76679842369,4.85558996039,-2.45841480913,map_000000257.png
1.42846950632,4.38949684856,2.37922971765,-0.0,-0.0,0.542870879173,1.76679842369,4.85558996039,-2.45841480913,map_000000258.png
1.42882660382,4.3898920089,2.43474743268,-0.0,-0.0,0.542870879173,1.76679842369,4.85558996039,-2.45841480913,map_000000259.png
1.42916029313,4.39030516008,2.49026596381,-0.0,-0.0,0.542870879173,1.76679842369,4.85558996039,-2.45841480913,map_000000260.png
1.42945558319,4.39071262132,2.54365168929,-0.0,-0.0,0.542870879173,1.76679842369,4.85558996039,-2.45841480913,map_000000261.png
1.42973801341,4.39114311673,2.59703163381,-0.0,-0.0,0.542870879173,1.76679842369,4.85558996039,-2.45841480913,map_000000262.png
1.43000120532,4.39161548187,2.65254547351,-0.0,-0.0,0.542870879173,1.76679842369,4.85558996039,-2.45841480913,map_000000263.png
1.4302297924,4.39206432231,2.70593209244,-0.0,-0.0,0.542870879173,1.76679842369,4.85558996039,-2.45841480913,map_000000264.png
1.43044106873,4.39256299813,2.76144549199,-0.0,-0.0,0.542870879173,1.76679842369,4.85558996039,-2.45841480913,map_000000265.png
1.43062172878,4.39304337231,2.81697245254,-0.0,-0.0,0.542870879173,1.76679842369,4.85558996039,-2.45841480913,map_000000266.png
1.43077532428,4.39355269986,2.87034512647,-0.0,-0.0,0.542870879173,1.76679842369,4.85558996039,-2.45841480913,map_000000267.png
1.43090160947,4.3940495974,2.92587241324,-0.0,-0.0,0.542870879173,1.76679842369,4.85558996039,-2.45841480913,map_000000268.png
1.43100332326,4.39458286708,2.98138511311,-0.0,-0.0,0.542870879173,1.76679842369,4.85558996039,-2.45841480913,map_000000269.png
1.43107044813,4.39508040416,3.03477246885,-0.0,-0.0,0.542870879173,1.76679842369,4.85558996039,-2.45841480913,map_000000270.png
1.43110873219,4.39562699075,3.09028260508,-0.0,-0.0,0.542870879173,1.76679842369,4.85558996039,-2.45841480913,map_000000271.png
1.43112623385,4.39615433809,-3.13738292657,-0.0,-0.0,0.542870879173,1.76679842369,4.85558996039,-2.45841480913,map_000000272.png
1.43111037668,4.39667654999,-3.08400568201,-0.0,-0.0,0.542870879173,1.76679842369,4.85558996039,-2.45841480913,map_000000273.png
1.43106496573,4.39720736079,-3.0284880622,-0.0,-0.0,0.542870879173,1.76679842369,4.85558996039,-2.45841480913,map_000000274.png
1.43099017011,4.39773483463,-2.97297038067,-0.0,-0.0,0.542870879173,1.76679842369,4.85558996039,-2.45841480913,map_000000275.png
1.43089299018,4.39822741623,-2.91958298726,-0.0,-0.0,0.542870879173,1.76679842369,4.85558996039,-2.45841480913,map_000000276.png
1.43076185618,4.3987437759,-2.86406537858,-0.0,-0.0,0.542870879173,1.76679842369,4.85558996039,-2.45841480913,map_000000277.png
1.43060227191,4.39925206323,-2.80854785588,-0.0,-0.0,0.542870879173,1.76679842369,4.85558996039,-2.45841480913,map_000000278.png
1.43041861139,4.39974118242,-2.75517041508,-0.0,-0.0,0.542870879173,1.76679842369,4.85558996039,-2.45841480913,map_000000279.png
1.43020395506,4.40022869558,-2.69965270391,-0.0,-0.0,0.542870879173,1.76679842369,4.85558996039,-2.45841480913,map_000000280.png
1.42996801997,4.40069549979,-2.64413026597,-0.0,-0.0,0.542870879173,1.76679842369,4.85558996039,-2.45841480913,map_000000281.png
1.42970691822,4.40114851764,-2.59075334938,-0.0,-0.0,0.542870879173,1.76679842369,4.85558996039,-2.45841480913,map_000000282.png
1.42970691822,4.40114851764,-2.59075334938,-0.0,-0.0,0.542870879173,1.76679842369,4.85558996039,-2.45841480913,map_000000283.png
1.42941585806,4.40159518262,-2.53523640481,-0.0,-0.0,0.542870879173,1.76679842369,4.85558996039,-2.45841480913,map_000000284.png
1.42909024708,4.40201512763,-2.47972064082,-0.0,-0.0,0.487975716591,1.76679842369,4.85558996039,-2.45841480913,map_000000285.png
1.42877877737,4.40241645635,-2.4269891188,-0.0,-0.0,-0.0,1.76679842369,4.85558996039,-2.45841480913,map_000000286.png
1.42844672411,4.40276159305,-2.37708759789,-0.0,-0.0,-0.0,1.76679842369,4.85558996039,-2.45841480913,map_000000287.png
1.42844324737,4.4027840888,-2.37516850877,-0.0,-0.0,-0.0,1.76679842369,4.85558996039,-2.45841480913,map_000000288.png
1.42843411909,4.40277494478,-2.37516857537,-0.0,-0.0,-0.0,1.76679842369,4.85558996039,-2.45841480913,map_000000289.png
1.42843657436,4.40277739295,-2.37516851284,-0.0,-0.0,-0.0,1.76679842369,4.85558996039,-2.45841480913,map_000000290.png
1.42845282643,4.40277437658,-2.37516224667,-0.5,-0.0,-0.0,1.76679842369,4.85558996039,-2.45841480913,map_000000291.png
1.43564414296,4.40971673306,-2.37516880244,-0.5,-0.0,-0.0,1.76679842369,4.85558996039,-2.45841480913,map_000000292.png
1.47309063732,4.44576849349,-2.3751698648,-0.5,-0.0,-0.0,1.76679842369,4.85558996039,-2.45841480913,map_000000293.png
1.51054035503,4.48182337592,-2.37517090376,-0.5,-0.0,-0.0,1.76679842369,4.85558996039,-2.45841480913,map_000000294.png
1.546536616,4.51647838066,-2.37517184155,-0.5,-0.0,-0.0,1.76679842369,4.85558996039,-2.45841480913,map_000000295.png
1.58399904714,4.55252657287,-2.37516731809,-0.5,-0.0,-0.0,1.76679842369,4.85558996039,-2.45841480913,map_000000296.png
1.62143626301,4.58858793974,-2.37517439392,-0.5,-0.0,-0.0,1.76679842369,4.85558996039,-2.45841480913,map_000000297.png
1.6574421623,4.6232524012,-2.37517537836,-0.5,-0.0,-0.0,1.76679842369,4.85558996039,-2.45841480913,map_000000298.png
1.69489208002,4.65930707634,-2.37517640822,-0.5,-0.0,-0.0,1.76679842369,4.85558996039,-2.45841480913,map_000000299.png
1.73233506819,4.69535480778,-2.37517743928,-0.5,-0.0,-0.0,1.76679842369,4.85558996039,-2.45841480913,map_000000300.png
1.76835116385,4.73000986596,-2.37517284395,-0.5,-0.0,-0.0,1.76679842369,4.85558996039,-2.45841480913,map_000000301.png
1.80434777768,4.76468394171,-2.37517982807,-0.0,-0.0,-0.0,1.76679842369,4.85558996039,-2.45841480913,map_000000302.png
