3.4464823215,5.90666182027,-2.97028378416,-0.0,-0.0,-0.0,-4.5338337565,0.870833181749,0.649051237894,map_000000067.png
3.44648025054,5.90666387106,-2.97028487623,-0.0,-0.0,-0.461729794741,-4.5338337565,0.870833181749,0.649051237894,map_000000068.png
3.44652504484,5.90639826732,-2.99934746032,-0.0,-0.0,-1.0,-4.5338337565,0.870833181749,0.649051237894,map_000000069.png
3.44660106961,5.90571170687,-3.07197657797,-0.0,-0.0,-1.0,-4.5338337565,0.870833181749,0.649051237894,map_000000070.png
3.44694377507,5.90499099106,3.10961540212,-0.0,-0.0,-0.640186786652,-4.5338337565,0.870833181749,0.649051237894,map_000000071.png
3.4477641734,5.90503059544,3.01680063972,-0.0,-0.0,-0.0,-4.5338337565,0.870833181749,0.649051237894,map_000000072.png
3.44846714909,5.90502311569,2.95266216316,-0.0,-0.0,-0.0,-4.5338337565,0.870833181749,0.649051237894,map_000000073.png
3.44861080508,5.90500402512,2.94773317137,-0.0,-0.0,-0.0,-4.5338337565,0.870833181749,0.649051237894,map_000000074.png
3.44859892795,5.90501581679,2.9477285305,-0.0,-0.0,-0.0,-4.5338337565,0.870833181749,0.649051237894,map_000000075.png
3.44861064957,5.90500414015,2.94773291151,-0.0,-0.0,-0.0956984162331,-4.5338337565,0.870833181749,0.649051237894,map_000000076.png
3.44861040462,5.90500102125,2.94398969019,-0.0,-0.0,-1.0,-4.5338337565,0.870833181749,0.649051237894,map_000000077.png
3.448892059,5.90501967426,2.91730995289,-0.0,-0.0,-1.0,-4.5338337565,0.870833181749,0.649051237894,map_000000078.png
3.44966157015,5.90502747308,2.81662098124,-0.0,-0.0,-0.146053954959,-4.5338337565,0.870833181749,0.649051237894,map_000000079.png
3.45050744573,5.90507632179,2.71629092503,-0.0,-0.0,-0.146053954959,-4.5338337565,0.870833181749,0.649051237894,map_000000080.png
3.45094427058,5.90499274542,2.68938108725,-0.0,-0.0,-0.0,-4.5338337565,0.870833181749,0.649051237894,map_000000081.png
3.4511182353,5.90501221007,2.68447027865,-0.0,-0.0,-0.0,-4.5338337565,0.870833181749,0.649051237894,map_000000082.png
3.45111969867,5.90501072104,2.68447036461,-0.0,-0.0,-0.0,-4.5338337565,0.870833181749,0.649051237894,map_000000083.png
3.45111969434,5.9050107243,2.68447039666,-0.0,0.351165056229,-0.0,-4.5338337565,0.870833181749,0.649051237894,map_000000084.png
3.45049965276,5.90375035404,2.68447006288,-0.0,0.5,-0.0,-4.5338337565,0.870833181749,0.649051237894,map_000000085.png
3.43515908428,5.90518085171,2.68717703866,-0.0,0.5,-0.0,-4.5338337565,0.870833181749,0.649051237894,map_000000086.png
3.41495015161,5.90540650111,2.6910438808,-0.0,0.5,-0.0,-4.5338337565,0.870833181749,0.649051237894,map_000000087.png
3.39317829374,5.90540112978,2.69506985519,-0.0,0.5,-0.0,-4.5338337565,0.870833181749,0.649051237894,map_000000088.png
3.37169270982,5.90544666923,2.6991464018,-0.0,0.5,-0.0,-4.5338337565,0.870833181749,0.649051237894,map_000000089.png
3.35118632953,5.903743695,2.70318957342,-0.0,0.5,-0.0,-4.5338337565,0.870833181749,0.649051237894,map_000000090.png
3.33023205772,5.90367582473,2.70748540139,-0.0,0.5,-0.0,-4.5338337565,0.870833181749,0.649051237894,map_000000091.png
3.30930695911,5.90370591569,2.71157847994,-0.0,0.5,-0.0,-4.5338337565,0.870833181749,0.649051237894,map_000000092.png
3.28945539103,5.90355131652,2.71552249753,-0.0,0.5,-0.0,-4.5338337565,0.870833181749,0.649051237894,map_000000093.png
3.26909161034,5.90549260068,2.71980613345,-0.0,0.5,-0.0,-4.5338337565,0.870833181749,0.649051237894,map_000000094.png
3.24879306129,5.90359590321,2.7237916996,-0.0,0.5,-0.0,-4.5338337565,0.870833181749,0.649051237894,map_000000095.png
3.2294347424,5.90356624632,2.72758163655,-0.0,0.5,-0.0,-4.5338337565,0.870833181749,0.649051237894,map_000000096.png
3.20951078912,5.90542130707,2.7319710774,-0.0,0.5,-0.0,-4.5338337565,0.870833181749,0.649051237894,map_000000097.png
3.18980599118,5.90547549688,2.73616306033,-0.00352107314393,0.5,-0.0,-4.5338337565,0.870833181749,0.649051237894,map_000000098.png
3.17118405026,5.90367133736,2.74072644334,-0.00352107314393,0.5,-0.0,-4.5338337565,0.870833181749,0.649051237894,map_000000099.png
3.15305851882,5.90399110847,2.74502562412,-0.00352107314393,0.5,-0.0,-4.5338337565,0.870833181749,0.649051237894,map_000000100.png
3.13191322704,5.90254999532,2.74893013907,-0.00352107314393,0.5,-0.0,-4.5338337565,0.870833181749,0.649051237894,map_000000101.png
3.10724678695,5.90035120482,2.75251549481,-0.00352107314393,0.5,-0.0,-4.5338337565,0.870833181749,0.649051237894,map_000000102.png
3.07741764073,5.89170069469,2.75567542159,-0.0224425494671,0.5,-0.0,-4.5338337565,0.870833181749,0.649051237894,map_000000103.png
3.07741764073,5.89170069469,2.75567542159,-0.0224425494671,0.5,-0.0,-4.5338337565,0.870833181749,0.649051237894,map_000000104.png
3.04412073937,5.87628595936,2.75836723042,-0.0508247613907,0.5,-0.0,-4.5338337565,0.870833181749,0.649051237894,map_000000105.png
3.01209770752,5.85293219052,2.76019720693,-0.0508247613907,0.5,-0.0,-4.5338337565,0.870833181749,0.649051237894,map_000000106.png
2.98030331859,5.82099791529,2.76154935436,-0.0508247613907,0.5,-0.0,-4.5338337565,0.870833181749,0.649051237894,map_000000107.png
2.95342502033,5.77953908335,2.76221292187,-0.0508247613907,0.5,-0.0,-4.5338337565,0.870833181749,0.649051237894,map_000000108.png
2.93616121576,5.73293569535,2.76250695931,-0.0508247613907,0.5,-0.0,-4.5338337565,0.870833181749,0.649051237894,map_000000109.png
2.92182439151,5.6827037783,2.76249964244,-0.0508247613907,0.5,-0.0,-4.5338337565,0.870833181749,0.649051237894,map_000000110.png
2.90749515747,5.63246243506,2.76250052711,-0.0508247613907,0.5,-0.0,-4.5338337565,0.870833181749,0.649051237894,map_000000111.png
2.89372078576,5.58415081454,2.76250237037,-0.0,0.5,-0.0,-4.5338337565,0.870833181749,0.649051237894,map_000000112.png
2.87939168863,5.53390942936,2.76250323274,-0.0,0.5,-0.0,-4.5338337565,0.870833181749,0.649051237894,map_000000113.png
2.86073423665,5.48538493925,2.76250826504,-0.0,0.5,-0.0,-4.5338337565,0.870833181749,0.649051237894,map_000000114.png
2.84222682846,5.43896609328,2.76250594379,-0.0,0.5,-0.0,-4.5338337565,0.870833181749,0.649051237894,map_000000115.png
2.82300314781,5.39066716659,2.76251096832,-0.0106166265905,0.5,-0.0,-4.5338337565,0.870833181749,0.649051237894,map_000000116.png
2.80411286582,5.34224833316,2.76250914156,-0.029538102448,0.5,-0.0,-4.5338337565,0.870833181749,0.649051237894,map_000000117.png
2.78682394336,5.29533120499,2.76251367357,-0.0484595783055,0.5,-0.0,-4.5338337565,0.870833181749,0.649051237894,map_000000118.png
2.77043151966,5.24591735723,2.76251185647,-0.0484595783055,0.5,-0.0,-4.5338337565,0.870833181749,0.649051237894,map_000000119.png
2.7558041899,5.19579482733,2.76251281991,-0.0484595783055,0.5,-0.0,-4.5338337565,0.870833181749,0.649051237894,map_000000120.png
2.74181077757,5.14757052537,2.76251448488,-0.0484595783055,0.5,-0.0,-4.5338337565,0.870833181749,0.649051237894,map_000000121.png
2.72725387279,5.09741995664,2.76251548208,-0.0484595783055,0.5,-0.0,-4.5338337565,0.870833181749,0.649051237894,map_000000122.png
2.71271063792,5.04725661542,2.76252047571,-0.0484595783055,0.5,-0.0,-4.5338337565,0.870833181749,0.649051237894,map_000000123.png
2.69870382139,4.99904500933,2.76251817122,-0.0484595783055,0.5,-0.0,-4.5338337565,0.870833181749,0.649051237894,map_000000124.png
2.68416072192,4.94888163,2.76252316527,-0.0484595783055,0.5,-0.0,-4.5338337565,0.870833181749,0.649051237894,map_000000125.png
2.66959611391,4.89873973051,2.76252149338,-0.0484595783055,0.5,-0.0,-4.5338337565,0.870833181749,0.649051237894,map_000000126.png
2.6556110686,4.85050656867,2.76252582956,-0.0484595783055,0.5,-0.0,-4.5338337565,0.870833181749,0.649051237894,map_000000127.png
2.64104659722,4.8003646292,2.76252417752,-0.0484595783055,0.5,-0.0,-4.5338337565,0.870833181749,0.649051237894,map_000000128.png
2.62649016954,4.75021391981,2.76252498217,-0.0484595783055,0.5,-0.0,-4.5338337565,0.870833181749,0.649051237894,map_000000129.png
2.61249734675,4.70198944839,2.76252681951,-0.0484595783055,0.5,-0.0,-4.5338337565,0.870833181749,0.649051237894,map_000000130.png
2.59794105471,4.65183870048,2.76252768566,-0.0579012408853,0.476481676102,-0.0,-4.5338337565,0.870833181749,0.649051237894,map_000000131.png
2.58339843167,4.60167518189,2.76253271074,-0.0579012408853,0.476481676102,-0.0,-4.5338337565,0.870833181749,0.649051237894,map_000000132.png
2.57106902391,4.55522472328,2.76253033486,-0.0,-0.0,-0.0,-4.5338337565,0.870833181749,0.649051237894,map_000000133.png
2.56765142249,4.5422247043,2.76253376862,-0.0,-0.0,-0.0,-4.5338337565,0.870833181749,0.649051237894,map_000000134.png
2.56764149326,4.54223459961,2.76253113364,-0.0,-0.0,-0.0,-4.5338337565,0.870833181749,0.649051237894,map_000000135.png
2.56765140991,4.54222471031,2.76253379816,-0.0,-0.0,-0.0,-4.5338337565,0.870833181749,0.649051237894,map_000000136.png
2.5676414806,4.54223460584,2.76253117449,0.013477737084,-0.0,-0.0,-4.5338337565,0.870833181749,0.649051237894,map_000000137.png
2.56758967147,4.54225627767,2.76253070519,0.257034510374,-0.0,-0.0,-4.5338337565,0.870833181749,0.649051237894,map_000000138.png
2.56633984749,4.54275307767,2.76253110625,0.257034510374,-0.0,-0.0,-4.5338337565,0.870833181749,0.649051237894,map_000000139.png
2.54700466708,4.55044880123,2.76253385383,0.384716331959,-0.0,-0.0,-4.5338337565,0.870833181749,0.649051237894,map_000000140.png
2.51458326933,4.56336896941,2.76253121521,0.5,-0.0,-0.0,-4.5338337565,0.870833181749,0.649051237894,map_000000141.png
2.47415738311,4.57946561911,2.76253393424,0.5,-0.0,-0.0,-4.5338337565,0.870833181749,0.649051237894,map_000000142.png
2.42585964599,4.59870971573,2.76253122024,0.5,-0.0,-0.0,-4.5338337565,0.870833181749,0.649051237894,map_000000143.png
2.42585964599,4.59870971573,2.76253122024,0.5,0.0248458813876,-0.0,-4.5338337565,0.870833181749,0.649051237894,map_000000144.png
2.37756956484,4.61794582188,2.76253069511,0.5,0.0248458813876,-0.0,-4.5338337565,0.870833181749,0.649051237894,map_000000145.png
2.33114089897,4.63643846432,2.76253116475,0.5,0.0248458813876,-0.0,-4.5338337565,0.870833181749,0.649051237894,map_000000146.png
2.28204207157,4.65364420134,2.76253072821,0.5,0.0579393915832,-0.0,-4.5338337565,0.870833181749,0.649051237894,map_000000147.png
2.2319287936,4.66825464192,2.76253416621,-0.0,-0.0,-0.0,-4.5338337565,0.870833181749,0.649051237894,map_000000148.png
2.20860164887,4.67456107239,2.76253122218,-0.0,-0.0,-0.0,-4.5338337565,0.870833181749,0.649051237894,map_000000149.png
2.20861330018,4.67454945628,2.76253427562,-0.0,-0.0,-0.0,-4.5338337565,0.870833181749,0.649051237894,map_000000150.png
2.20860337107,4.67455935189,2.76253167517,-0.0,-0.0,-0.0,-4.5338337565,0.870833181749,0.649051237894,map_000000151.png
2.20861328743,4.67454946221,2.76253428514,-0.0,-0.0,-0.0,-4.5338337565,0.870833181749,0.649051237894,map_000000152.png
2.2086033582,4.67455935759,2.76253165525,-0.0,-0.0,-0.0,-4.5338337565,0.870833181749,0.649051237894,map_000000153.png
2.20860161628,4.67456108674,2.76253116777,-0.0,-0.0,-0.0,-4.5338337565,0.870833181749,0.649051237894,map_000000154.png
2.20860334526,4.67455936314,2.76253161945,-0.0,-0.0,-0.0,-4.5338337565,0.870833181749,0.649051237894,map_000000155.png
2.20860160368,4.67456109316,2.76253122683,-0.476443529129,0.209273055196,-0.0,-4.5338337565,0.870833181749,0.649051237894,map_000000156.png
2.21737382534,4.66565593333,2.76253439494,-0.485904276371,0.209273055196,-0.0,-4.5338337565,0.870833181749,0.649051237894,map_000000157.png
2.25389994362,4.62859689262,2.76253190525,-0.485904276371,0.209273055196,-0.0,-4.5338337565,0.870833181749,0.649051237894,map_000000158.png
2.29278775572,4.58968270724,2.76253545513,-0.485904276371,0.209273055196,-0.0,-4.5338337565,0.870833181749,0.649051237894,map_000000159.png
2.33165402174,4.55079005295,2.76253345174,-0.485904276371,0.209273055196,-0.0,-4.5338337565,0.870833181749,0.649051237894,map_000000160.png
2.3690451738,4.51337362208,2.76253657829,-0.14302881062,0.154892876744,-0.0,-4.5338337565,0.870833181749,0.649051237894,map_000000161.png
2.39240090598,4.48370167554,2.76253459685,-0.0,-0.0,-0.0,-4.5338337565,0.870833181749,0.649051237894,map_000000162.png
2.39783704514,4.46953809368,2.76253441655,-0.0,-0.0,-0.0,-4.5338337565,0.870833181749,0.649051237894,map_000000163.png
2.39783877392,4.46953636956,2.76253481164,-0.0,-0.0,-0.0,-4.5338337565,0.870833181749,0.649051237894,map_000000164.png
2.39783703215,4.46953809911,2.76253436733,-0.0,-0.0,0.570299386978,-4.5338337565,0.870833181749,0.649051237894,map_000000165.png
2.3978486836,4.46952648334,2.76253745935,-0.0,-0.0,0.570299386978,-4.5338337565,0.870833181749,0.649051237894,map_000000166.png
2.39798951718,4.46993977137,2.80739803511,-0.0,-0.0,1.0,-4.5338337565,0.870833181749,0.649051237894,map_000000167.png
2.39822418806,4.47072073338,2.89276742532,-0.0,-0.0,1.0,-4.5338337565,0.870833181749,0.649051237894,map_000000168.png
2.39841605296,4.47166325356,2.9950477792,-0.0,-0.0,1.0,-4.5338337565,0.870833181749,0.649051237894,map_000000169.png
2.39851300051,4.47258491739,3.09339258291,-0.0,-0.0,1.0,-4.5338337565,0.870833181749,0.649051237894,map_000000170.png
2.3985144606,4.47358436088,-3.08752952871,-0.0,-0.0,1.0,-4.5338337565,0.870833181749,0.649051237894,map_000000171.png
2.39841356752,4.47456153374,-2.98525972505,-0.0,-0.0,1.0,-4.5338337565,0.870833181749,0.649051237894,map_000000172.png
2.39822803638,4.47549774766,-2.88692564731,-0.0,-0.0,1.0,-4.5338337565,0.870833181749,0.649051237894,map_000000173.png
2.39793596759,4.47642489405,-2.78464884688,-0.0,-0.0,1.0,-4.5338337565,0.870833181749,0.649051237894,map_000000174.png
2.39755161062,4.47732625096,-2.68237547797,-0.0,-0.0,1.0,-4.5338337565,0.870833181749,0.649051237894,map_000000175.png
2.39710412036,4.47813862221,-2.58402839259,-0.0,-0.0,1.0,-4.5338337565,0.870833181749,0.649051237894,map_000000176.png
2.39655574606,4.4789408116,-2.48175066817,-0.0,-0.0,-0.0,-4.5338337565,0.870833181749,0.649051237894,map_000000177.png
2.39591106106,4.47969628979,-2.37948280492,-0.0,0.00119403668214,-0.0,-4.5338337565,0.870833181749,0.649051237894,map_000000178.png
2.39588205274,4.47972326305,-2.37950121881,-0.0,0.00119403668214,-0.0,-4.5338337565,0.870833181749,0.649051237894,map_000000179.png
2.39595766881,4.47964449948,-2.37949480911,-0.0,0.256576746702,-0.0,-4.5338337565,0.870833181749,0.649051237894,map_000000180.png
2.40661796418,4.46847539964,-2.37949463643,-0.0,0.5,-0.0,-4.5338337565,0.870833181749,0.649051237894,map_000000181.png
2.43103479563,4.44289274064,-2.3795004289,-0.0,0.5,-0.0,-4.5338337565,0.870833181749,0.649051237894,map_000000182.png
2.46692169036,4.40529299124,-2.3795009438,-0.0,0.5,-0.0,-4.5338337565,0.870833181749,0.649051237894,map_000000183.png
2.46692169036,4.40529299124,-2.3795009438,-0.0,0.5,-0.0,-4.5338337565,0.870833181749,0.649051237894,map_000000184.png
2.50280856785,4.3676932243,-2.37950145913,-0.0,0.5,-0.0,-4.5338337565,0.870833181749,0.649051237894,map_000000185.png
2.53732495726,4.33152977949,-2.37949542766,-0.0,0.5,-0.0,-4.5338337565,0.870833181749,0.649051237894,map_000000186.png
2.57321179748,4.29392997464,-2.37949631853,-0.0,0.5,-0.0,-4.5338337565,0.870833181749,0.649051237894,map_000000187.png
2.60909861455,4.25633015348,-2.37949652473,-0.0,0.5,-0.0,-4.5338337565,0.870833181749,0.649051237894,map_000000188.png
2.64359535832,4.22018626655,-2.37950347698,-0.0,-0.0,-0.0,-4.5338337565,0.870833181749,0.649051237894,map_000000189.png
2.66844006328,4.19415558826,-2.37950378625,0.318510234356,-0.0,-0.0,-4.5338337565,0.870833181749,0.649051237894,map_000000190.png
2.66566758389,4.19150894767,-2.37950366423,0.5,-0.0,-0.0,-4.5338337565,0.870833181749,0.649051237894,map_000000191.png
2.64264753222,4.16953831832,-2.37950324019,0.5,-0.0,-0.0,-4.5338337565,0.870833181749,0.649051237894,map_000000192.png
2.60609210678,4.13464828909,-2.37950211102,0.5,-0.0,-0.0,-4.5338337565,0.870833181749,0.649051237894,map_000000193.png
2.56849008723,4.09875930257,-2.37950068942,0.5,-0.0,-0.0,-4.5338337565,0.870833181749,0.649051237894,map_000000194.png
2.53233368773,4.06425004629,-2.37949971432,0.5,-0.0,-0.0,-4.5338337565,0.870833181749,0.649051237894,map_000000195.png
2.49472287893,4.02835220328,-2.37949840528,0.5,-0.0,-0.0,-4.5338337565,0.870833181749,0.649051237894,map_000000196.png
2.45712320059,3.99246539286,-2.37949741536,0.5,-0.0,-0.0,-4.5338337565,0.870833181749,0.649051237894,map_000000197.png
2.42097439279,3.95796351083,-2.37949645828,0.5,-0.0,-0.0,-4.5338337565,0.870833181749,0.649051237894,map_000000198.png
2.38337257829,3.92207430961,-2.37949501633,0.5,-0.0,-0.0,-4.5338337565,0.870833181749,0.649051237894,map_000000199.png
2.34577056497,3.88618493055,-2.37949401023,0.5,-0.0,-0.0,-4.5338337565,0.870833181749,0.649051237894,map_000000200.png
2.30960576664,3.8516667951,-2.37949251251,0.5,-0.0,-0.0,-4.5338337565,0.870833181749,0.649051237894,map_000000201.png
2.27200629383,3.8157797698,-2.3794918566,0.5,-0.0,-0.0,-4.5338337565,0.870833181749,0.649051237894,map_000000202.png
2.23442102881,3.77988759322,-2.37948369642,0.5,-0.0,-0.0,-4.5338337565,0.870833181749,0.649051237894,map_000000203.png
2.19825607028,3.74538826932,-2.37948937473,0.5,-0.0,-0.0,-4.5338337565,0.870833181749,0.649051237894,map_000000204.png
2.16065426033,3.70949867641,-2.37948834433,0.5,-0.0,-0.0,-4.5338337565,0.870833181749,0.649051237894,map_000000205.png
2.12305576427,3.67361229144,-2.37948731825,0.5,-0.0,-0.0,-4.5338337565,0.870833181749,0.649051237894,map_000000206.png
2.08689038867,3.63909309698,-2.37948625032,0.5,-0.0,-0.804910421371,-4.5338337565,0.870833181749,0.649051237894,map_000000207.png
2.04917822901,3.60332764588,-2.42381376869,0.5,-0.0,-1.0,-4.5338337565,0.870833181749,0.649051237894,map_000000208.png
2.0091926588,3.57010851739,-2.51380516573,0.5,-0.0,-1.0,-4.5338337565,0.870833181749,0.649051237894,map_000000209.png
1.96792475087,3.54192545515,-2.61214469479,0.5,-0.0,-0.315317243338,-4.5338337565,0.870833181749,0.649051237894,map_000000210.png
1.92229147229,3.51704528075,-2.71441027636,0.5,-0.0,-0.0,-4.5338337565,0.870833181749,0.649051237894,map_000000211.png
1.87479271971,3.49592870246,-2.74663855255,0.5,-0.0,-0.0,-4.5338337565,0.870833181749,0.649051237894,map_000000212.png
1.8285974992,3.47685704413,-2.75159618173,0.5,-0.0,-0.0,-4.5338337565,0.870833181749,0.649051237894,map_000000213.png
1.78051758694,3.45709169044,-2.75159304424,0.5,-0.0,-0.0,-4.5338337565,0.870833181749,0.649051237894,map_000000214.png
1.7324407826,3.43732934343,-2.75159051589,0.5,-0.0,-0.0,-4.5338337565,0.870833181749,0.649051237894,map_000000215.png
1.68621231136,3.41832667124,-2.75158864327,0.5,-0.0,-0.0,-4.5338337565,0.870833181749,0.649051237894,map_000000216.png
1.63812673087,3.39855520306,-2.75158358887,0.5,-0.0,-0.0,-4.5338337565,0.870833181749,0.649051237894,map_000000217.png
1.59005217734,3.37879488485,-2.7515825312,0.5,-0.0,-0.0,-4.5338337565,0.870833181749,0.649051237894,map_000000218.png
1.54383167618,3.35979908795,-2.75158206288,0.5,-0.0,-0.0,-4.5338337565,0.870833181749,0.649051237894,map_000000219.png
1.49761378694,3.34078650508,-2.75157348885,0.5,-0.0,-0.0,-4.5338337565,0.870833181749,0.649051237894,map_000000220.png
1.44952682582,3.32103303452,-2.75157764454,0.5,-0.0,-0.0,-4.5338337565,0.870833181749,0.649051237894,map_000000221.png
1.40329984065,3.30203034016,-2.7515755007,0.5,-0.0,-0.0,-4.5338337565,0.870833181749,0.649051237894,map_000000222.png
1.35522631032,3.28227029927,-2.75157422872,0.5,-0.0,-0.0,-4.5338337565,0.870833181749,0.649051237894,map_000000223.png
1.35522631032,3.28227029927,-2.75157422872,0.5,-0.0,-0.0,-4.5338337565,0.870833181749,0.649051237894,map_000000224.png
1.30714683244,3.26250389112,-2.75157110005,0.5,-0.0,-0.0,-4.5338337565,0.870833181749,0.649051237894,map_000000225.png
1.26092915099,3.24349080276,-2.75156242529,0.5,-0.0,-0.0,-4.5338337565,0.870833181749,0.649051237894,map_000000226.png
1.21284240687,3.22373680304,-2.75156669898,0.5,-0.0,-0.0,-4.5338337565,0.870833181749,0.649051237894,map_000000227.png
1.16475726101,3.2039642777,-2.75156185139,0.5,-0.0,-0.0,-4.5338337565,0.870833181749,0.649051237894,map_000000228.png
1.11854231678,3.18497303257,-2.75156324257,0.5,-0.0,-0.0,-4.5338337565,0.870833181749,0.649051237894,map_000000229.png
1.07046305651,3.16520609515,-2.7515601207,0.5,-0.0,-0.0,-4.5338337565,0.870833181749,0.649051237894,map_000000230.png
1.02238690227,3.1454421656,-2.75155760895,0.5,-0.0,-0.0,-4.5338337565,0.870833181749,0.649051237894,map_000000231.png
0.976159056032,3.12643797309,-2.7515557021,0.5,-0.0,-0.0,-4.5338337565,0.870833181749,0.649051237894,map_000000232.png
0.928074126617,3.1066649212,-2.75155090191,0.5,-0.0,-0.0,-4.5338337565,0.870833181749,0.649051237894,map_000000233.png
0.880000223488,3.08690302131,-2.75154973884,0.5,-0.0,-0.0,-4.5338337565,0.870833181749,0.649051237894,map_000000234.png
0.833780346696,3.06790570539,-2.75154914328,0.5,-0.0,-0.0,-4.5338337565,0.870833181749,0.649051237894,map_000000235.png
0.785704409381,3.04814124839,-2.75154664304,0.5,-0.0,-0.0,-4.5338337565,0.870833181749,0.649051237894,map_000000236.png
0.73762822076,3.02837664103,-2.75154462859,0.5,-0.0,-0.0,-4.5338337565,0.870833181749,0.649051237894,map_000000237.png
0.691392059791,3.00936296864,-2.75153990821,0.5,-0.0,-0.0,-4.5338337565,0.870833181749,0.649051237894,map_000000238.png
0.643318372855,2.98960054287,-2.75153865878,0.5,-0.0,-0.0,-4.5338337565,0.870833181749,0.649051237894,map_000000239.png
0.595259337468,2.96983271011,-2.7515316673,0.5,-0.0,-0.0,-4.5338337565,0.870833181749,0.649051237894,map_000000240.png
0.549022985159,2.95083773384,-2.75153566754,0.5,-0.0,-0.0,-4.5338337565,0.870833181749,0.649051237894,map_000000241.png
0.500947013506,2.93107259946,-2.75153368168,0.5,-0.0,-0.0,-4.5338337565,0.870833181749,0.649051237894,map_000000242.png
0.45287430808,2.91131055119,-2.75153242524,0.5,-0.0,-0.0,-4.5338337565,0.870833181749,0.649051237894,map_000000243.png
0.406637590242,2.89229546789,-2.7515277013,0.5,-0.0,-0.754554867744,-4.5338337565,0.870833181749,0.649051237894,map_000000244.png
0.358578771467,2.87252710829,-2.75152070506,0.5,-0.0,-0.754554867744,-4.5338337565,0.870833181749,0.649051237894,map_000000245.png
0.310218792742,2.85346289442,-2.81681687724,0.5,-0.0,-0.864383399487,-4.5338337565,0.870833181749,0.649051237894,map_000000246.png
0.262515900114,2.83856717385,-2.89792134612,0.5,-0.0,-0.0,-4.5338337565,0.870833181749,0.649051237894,map_000000247.png
0.211782491244,2.82729703809,-2.94551689345,0.5,-0.0,-0.0,-4.5338337565,0.870833181749,0.649051237894,map_000000248.png
0.160798220448,2.81717251162,-2.9455180516,0.5,-0.0,-0.0,-4.5338337565,0.870833181749,0.649051237894,map_000000249.png
0.1117797557,2.80743355958,-2.94551700144,0.5,-0.0,-0.0,-4.5338337565,0.870833181749,0.649051237894,map_000000250.png
0.060795505391,2.79730903687,-2.94551803393,0.5,-0.0,-0.0,-4.5338337565,0.870833181749,0.649051237894,map_000000251.png
0.0098258457228,2.78717075487,-2.94551094326,0.5,-0.0,-0.978751480579,-4.5338337565,0.870833181749,0.649051237894,map_000000252.png
-0.0393313066308,2.77807219744,-3.01867325854,0.5,-0.0,-0.0,-4.5338337565,0.870833181749,0.649051237894,map_000000253.png
-0.0910409830111,2.77294278429,-3.06100182096,0.5,-0.0,-0.0,-4.5338337565,0.870833181749,0.649051237894,map_000000254.png
-0.142859734855,2.76876844508,-3.06100731251,0.5,-0.0,-0.0,-4.5338337565,0.870833181749,0.649051237894,map_000000255.png
-0.192666477311,2.76473533276,-3.06100181351,0.5,-0.0,-0.0,-4.5338337565,0.870833181749,0.649051237894,map_000000256.png
-0.244485213716,2.76056099287,-3.06100725107,0.5,-0.0,-0.0,-4.5338337565,0.870833181749,0.649051237894,map_000000257.png
-0.296296673264,2.75637871472,-3.06100830419,0.5,-0.0,-0.0,-4.5338337565,0.870833181749,0.649051237894,map_000000258.png
-0.346110692428,2.75235353931,-3.06100733187,0.5,-0.0,-0.0,-4.5338337565,0.870833181749,0.649051237894,map_000000259.png
-0.395917435036,2.7483204274,-3.06100186206,0.5,-0.0,-0.0,-4.5338337565,0.870833181749,0.649051237894,map_000000260.png
-0.447736171231,2.74414608729,-3.06100730011,0.5,-0.0,-0.0,-4.5338337565,0.870833181749,0.649051237894,map_000000261.png
-0.497542913966,2.74011297462,-3.06100187871,0.5,-0.0,-0.0,-4.5338337565,0.870833181749,0.649051237894,map_000000262.png
-0.549361650065,2.73593863524,-3.06100722172,0.5,-0.0,-0.0,-4.5338337565,0.870833181749,0.649051237894,map_000000263.png
-0.549361650065,2.73593863524,-3.06100722172,0.5,-0.0,-0.0,-4.5338337565,0.870833181749,0.649051237894,map_000000264.png
-0.601173109604,2.73175635734,-3.06100830166,0.5,-0.0,-0.0,-4.5338337565,0.870833181749,0.649051237894,map_000000265.png
-0.650987128713,2.7277311814,-3.06100738239,0.5,-0.0,-0.0,-4.5338337565,0.870833181749,0.649051237894,map_000000266.png
-0.702798588538,2.72354890589,-3.06100826349,0.5,-0.0,-0.0,-4.5338337565,0.870833181749,0.649051237894,map_000000267.png
-0.754595595336,2.71935294886,-3.06100178603,0.5,-0.0,-0.0,-4.5338337565,0.870833181749,0.649051237894,map_000000268.png
-0.804424067286,2.7153414529,-3.06100828205,0.5,-0.0,-0.0,-4.5338337565,0.870833181749,0.649051237894,map_000000269.png
-0.856221074449,2.71114549585,-3.06100190277,0.5,-0.0,-0.0,-4.5338337565,0.870833181749,0.649051237894,map_000000270.png
-0.908039810653,2.70697115725,-3.06100726416,0.5,-0.0,-0.0,-4.5338337565,0.870833181749,0.649051237894,map_000000271.png
-0.957846553331,2.70293804483,-3.06100184957,0.5,-0.0,-0.0,-4.5338337565,0.870833181749,0.649051237894,map_000000272.png
-1.00966528954,2.69876370489,-3.06100726978,0.5,-0.0,-0.0,-4.5338337565,0.870833181749,0.649051237894,map_000000273.png
-1.06147674913,2.6945814271,-3.06100828865,0.5,-0.0,-0.0,-4.5338337565,0.870833181749,0.649051237894,map_000000274.png
-1.11129076826,2.69055625138,-3.06100734537,0.5,-0.0,0.0807443484664,-4.5338337565,0.870833181749,0.649051237894,map_000000275.png
-1.16310174145,2.68637840618,-3.05878293174,0.5,-0.0,0.131099879742,-4.5338337565,0.870833181749,0.649051237894,map_000000276.png
-1.21488317268,2.68194706657,-3.04992316414,0.5,-0.0,0.131099879742,-4.5338337565,0.870833181749,0.649051237894,map_000000277.png
-1.26465072862,2.67719787018,-3.03703781772,0.5,-0.0,0.131099879742,-4.5338337565,0.870833181749,0.649051237894,map_000000278.png
-1.31632810943,2.67156746312,-3.02363071311,0.5,-0.0,0.144795075059,-4.5338337565,0.870833181749,0.649051237894,map_000000279.png
-1.36792386748,2.66523578973,-3.00919994788,0.5,-0.0,0.158528402448,-4.5338337565,0.870833181749,0.649051237894,map_000000280.png
-1.41744233297,2.65842859947,-2.99420412049,0.5,-0.0,0.323252052069,-4.5338337565,0.870833181749,0.649051237894,map_000000281.png
-1.46882967002,2.650564441,-2.97216501264,0.5,-0.0,0.336985379457,-4.5338337565,0.870833181749,0.649051237894,map_000000282.png
-1.51996957225,2.64129073263,-2.93883557269,0.5,-0.0,-0.0,-4.5338337565,0.870833181749,0.649051237894,map_000000283.png
-1.56882593192,2.63076668678,-2.90570545949,0.5,-0.0,-0.0,-4.5338337565,0.870833181749,0.649051237894,map_000000284.png
-1.6193707785,2.61861058238,-2.90569835215,0.5,-0.0,-0.0,-4.5338337565,0.870833181749,0.649051237894,map_000000285.png
-1.66989685515,2.60647264263,-2.90569778897,0.5,-0.0,-0.0,-4.5338337565,0.870833181749,0.649051237894,map_000000286.png
-1.71849822102,2.59478326631,-2.90569069388,0.5,-0.0,-0.0,-4.5338337565,0.870833181749,0.649051237894,map_000000287.png
-1.76902420473,2.58264494001,-2.90569014766,0.5,-0.0,-0.0,-4.5338337565,0.870833181749,0.649051237894,map_000000288.png
-1.81955997227,2.57049710343,-2.90568605525,0.5,-0.0,-0.0,-4.5338337565,0.870833181749,0.649051237894,map_000000289.png
-1.86815137132,2.55881647748,-2.90568249178,0.5,-0.0,-0.0,-4.5338337565,0.870833181749,0.649051237894,map_000000290.png
-1.91868704607,2.54666825448,-2.90567844238,0.5,-0.0,-0.0,-4.5338337565,0.870833181749,0.649051237894,map_000000291.png
-1.96923152618,2.53451078725,-2.905671291,0.5,-0.0,-0.0,-4.5338337565,0.870833181749,0.649051237894,map_000000292.png
-2.01781393831,2.52283864941,-2.90567081826,0.5,-0.0,-0.0,-4.5338337565,0.870833181749,0.649051237894,map_000000293.png
-2.06835832476,2.51068079367,-2.90566370374,0.5,-0.0,-0.0,-4.5338337565,0.870833181749,0.649051237894,map_000000294.png
-2.11888398025,2.49854110256,-2.90566315325,0.5,-0.0,-0.0,-4.5338337565,0.870833181749,0.649051237894,map_000000295.png
-2.1674849413,2.48685004275,-2.905656,0.5,-0.0,-0.301583915949,-4.5338337565,0.870833181749,0.649051237894,map_000000296.png
-2.21801050416,2.4747099663,-2.90565549027,0.5,-0.0,-1.0,-4.5338337565,0.870833181749,0.649051237894,map_000000297.png
-2.26865925084,2.46302169702,-2.93649599566,0.5,-0.0,-1.0,-4.5338337565,0.870833181749,0.649051237894,map_000000298.png
-2.31777939117,2.45377057484,-3.02109309669,0.5,-0.0,-0.0,-4.5338337565,0.870833181749,0.649051237894,map_000000299.png
-2.36751679995,2.44890969611,-3.06042189688,0.5,-0.0,-0.0,-4.5338337565,0.870833181749,0.649051237894,map_000000300.png
-2.41932342326,2.44469520342,-3.06041535031,0.5,-0.0,-0.0,-4.5338337565,0.870833181749,0.649051237894,map_000000301.png
-2.46912774464,2.44063260595,-3.06040383069,0.5,-0.0,-0.0,-4.5338337565,0.870833181749,0.649051237894,map_000000302.png
-2.52093430199,2.43641745126,-3.06039727869,0.5,-0.0,-0.0,-4.5338337565,0.870833181749,0.649051237894,map_000000303.png
-2.52093430199,2.43641745126,-3.06039727869,0.5,-0.0,-0.0,-4.5338337565,0.870833181749,0.649051237894,map_000000304.png
-2.57274083199,2.43220195499,-3.06039098711,0.5,-0.0,-0.0,-4.5338337565,0.870833181749,0.649051237894,map_000000305.png
-2.62256447839,2.42815816144,-3.06038971135,0.5,-0.0,-0.0,-4.5338337565,0.870833181749,0.649051237894,map_000000306.png
-2.67437095393,2.42394200493,-3.06038320797,0.5,-0.0,-0.0,-4.5338337565,0.870833181749,0.649051237894,map_000000307.png
-2.726177402,2.41972550871,-3.06037665958,0.5,-0.0,0.0715887919068,-4.5338337565,0.870833181749,0.649051237894,map_000000308.png
-2.77599313683,2.41567516953,-3.05811822554,0.5,-0.0,0.368991672993,-4.5338337565,0.870833181749,0.649051237894,map_000000309.png
-2.82778370203,2.41125007295,-3.04845515806,0.5,-0.0,-0.0,-4.5338337565,0.870833181749,0.649051237894,map_000000310.png
-2.87948226205,2.40583788299,-3.01072300977,0.5,-0.0,-0.0,-4.5338337565,0.870833181749,0.649051237894,map_000000311.png
-2.92903470676,2.39925143216,-3.00926423361,0.5,-0.0,-0.0,-4.5338337565,0.870833181749,0.649051237894,map_000000312.png
-2.98054574798,2.39240300581,-3.00926415312,0.5,-0.0,-0.0,-4.5338337565,0.870833181749,0.649051237894,map_000000313.png
-3.03206664265,2.38554509465,-3.00925999954,0.5,-0.0,-0.0,-4.5338337565,0.870833181749,0.649051237894,map_000000314.png
-3.08160528707,2.37895086205,-3.00925629343,0.5,-0.0,-0.0,-4.5338337565,0.870833181749,0.649051237894,map_000000315.png
-3.13312612708,2.3720925477,-3.00925220571,0.5,-0.0,-0.0,-4.5338337565,0.870833181749,0.649051237894,map_000000316.png
-3.18465582585,2.3652249156,-3.00924440423,0.5,-0.0,-0.0,-4.5338337565,0.870833181749,0.649051237894,map_000000317.png
-3.23418550733,2.35863921658,-3.00924435206,0.5,-0.0,-0.0,-4.5338337565,0.870833181749,0.649051237894,map_000000318.png
-3.28571515308,2.3517711796,-3.00923660723,0.5,-0.0,-0.0,-4.5338337565,0.870833181749,0.649051237894,map_000000319.png
-3.33722600525,2.34492133487,-3.00923665673,0.5,-0.0,-0.0,-4.5338337565,0.870833181749,0.649051237894,map_000000320.png
-3.38677437587,2.33831665615,-3.00922878728,0.5,-0.0,-0.0,-4.5338337565,0.870833181749,0.649051237894,map_000000321.png
-3.43828517393,2.33146640964,-3.00922877095,0.5,-0.0,0.277512431145,-4.5338337565,0.870833181749,0.649051237894,map_000000322.png
-3.48981413615,2.32463588267,-3.00595368403,0.5,-0.0,0.81280708313,-4.5338337565,0.870833181749,0.649051237894,map_000000323.png
-3.53927635374,2.31748370493,-2.9786642501,0.5,-0.0,0.81280708313,-4.5338337565,0.870833181749,0.649051237894,map_000000324.png
-3.5903693383,2.30794045342,-2.89974596748,0.5,-0.0,1.0,-4.5338337565,0.870833181749,0.649051237894,map_000000325.png
-3.64046461773,2.2941231863,-2.80262433247,0.5,-0.0,1.0,-4.5338337565,0.870833181749,0.649051237894,map_000000326.png
-3.68712294645,2.27619118233,-2.70430107182,0.5,-0.0,-0.0,-4.5338337565,0.870833181749,0.649051237894,map_000000327.png
-3.73351816964,2.25276321243,-2.64137844163,0.5,-0.0,-0.0,-4.5338337565,0.870833181749,0.649051237894,map_000000328.png
-3.77912962618,2.22783270958,-2.64137622463,0.5,-0.0,-0.0,-4.5338337565,0.870833181749,0.649051237894,map_000000329.png
-3.82298748743,2.20386061313,-2.64137463153,0.5,-0.0,-0.0,-4.5338337565,0.870833181749,0.649051237894,map_000000330.png
-3.86860765818,2.17892109948,-2.64137074743,0.5,-0.0,-0.0,-4.5338337565,0.870833181749,0.649051237894,map_000000331.png
-3.91421677547,2.15399269875,-2.6413695123,0.5,-0.0,-0.0,-4.5338337565,0.870833181749,0.649051237894,map_000000332.png
-3.95806676481,2.13002761692,-2.64136894636,0.5,-0.0,-0.0,-4.5338337565,0.870833181749,0.649051237894,map_000000333.png
-4.00367794057,2.10509670029,-2.64136670935,0.5,-0.0,-0.0,-4.5338337565,0.870833181749,0.649051237894,map_000000334.png
-4.04928935217,2.08016562509,-2.64136495862,0.5,-0.0,-0.0,-4.5338337565,0.870833181749,0.649051237894,map_000000335.png
-4.09315550602,2.05618423811,-2.64136144881,0.5,-0.0,-0.0,-4.5338337565,0.870833181749,0.649051237894,map_000000336.png
-4.13876438667,2.03125540419,-2.64135999475,0.5,-0.0,-0.0,-4.5338337565,0.870833181749,0.649051237894,map_000000337.png
-4.18435875333,2.00632121147,-2.64135261431,0.5,-0.0,-0.0,-4.5338337565,0.870833181749,0.649051237894,map_000000338.png
-4.2282250868,1.9823585542,-2.64135719251,0.5,-0.0701849386096,0.153950616717,-4.5338337565,0.870833181749,0.649051237894,map_000000339.png
-4.27383608495,1.96156369398,-2.63348438671,0.5,-0.174233987927,0.854007065296,-4.5338337565,0.870833181749,0.649051237894,map_000000340.png
-4.32445092754,1.94529497532,-2.59569934488,-0.0,-0.0,-0.0,-4.5338337565,0.870833181749,0.649051237894,map_000000341.png
-4.37003352127,1.93457485727,-2.52181536241,-0.0,-0.0,-0.0,-4.5338337565,0.870833181749,0.649051237894,map_000000342.png
-4.37003361878,1.93457474819,-2.52181529976,-0.0,-0.0,-0.0,-4.5338337565,0.870833181749,0.649051237894,map_000000343.png
-4.37003358699,1.93457478545,-2.52181534309,-0.0,-0.0,-0.0,-4.5338337565,0.870833181749,0.649051237894,map_000000344.png
-4.37003358699,1.93457478545,-2.52181534309,-0.0,-0.0,-0.0,-4.5338337565,0.870833181749,0.649051237894,map_000000345.png
-4.37004273126,1.9345656411,-2.52181428866,-0.0,-0.0,-0.0,-4.5338337565,0.870833181749,0.649051237894,map_000000346.png
-4.37004028228,1.93456808038,-2.52181446732,-0.0,-0.0,-0.0,-4.5338337565,0.870833181749,0.649051237894,map_000000347.png
-4.37002394459,1.93456502368,-2.5218089515,-0.0,-0.0,-0.0,-4.5338337565,0.870833181749,0.649051237894,map_000000348.png
-4.37003363407,1.93457468379,-2.52181527734,-0.0,-0.0,-0.0,-4.5338337565,0.870833181749,0.649051237894,map_000000349.png
-4.37003360206,1.9345747215,-2.52181530173,-0.0,-0.0,-0.0,-4.5338337565,0.870833181749,0.649051237894,map_000000350.png
-4.37003034852,1.93457795681,-2.52181566553,-0.0,-0.0,-0.0,-4.5338337565,0.870833181749,0.649051237894,map_000000351.png
-4.37004029519,1.93456801393,-2.52181477565,-0.0,-0.0,-0.0,-4.5338337565,0.870833181749,0.649051237894,map_000000352.png
-4.3700239591,1.93456495861,-2.52180915115,-0.0,-0.0,-0.0,-4.5338337565,0.870833181749,0.649051237894,map_000000353.png
-4.37003365589,1.93457459533,-2.52181530808,-0.0,-0.0,-0.0,-4.5338337565,0.870833181749,0.649051237894,map_000000354.png
-4.37003361704,1.9345746574,-2.52181527299,-0.0,-0.0,0.0898998975754,-4.5338337565,0.870833181749,0.649051237894,map_000000355.png
-4.37003959272,1.93458290329,-2.52075447488,-0.0,-0.0,0.593188285828,-4.5338337565,0.870833181749,0.649051237894,map_000000356.png
-4.37009129839,1.93465441147,-2.51156079491,-0.0,-0.0,0.593188285828,-4.5338337565,0.870833181749,0.649051237894,map_000000357.png
-4.37014064459,1.93472135637,-2.50272006796,-0.0,-0.0,1.0,-4.5338337565,0.870833181749,0.649051237894,map_000000358.png
-4.37065001905,1.93535701905,-2.4136102367,-0.0,-0.0,1.0,-4.5338337565,0.870833181749,0.649051237894,map_000000359.png
-4.37133462307,1.93605922957,-2.31133663144,-0.0,-0.0,1.0,-4.5338337565,0.870833181749,0.649051237894,map_000000360.png
-4.37207465666,1.93667861293,-2.2130070309,-0.0,-0.0,1.0,-4.5338337565,0.870833181749,0.649051237894,map_000000361.png
-4.37288623579,1.9372283243,-2.11073336826,-0.0,-0.0,0.574877142906,-4.5338337565,0.870833181749,0.649051237894,map_000000362.png
-4.37374518881,1.93768299094,-2.0101358227,-0.0,-0.0,-0.0,-4.5338337565,0.870833181749,0.649051237894,map_000000363.png
-4.3742365177,1.93790011116,-1.95360242834,-0.0,-0.0,-0.0,-4.5338337565,0.870833181749,0.649051237894,map_000000364.png
-4.37435513159,1.93795178058,-1.94230633897,-0.0,-0.0,-0.0,-4.5338337565,0.870833181749,0.649051237894,map_000000365.png
-4.37435507207,1.93795172029,-1.94230632832,-0.0,-0.0,-0.0,-4.5338337565,0.870833181749,0.649051237894,map_000000366.png
-4.37435504539,1.93795167517,-1.94230643189,-0.0,-0.0,-0.0,-4.5338337565,0.870833181749,0.649051237894,map_000000367.png
-4.37434563848,1.93794225097,-1.94230102647,-0.0,-0.0,-0.0,-4.5338337565,0.870833181749,0.649051237894,map_000000368.png
-4.3743550297,1.93795165057,-1.94230607418,-0.0,-0.0,-0.0,-4.5338337565,0.870833181749,0.649051237894,map_000000369.png
-4.37435508873,1.93795171694,-1.94230626591,-0.0,-0.0,-0.0,-4.5338337565,0.870833181749,0.649051237894,map_000000370.png
-4.37435503026,1.93795165846,-1.94230626984,-0.0,-0.0,-0.0,-4.5338337565,0.870833181749,0.649051237894,map_000000371.png
-4.37435507186,1.93795169185,-1.94230622972,-0.0,-0.0,0.140217289329,-4.5338337565,0.870833181749,0.649051237894,map_000000372.png
-4.37441328843,1.93796734627,-1.93457855347,-0.0,-0.0,0.584032714367,-4.5338337565,0.870833181749,0.649051237894,map_000000373.png
-4.37467980551,1.93806144712,-1.90452534603,-0.0,-0.0,0.707594513893,-4.5338337565,0.870833181749,0.649051237894,map_000000374.png
-4.37524807863,1.93823842773,-1.84236735344,-0.0,-0.0,0.707594513893,-4.5338337565,0.870833181749,0.649051237894,map_000000375.png
-4.37590445037,1.93840339819,-1.77278998535,-0.0,-0.0,-0.0,-4.5338337565,0.870833181749,0.649051237894,map_000000376.png
-4.37659638787,1.93852603813,-1.70042907672,-0.0,-0.0,-0.0,-4.5338337565,0.870833181749,0.649051237894,map_000000377.png
-4.37673019266,1.93854335859,-1.68651333736,-0.0,-0.0,-0.0,-4.5338337565,0.870833181749,0.649051237894,map_000000378.png
-4.37672082193,1.93853394934,-1.6865086921,-0.0,-0.0,-0.0,-4.5338337565,0.870833181749,0.649051237894,map_000000379.png
-4.37673012307,1.93854327822,-1.68651330556,-0.0,-0.0,-0.0,-4.5338337565,0.870833181749,0.649051237894,map_000000380.png
-4.37673008678,1.93854323734,-1.68651329469,-0.0,-0.0,-0.0,-4.5338337565,0.870833181749,0.649051237894,map_000000381.png
-4.37672071917,1.9385338291,-1.68650818112,-0.0,-0.0,-0.0,-4.5338337565,0.870833181749,0.649051237894,map_000000382.png
-4.3767206822,1.93853378832,-1.68650826426,-0.0,-0.0,-0.0,-4.5338337565,0.870833181749,0.649051237894,map_000000383.png
-4.37672064455,1.93853374772,-1.68650844904,-0.0,-0.0,-0.0,-4.5338337565,0.870833181749,0.649051237894,map_000000384.png
-4.37672064455,1.93853374772,-1.68650844904,-0.0,-0.0,-0.0,-4.5338337565,0.870833181749,0.649051237894,map_000000385.png
-4.37672994364,1.93854307688,-1.68651333107,-0.0,-0.0,-0.0,-4.5338337565,0.870833181749,0.649051237894,map_000000386.png
-4.37672990734,1.93854303599,-1.68651332154,0.0182081051171,-0.0,-0.0,-4.5338337565,0.870833181749,0.649051237894,map_000000387.png
-4.37679711114,1.9379645108,-1.68651323572,0.488765358925,-0.0,-0.0,-4.5338337565,0.870833181749,0.649051237894,map_000000388.png
-4.3776587291,1.93055002926,-1.68651237675,0.5,-0.0,-0.0,-4.5338337565,0.870833181749,0.649051237894,map_000000389.png
-4.38351628604,1.88006773073,-1.6865070307,0.5,-0.0,-0.0,-4.5338337565,0.870833181749,0.649051237894,map_000000390.png
-4.38951677979,1.82853217606,-1.68651181315,0.5,-0.0,-0.0,-4.5338337565,0.870833181749,0.649051237894,map_000000391.png
-4.39550902685,1.77688975734,-1.68650612254,0.5,-0.0,-0.0,-4.5338337565,0.870833181749,0.649051237894,map_000000392.png
-4.40128896318,1.72725160361,-1.686511304,0.5,-0.0,-0.0,-4.5338337565,0.870833181749,0.649051237894,map_000000393.png
-4.40705971051,1.67760314136,-1.68651090402,0.5,-0.0,-0.0,-4.5338337565,0.870833181749,0.649051237894,map_000000394.png
-4.41305189929,1.62596071692,-1.68650550296,0.5,-0.0,-0.0,-4.5338337565,0.870833181749,0.649051237894,map_000000395.png
-4.41883178744,1.57632255672,-1.68651023996,0.5,-0.0,-0.0,-4.5338337565,0.870833181749,0.649051237894,map_000000396.png
-4.42460247953,1.52667408725,-1.68651016787,0.5,-0.0,-0.0,-4.5338337565,0.870833181749,0.649051237894,map_000000397.png
-4.43059461402,1.47503165752,-1.68650468144,0.458017975092,-0.0,-0.0,-4.5338337565,0.870833181749,0.649051237894,map_000000398.png
-4.43608374416,1.42789460466,-1.68650911009,-0.0,-0.0,-0.0,-4.5338337565,0.870833181749,0.649051237894,map_000000399.png
-4.43946687189,1.3987880241,-1.68650895193,-0.0,-0.0,-0.0,-4.5338337565,0.870833181749,0.649051237894,map_000000400.png
-4.43945751783,1.39877863351,-1.68650433917,-0.0,-0.0,-0.0,-4.5338337565,0.870833181749,0.649051237894,map_000000401.png
-4.43946680362,1.39878795393,-1.68650893908,-0.0,-0.0,-0.0,-4.5338337565,0.870833181749,0.649051237894,map_000000402.png
-4.43946684675,1.39878798882,-1.68650892343,-0.0,-0.0,-0.0,-4.5338337565,0.870833181749,0.649051237894,map_000000403.png
-4.43945749288,1.39877859832,-1.686504291,-0.0,-0.0,-0.0,-4.5338337565,0.870833181749,0.649051237894,map_000000404.png
-4.43946677837,1.39878791865,-1.68650891959,0.216826379299,-0.0,-0.0,-4.5338337565,0.870833181749,0.649051237894,map_000000405.png
-4.44046780344,1.39017593787,-1.68650881668,0.5,-0.0,-0.0,-4.5338337565,0.870833181749,0.649051237894,map_000000406.png
-4.44335309791,1.36526238486,-1.68650358496,0.5,-0.0,-0.0,-4.5338337565,0.870833181749,0.649051237894,map_000000407.png
-4.44913288883,1.31562421313,-1.68650826556,0.5,-0.0,-0.0,-4.5338337565,0.870833181749,0.649051237894,map_000000408.png
-4.45513431891,1.26399046422,-1.68650794171,0.5,-0.0,-0.0,-4.5338337565,0.870833181749,0.649051237894,map_000000409.png
-4.46089552094,1.21433329103,-1.68650245293,0.474574267864,-0.0,-0.0,-4.5338337565,0.870833181749,0.649051237894,map_000000410.png
-4.46673007528,1.16422327593,-1.68650737399,-0.0,-0.0,-0.0,-4.5338337565,0.870833181749,0.649051237894,map_000000411.png
-4.47001629321,1.13595018917,-1.68650701846,-0.0,-0.0,-0.0,-4.5338337565,0.870833181749,0.649051237894,map_000000412.png
-4.47000693851,1.13594079874,-1.68650250005,-0.0,-0.0,-0.0,-4.5338337565,0.870833181749,0.649051237894,map_000000413.png
-4.4700162031,1.13595008391,-1.68650694262,-0.0,-0.0,-0.0,-4.5338337565,0.870833181749,0.649051237894,map_000000414.png
-4.47001626844,1.13595015391,-1.68650695125,-0.0,-0.0,-0.0,-4.5338337565,0.870833181749,0.649051237894,map_000000415.png
-4.47000691442,1.13594076341,-1.68650233391,-0.0,-0.0,-0.0,-4.5338337565,0.870833181749,0.649051237894,map_000000416.png
-4.4700161775,1.13595004857,-1.68650704783,-0.0,-0.0,-0.0,-4.5338337565,0.870833181749,0.649051237894,map_000000417.png
-4.47001624342,1.13595011868,-1.68650690693,0.0844141989946,-0.0,-0.0,-4.5338337565,0.870833181749,0.649051237894,map_000000418.png
-4.47020174087,1.13426432787,-1.68650194245,0.493495732546,-0.0,-0.0,-4.5338337565,0.870833181749,0.649051237894,map_000000419.png
-4.47122419946,1.12555630689,-1.6865065913,0.5,-0.0,-0.0,-4.5338337565,0.870833181749,0.649051237894,map_000000420.png
-4.47691960615,1.07655504824,-1.68650650317,0.5,-0.0,-0.0,-4.5338337565,0.870833181749,0.649051237894,map_000000421.png
-4.48290577973,1.02505068188,-1.68650611678,0.5,-0.0,-0.0,-4.5338337565,0.870833181749,0.649051237894,map_000000422.png
-4.48867626823,0.975402189239,-1.68650591663,0.401272624731,-0.0,-0.0,-4.5338337565,0.870833181749,0.649051237894,map_000000423.png
-4.49399092724,0.929676389939,-1.68650544853,-0.0,-0.0,-0.0,-4.5338337565,0.870833181749,0.649051237894,map_000000424.png
-4.49769567602,0.897800688508,-1.68650522183,-0.0,-0.0,-0.0,-4.5338337565,0.870833181749,0.649051237894,map_000000425.png
-4.49769564567,0.89780064225,-1.68650529777,-0.0,-0.0,-0.0,-4.5338337565,0.870833181749,0.649051237894,map_000000426.png
-4.49769571137,0.89780071231,-1.68650518162,-0.0,-0.0,-0.0,-4.5338337565,0.870833181749,0.649051237894,map_000000427.png
-4.49769565145,0.89780065333,-1.68650513325,-0.0,-0.0,-0.0,-4.5338337565,0.870833181749,0.649051237894,map_000000428.png
-4.4976956202,0.897800606934,-1.68650532586,-0.0,-0.0,-0.0,-4.5338337565,0.870833181749,0.649051237894,map_000000429.png
-4.49769568635,0.897800677082,-1.68650513726,-0.0,-0.0,-0.0,-4.5338337565,0.870833181749,0.649051237894,map_000000430.png
-4.49769562585,0.897800617998,-1.68650515198,-0.0,-0.0,-0.0,-4.5338337565,0.870833181749,0.649051237894,map_000000431.png
-4.49769559737,0.897800571949,-1.68650477711,-0.0,-0.0,-0.0,-4.5338337565,0.870833181749,0.649051237894,map_000000432.png
-4.4976863151,0.897791262386,-1.68650050485,-0.0,-0.0,-0.0,-4.5338337565,0.870833181749,0.649051237894,map_000000433.png
-4.49769560082,0.897800582787,-1.68650510703,-0.0,-0.0,-0.0,-4.5338337565,0.870833181749,0.649051237894,map_000000434.png
-4.49769557052,0.897800536441,-1.68650518032,-0.0,-0.0,-0.0,-4.5338337565,0.870833181749,0.649051237894,map_000000435.png
-4.49768629009,0.897791227178,-1.686500458,-0.0,-0.0,0.552026450634,-4.5338337565,0.870833181749,0.649051237894,map_000000436.png
-4.49783516281,0.897810964509,-1.67130331451,-0.0,-0.0,1.0,-4.5338337565,0.870833181749,0.649051237894,map_000000437.png
-4.49835320188,0.897849491943,-1.61524949015,-0.0,-0.0,1.0,-4.5338337565,0.870833181749,0.649051237894,map_000000438.png
-4.49933251867,0.897845607309,-1.51297855433,-0.0,-0.0,1.0,-4.5338337565,0.870833181749,0.649051237894,map_000000439.png
-4.50029220455,0.897749600836,-1.41465148382,-0.0,-0.0,1.0,-4.5338337565,0.870833181749,0.649051237894,map_000000440.png
-4.50119443642,0.897573912521,-1.31630074041,-0.0,-0.0,1.0,-4.5338337565,0.870833181749,0.649051237894,map_000000441.png
-4.50212263277,0.897283331344,-1.21402421551,-0.0,-0.0,1.0,-4.5338337565,0.870833181749,0.649051237894,map_000000442.png
-4.50300812267,0.896908894018,-1.11569350423,-0.0,-0.0,1.0,-4.5338337565,0.870833181749,0.649051237894,map_000000443.png
-4.50382267823,0.896464425558,-1.01734667933,-0.0,-0.0,1.0,-4.5338337565,0.870833181749,0.649051237894,map_000000444.png
-4.50462736626,0.895919186155,-0.915069015383,-0.0,-0.0,1.0,-4.5338337565,0.870833181749,0.649051237894,map_000000445.png
-4.50536186636,0.895298535607,-0.816738078699,-0.0,-0.0,1.0,-4.5338337565,0.870833181749,0.649051237894,map_000000446.png
-4.50536186636,0.895298535607,-0.816738078699,-0.0,-0.0,1.0,-4.5338337565,0.870833181749,0.649051237894,map_000000447.png
-4.50604354692,0.894592575731,-0.71446496285,-0.0,-0.0,1.0,-4.5338337565,0.870833181749,0.649051237894,map_000000448.png
-4.50662788887,0.893862915821,-0.616120999047,-0.0,-0.0,1.0,-4.5338337565,0.870833181749,0.649051237894,map_000000449.png
-4.50714966275,0.893053227686,-0.517790658489,-0.0,-0.0,1.0,-4.5338337565,0.870833181749,0.649051237894,map_000000450.png
-4.50758180664,0.892179861102,-0.415514958191,-0.0,-0.0,1.0,-4.5338337565,0.870833181749,0.649051237894,map_000000451.png
-4.5079153721,0.891318596392,-0.31716690619,-0.0,-0.0,1.0,-4.5338337565,0.870833181749,0.649051237894,map_000000452.png
-4.50817804961,0.890387331911,-0.218839940844,-0.0,-0.0,1.0,-4.5338337565,0.870833181749,0.649051237894,map_000000453.png
-4.50835889319,0.889406351638,-0.116575955717,-0.0,-0.0,1.0,-4.5338337565,0.870833181749,0.649051237894,map_000000454.png
-4.50843589045,0.888474708317,-0.0182352938905,-0.0,-0.0,1.0,-4.5338337565,0.870833181749,0.649051237894,map_000000455.png
-4.50840300919,0.887524626112,0.0800997123019,-0.0,-0.0,1.0,-4.5338337565,0.870833181749,0.649051237894,map_000000456.png
-4.50827279099,0.886546256246,0.182369992947,-0.0,-0.0,1.0,-4.5338337565,0.870833181749,0.649051237894,map_000000457.png
-4.50807426703,0.885655034367,0.280723513544,-0.0,-0.0,1.0,-4.5338337565,0.870833181749,0.649051237894,map_000000458.png
-4.50775494654,0.884730121239,0.382997344077,-0.0,-0.0,1.0,-4.5338337565,0.870833181749,0.649051237894,map_000000459.png
-4.50736389581,0.883855262939,0.481329777753,-0.0,-0.0,1.0,-4.5338337565,0.870833181749,0.649051237894,map_000000460.png
-4.50689821174,0.883055397014,0.579678233092,-0.0,-0.0,1.0,-4.5338337565,0.870833181749,0.649051237894,map_000000461.png
-4.50632061156,0.882258720964,0.681949921196,-0.0,-0.0,1.0,-4.5338337565,0.870833181749,0.649051237894,map_000000462.png
-4.50568223868,0.881541601117,0.780281810585,-0.0,-0.0,1.0,-4.5338337565,0.870833181749,0.649051237894,map_000000463.png
-4.50499970054,0.880907341657,0.878627131299,-0.0,-0.0,1.0,-4.5338337565,0.870833181749,0.649051237894,map_000000464.png
-4.50421779324,0.880324150378,0.980903074857,-0.0,-0.0,1.0,-4.5338337565,0.870833181749,0.649051237894,map_000000465.png
-4.5033958833,0.879816828018,1.07923193151,-0.0,-0.0,1.0,-4.5338337565,0.870833181749,0.649051237894,map_000000466.png
-4.50255859632,0.879425680249,1.17758039623,-0.0,-0.0,-0.0,-4.5338337565,0.870833181749,0.649051237894,map_000000467.png
-4.50192434669,0.879174488877,1.24443152722,-0.0,-0.0,-0.0,-4.5338337565,0.870833181749,0.649051237894,map_000000468.png
-4.50191451496,0.879164697926,1.24442591553,-0.0,-0.0,-0.0,-4.5338337565,0.870833181749,0.649051237894,map_000000469.png
-4.50192424776,0.879174482959,1.24443165654,-0.0,-0.0,-0.0,-4.5338337565,0.870833181749,0.649051237894,map_000000470.png
-4.50192430049,0.879174520304,1.24443157634,-0.0,-0.0,-0.0,-4.5338337565,0.870833181749,0.649051237894,map_000000471.png
-4.50191448094,0.879164675831,1.24442591551,-0.0,-0.0,-0.0,-4.5338337565,0.870833181749,0.649051237894,map_000000472.png
-4.50192421305,0.87917446046,1.24443175657,-0.0,-0.0,-1.0,-4.5338337565,0.870833181749,0.649051237894,map_000000473.png
-4.50222252397,0.879265953729,1.20901768622,-0.0,-0.0,-1.0,-4.5338337565,0.870833181749,0.649051237894,map_000000474.png
-4.50307241872,0.879632944388,1.1106694867,-0.0,-0.0,-1.0,-4.5338337565,0.870833181749,0.649051237894,map_000000475.png
-4.50393567485,0.880118442582,1.00840056333,-0.0,-0.0,-1.0,-4.5338337565,0.870833181749,0.649051237894,map_000000476.png
-4.50471983118,0.880658949711,0.910065258565,-0.0,-0.0,-1.0,-4.5338337565,0.870833181749,0.649051237894,map_000000477.png
-4.50542651211,0.881262676701,0.811718650353,-0.0,-0.0,-1.0,-4.5338337565,0.870833181749,0.649051237894,map_000000478.png
-4.50610603836,0.881970722533,0.709445537813,-0.0,-0.0,-0.740821540356,-4.5338337565,0.870833181749,0.649051237894,map_000000479.png
-4.50666141159,0.882671033256,0.620299795392,-0.0,-0.0,-0.681348621845,-4.5338337565,0.870833181749,0.649051237894,map_000000480.png
-4.50706193976,0.883274707525,0.545711462454,-0.0,-0.0,-0.0,-4.5338337565,0.870833181749,0.649051237894,map_000000481.png
