
-6.23192890505,6.7692685754,-0.958055526088,-0.0,-0.0,-0.0,-5.46689617655,1.30532947863,-1.39435563928,map_000000123.png
-6.23192221737,6.76926188771,-0.958054906089,-0.299092829227,-0.474536120892,-0.0,-5.46689617655,1.30532947863,-1.39435563928,map_000000124.png
-6.24759901472,6.76846927297,-0.958053954889,-0.299092829227,-0.474536120892,-0.0,-5.46689617655,1.30532947863,-1.39435563928,map_000000125.png
-6.30584673976,6.76554351879,-0.958053211187,-0.299092829227,-0.474536120892,-0.0,-5.46689617655,1.30532947863,-1.39435563928,map_000000126.png
-6.36408592784,6.76260836049,-0.958051212207,-0.299092829227,-0.474536120892,-0.0,-5.46689617655,1.30532947863,-1.39435563928,map_000000127.png
-6.42008401942,6.75978616076,-0.958049089115,-0.299092829227,-0.474536120892,-0.0,-5.46689617655,1.30532947863,-1.39435563928,map_000000128.png
-6.47831414638,6.75684171405,-0.958045945236,-0.299092829227,-0.474536120892,-0.0,-5.46689617655,1.30532947863,-1.39435563928,map_000000129.png
-6.53656183189,6.75391548803,-0.958045610065,-0.0579012408853,-0.0252655111253,-0.0,-5.46689617655,1.30532947863,-1.39435563928,map_000000130.png
-6.57434671232,6.75329390735,-0.958044989897,-0.0,-0.0,-0.0,-5.46689617655,1.30532947863,-1.39435563928,map_000000131.png
-6.57886586618,6.75603862627,-0.958043465215,-0.0,-0.0,-0.0,-5.46689617655,1.30532947863,-1.39435563928,map_000000132.png
-6.57887499357,6.75604776457,-0.958044821297,-0.0,-0.0,-0.0,-5.46689617655,1.30532947863,-1.39435563928,map_000000133.png
-6.57887493035,6.75604770463,-0.958044248984,-0.0,-0.0,-0.0,-5.46689617655,1.30532947863,-1.39435563928,map_000000134.png
-6.57887492672,6.75604769104,-0.958044625587,-0.0,-0.0,-0.0,-5.46689617655,1.30532947863,-1.39435563928,map_000000135.png
-6.57886579502,6.75603855218,-0.958043522781,-0.0,-0.0,-0.0,-5.46689617655,1.30532947863,-1.39435563928,map_000000136.png
-6.5788682405,6.75604099864,-0.958043622533,-0.0,-0.0,-0.0,-5.46689617655,1.30532947863,-1.39435563928,map_000000137.png
-6.57887815647,6.75605093164,-0.958045027688,-0.0,-0.0,-0.0,-5.46689617655,1.30532947863,-1.39435563928,map_000000138.png
-6.57886576824,6.75603852187,-0.958043518247,-0.0,-0.0,-0.0,-5.46689617655,1.30532947863,-1.39435563928,map_000000139.png
-6.57887481213,6.75604757923,-0.958044522307,-0.0,-0.0,-0.0,-5.46689617655,1.30532947863,-1.39435563928,map_000000140.png
-6.57887482861,6.7560476028,-0.958044782397,-0.0,-0.0,-0.0,-5.46689617655,1.30532947863,-1.39435563928,map_000000141.png
-6.57887483028,6.75604758553,-0.95804447747,-0.0,-0.0205351412296,-0.0,-5.46689617655,1.30532947863,-1.39435563928,map_000000142.png
-6.57980607282,6.75537734148,-0.958043443305,-0.370029300451,-0.448519080877,-0.0,-5.46689617655,1.30532947863,-1.39435563928,map_000000143.png
-6.59949465707,6.75600862767,-0.9580429764,-0.370029300451,-0.448519080877,-0.0,-5.46689617655,1.30532947863,-1.39435563928,map_000000144.png
-6.65977168675,6.76067122487,-0.958042735502,-0.296727657318,-0.335028380156,-0.0,-5.46689617655,1.30532947863,-1.39435563928,map_000000145.png
-6.72002642476,6.76531139139,-0.958039340929,-0.0,-0.0,-0.0,-5.46689617655,1.30532947863,-1.39435563928,map_000000146.png
-6.76449057865,6.77032440889,-0.958039548303,-0.0,-0.0,-0.0,-5.46689617655,1.30532947863,-1.39435563928,map_000000147.png
-6.77338121822,6.7713251671,-0.958039142872,-0.0,-0.0,-0.0,-5.46689617655,1.30532947863,-1.39435563928,map_000000148.png
-6.77338121552,6.77132515291,-0.958039392057,-0.0,-0.0,-0.0,-5.46689617655,1.30532947863,-1.39435563928,map_000000149.png
-6.77338121457,6.77132514999,-0.95803933482,-0.0,-0.0,-0.0,-5.46689617655,1.30532947863,-1.39435563928,map_000000150.png
-6.77337452757,6.77131846184,-0.958038625983,-0.0,-0.0,-0.0,-5.46689617655,1.30532947863,-1.39435563928,map_000000151.png
-6.77338444442,6.77132839407,-0.95803990666,0.0867793783545,-0.0,-0.0,-5.46689617655,1.30532947863,-1.39435563928,map_000000152.png
-6.77338120003,6.77132513692,-0.958039517067,0.0867793783545,-0.0,-0.0,-5.46689617655,1.30532947863,-1.39435563928,map_000000153.png
-6.76879136223,6.7647965389,-0.958039072438,0.38944670558,-0.0,-0.0,-5.46689617655,1.30532947863,-1.39435563928,map_000000154.png
-6.76879136223,6.7647965389,-0.958039072438,0.5,-0.0299958791584,-0.0,-5.46689617655,1.30532947863,-1.39435563928,map_000000155.png
-6.7489871705,6.73662683193,-0.958037675809,0.5,-0.0820108652115,-0.0,-5.46689617655,1.30532947863,-1.39435563928,map_000000156.png
-6.72409105399,6.69788161702,-0.958035039087,0.5,-0.0820108652115,-0.0,-5.46689617655,1.30532947863,-1.39435563928,map_000000157.png
-6.69862826406,6.65225988858,-0.958034402541,0.5,-0.0914716050029,-0.0,-5.46689617655,1.30532947863,-1.39435563928,map_000000158.png
-6.67591804633,6.60467541237,-0.958031172171,0.5,-0.0914716050029,-0.0,-5.46689617655,1.30532947863,-1.39435563928,map_000000159.png
-6.65465077255,6.55852831751,-0.958028182213,0.5,-0.0914716050029,-0.0,-5.46689617655,1.30532947863,-1.39435563928,map_000000160.png
-6.63254429925,6.51054692408,-0.958027413364,0.5,-0.0914716050029,-0.0,-5.46689617655,1.30532947863,-1.39435563928,map_000000161.png
-6.61042824189,6.46255577796,-0.958024759554,0.5,-0.0914716050029,-0.0,-5.46689617655,1.30532947863,-1.39435563928,map_000000162.png
-6.58831273654,6.41456598617,-0.958022391141,0.5,-0.0914716050029,-0.0,-5.46689617655,1.30532947863,-1.39435563928,map_000000163.png
-6.56703801498,6.36841158298,-0.958019349499,0.5,-0.0914716050029,-0.0,-5.46689617655,1.30532947863,-1.39435563928,map_000000164.png
-6.54493108864,6.32043037452,-0.958018078108,0.5,-0.0914716050029,-0.0,-5.46689617655,1.30532947863,-1.39435563928,map_000000165.png
-6.52280805717,6.27243289596,-0.958014871772,0.5,-0.0914716050029,-0.0,-5.46689617655,1.30532947863,-1.39435563928,map_000000166.png
-6.50154003285,6.22628614929,-0.958012431768,0.5,-0.0914716050029,-0.0,-5.46689617655,1.30532947863,-1.39435563928,map_000000167.png
-6.47943279012,6.17830510844,-0.958010873459,0.5,-0.0914716050029,-0.0,-5.46689617655,1.30532947863,-1.39435563928,map_000000168.png
-6.45731595465,6.13031432179,-0.958008616304,0.5,-0.0914716050029,-0.0,-5.46689617655,1.30532947863,-1.39435563928,map_000000169.png
-6.43605026466,6.084170535,-0.958006634513,0.5,-0.0914716050029,-0.0,-5.46689617655,1.30532947863,-1.39435563928,map_000000170.png
-6.41392420662,6.03617082725,-0.958002998987,0.5,-0.0914716050029,-0.0,-5.46689617655,1.30532947863,-1.39435563928,map_000000171.png
-6.39181650129,5.98818997839,-0.958002020876,0.5,-0.0914716050029,-0.0,-5.46689617655,1.30532947863,-1.39435563928,map_000000172.png
-6.37055334122,5.94204872589,-0.958000063473,0.5,-0.0914716050029,-0.0,-5.46689617655,1.30532947863,-1.39435563928,map_000000173.png
-6.34842392613,5.89404645133,-0.95799605961,0.5,-0.0914716050029,-0.0,-5.46689617655,1.30532947863,-1.39435563928,map_000000174.png
-6.32631590277,5.84606577252,-0.957995211349,0.5,-0.0914716050029,-0.0,-5.46689617655,1.30532947863,-1.39435563928,map_000000175.png
-6.30504934805,5.79992189912,-0.957992215125,0.5,-0.0914716050029,-0.0,-5.46689617655,1.30532947863,-1.39435563928,map_000000176.png
-6.28293186041,5.7519318982,-0.957990459884,0.5,-0.0914716050029,-0.0,-5.46689617655,1.30532947863,-1.39435563928,map_000000177.png
-6.26080502428,5.70393254946,-0.957986912211,0.342162072659,-0.0820108652115,-0.0,-5.46689617655,1.30532947863,-1.39435563928,map_000000178.png
-6.24086857012,5.65994282373,-0.957985088794,-0.0,-0.0,-0.0,-5.46689617655,1.30532947863,-1.39435563928,map_000000179.png
-6.22739385563,5.62595148271,-0.95798475493,-0.0,-0.0,-0.0,-5.46689617655,1.30532947863,-1.39435563928,map_000000180.png
-6.22738144061,5.62593904349,-0.957983047657,-0.0,-0.0,-0.0,-5.46689617655,1.30532947863,-1.39435563928,map_000000181.png
-6.22739056904,5.62594818122,-0.95798428358,-0.0,-0.0,-0.0,-5.46689617655,1.30532947863,-1.39435563928,map_000000182.png
-6.2273905002,5.62594812524,-0.957984424045,-0.0,-0.0,-0.0,-5.46689617655,1.30532947863,-1.39435563928,map_000000183.png
-6.22739050141,5.62594810825,-0.957984185809,-0.0,-0.0,-0.0,-5.46689617655,1.30532947863,-1.39435563928,map_000000184.png
-6.22738136986,5.6259389691,-0.957983056165,-0.0,-0.375217437744,-0.0,-5.46689617655,1.30532947863,-1.39435563928,map_000000185.png
-6.22983854215,5.62421545646,-0.957983668225,-0.0697271674871,-0.382312983274,-0.0,-5.46689617655,1.30532947863,-1.39435563928,map_000000186.png
-6.26175706402,5.60178997354,-0.95798258636,-0.0697271674871,-0.382312983274,-0.0,-5.46689617655,1.30532947863,-1.39435563928,map_000000187.png
-6.29750810311,5.58378876444,-0.957978396937,-0.0,-0.0,-0.0,-5.46689617655,1.30532947863,-1.39435563928,map_000000188.png
-6.30739308171,5.57923958953,-0.957978991078,-0.0,-0.0,-0.0,-5.46689617655,1.30532947863,-1.39435563928,map_000000189.png
-6.3073931031,5.57923960964,-0.95797859023,-0.0,-0.0,-0.0,-5.46689617655,1.30532947863,-1.39435563928,map_000000190.png
-6.30739309887,5.5792395965,-0.957979039219,-0.0,-0.0,-0.0,-5.46689617655,1.30532947863,-1.39435563928,map_000000191.png
-6.30739309732,5.57923959405,-0.957979054496,-0.0,-0.0,-0.0,-5.46689617655,1.30532947863,-1.39435563928,map_000000192.png
-6.30739309732,5.57923959405,-0.957979054496,-0.0,-0.0,-0.0,-5.46689617655,1.30532947863,-1.39435563928,map_000000193.png
-6.30738641226,5.57923290428,-0.957978083783,-0.0,-0.0,-0.0,-5.46689617655,1.30532947863,-1.39435563928,map_000000194.png
-6.30739632896,5.57924283683,-0.957979397973,-0.0,-0.0,-0.0,-5.46689617655,1.30532947863,-1.39435563928,map_000000195.png
-6.30739308535,5.57923957915,-0.95797891415,-0.0,-0.0,-0.0,-5.46689617655,1.30532947863,-1.39435563928,map_000000196.png
-6.3073929838,5.57923948502,-0.957978995429,-0.0,-0.0,-0.0,-5.46689617655,1.30532947863,-1.39435563928,map_000000197.png
-6.30739300289,5.57923950675,-0.957978924693,-0.138298436999,-0.5,-0.0,-5.46689617655,1.30532947863,-1.39435563928,map_000000198.png
-6.32302069042,5.57365916734,-0.957978267502,-0.147759184241,-0.5,-0.0,-5.46689617655,1.30532947863,-1.39435563928,map_000000199.png
-6.37190053697,5.55628250267,-0.957975876622,-0.0,-0.0,-0.0,-5.46689617655,1.30532947863,-1.39435563928,map_000000200.png
-6.42324943238,5.53894405254,-0.957972173719,-0.0,-0.0,-0.0,-5.46689617655,1.30532947863,-1.39435563928,map_000000201.png
-6.42720949173,5.53762090154,-0.957972926432,-0.0,-0.0,-0.0,-5.46689617655,1.30532947863,-1.39435563928,map_000000202.png
-6.42720624521,5.53761764591,-0.957972807485,-0.0,-0.0,-0.0,-5.46689617655,1.30532947863,-1.39435563928,map_000000203.png
-6.427206146,5.53761755011,-0.957972511537,-0.0,-0.0,-0.0,-5.46689617655,1.30532947863,-1.39435563928,map_000000204.png
-6.42720616333,5.5376175731,-0.957972748915,-0.0,-0.0,-0.0,-5.46689617655,1.30532947863,-1.39435563928,map_000000205.png
-6.42719704472,5.53760843533,-0.957971786535,0.117526777089,-0.0,-0.0,-5.46689617655,1.30532947863,-1.39435563928,map_000000206.png
-6.42720616342,5.53761755334,-0.957972470204,0.5,0.0343066193163,-0.0,-5.46689617655,1.30532947863,-1.39435563928,map_000000207.png
-6.42017201095,5.52761632271,-0.957971382006,0.5,0.0343066193163,-0.0,-5.46689617655,1.30532947863,-1.39435563928,map_000000208.png
-6.39258414846,5.49338984487,-0.957969811699,0.5,0.0343066193163,-0.0,-5.46689617655,1.30532947863,-1.39435563928,map_000000209.png
-6.35977876018,5.45293054413,-0.957969280152,0.5,0.0437673591077,-0.0,-5.46689617655,1.30532947863,-1.39435563928,map_000000210.png
-6.32659236959,5.41272268546,-0.957967714469,0.5,0.0437673591077,-0.0,-5.46689617655,1.30532947863,-1.39435563928,map_000000211.png
-6.29426662261,5.37435519974,-0.957966608747,0.5,0.0437673591077,-0.0,-5.46689617655,1.30532947863,-1.39435563928,map_000000212.png
-6.26063789879,5.33444302658,-0.957963692714,0.5,0.0437673591077,-0.0,-5.46689617655,1.30532947863,-1.39435563928,map_000000213.png
-6.2270277208,5.2945496089,-0.957963617112,0.5,0.0437673591077,-0.0,-5.46689617655,1.30532947863,-1.39435563928,map_000000214.png
-6.19470444374,5.25618480479,-0.957962550197,0.5,0.0437673591077,-0.0,-5.46689617655,1.30532947863,-1.39435563928,map_000000215.png
-6.1610726614,5.21626995517,-0.957959200692,0.5,0.0437673591077,-0.0,-5.46689617655,1.30532947863,-1.39435563928,map_000000216.png
-6.12746232402,5.17637670038,-0.957959087653,0.5,0.0437673591077,-0.0,-5.46689617655,1.30532947863,-1.39435563928,map_000000217.png
-6.09384231177,5.13647379392,-0.957957558876,0.5,0.0437673591077,-0.0,-5.46689617655,1.30532947863,-1.39435563928,map_000000218.png
-6.06151617178,5.09810664008,-0.95795640594,0.5,0.0437673591077,-0.0,-5.46689617655,1.30532947863,-1.39435563928,map_000000219.png
-6.02788703929,5.05819481086,-0.95795378941,0.5,0.0437673591077,-0.0,-5.46689617655,1.30532947863,-1.39435563928,map_000000220.png
-5.9942764568,5.0183017337,-0.957953532849,0.5,0.0437673591077,-0.0,-5.46689617655,1.30532947863,-1.39435563928,map_000000221.png
-5.96195278897,4.97993725846,-0.957952382879,0.5,0.0437673591077,-0.0,-5.46689617655,1.30532947863,-1.39435563928,map_000000222.png
-5.9283205968,4.9400227549,-0.957949460246,0.5,0.0437673591077,-0.0,-5.46689617655,1.30532947863,-1.39435563928,map_000000223.png
-5.89470985546,4.90012983903,-0.957949075427,0.5,0.0437673591077,-0.0,-5.46689617655,1.30532947863,-1.39435563928,map_000000224.png
-5.86238307821,4.86176263858,-0.957947536402,0.5,0.0437673591077,-0.0,-5.46689617655,1.30532947863,-1.39435563928,map_000000225.png
-5.82876290801,4.82186044812,-0.957946233743,0.5,0.0437673591077,-0.0,-5.46689617655,1.30532947863,-1.39435563928,map_000000226.png
-5.7951333679,4.78194896281,-0.957943865893,0.5,0.0437673591077,-0.0,-5.46689617655,1.30532947863,-1.39435563928,map_000000227.png
-5.76280855422,4.74358394666,-0.957942507458,0.5,0.0437673591077,-0.0,-5.46689617655,1.30532947863,-1.39435563928,map_000000228.png
-5.72919832288,4.70369208085,-0.957942059382,0.5,0.0437673591077,-0.0,-5.46689617655,1.30532947863,-1.39435563928,map_000000229.png
-5.72919832288,4.70369208085,-0.957942059382,0.5,0.0437673591077,-0.0,-5.46689617655,1.30532947863,-1.39435563928,map_000000230.png
-5.69556572556,4.66377791851,-0.95793901634,0.5,0.0437673591077,-0.0,-5.46689617655,1.30532947863,-1.39435563928,map_000000231.png
-5.66324728448,4.62541959543,-0.957938719046,0.5,0.0437673591077,-0.0,-5.46689617655,1.30532947863,-1.39435563928,map_000000232.png
-5.62962740965,4.58551847455,-0.957937189813,0.5,0.0437673591077,-0.0,-5.46689617655,1.30532947863,-1.39435563928,map_000000233.png
-5.59600683156,4.54561662708,-0.957935975381,0.5,0.0437673591077,-0.0,-5.46689617655,1.30532947863,-1.39435563928,map_000000234.png
-5.56367920364,4.50724940999,-0.95793464467,0.5,0.0437673591077,-0.0,-5.46689617655,1.30532947863,-1.39435563928,map_000000235.png
-5.53005168113,4.46734079678,-0.957932270301,0.129352703691,-0.0,-0.0,-5.46689617655,1.30532947863,-1.39435563928,map_000000236.png
-5.51237080677,4.44523508287,-0.9579326557,-0.0,-0.0,-0.0,-5.46689617655,1.30532947863,-1.39435563928,map_000000237.png
-5.50819352604,4.439299825,-0.957930684222,-0.0,-0.0,-0.0,-5.46689617655,1.30532947863,-1.39435563928,map_000000238.png
-5.508202567,4.43930888476,-0.957931902768,-0.0,-0.0583780929446,-0.0,-5.46689617655,1.30532947863,-1.39435563928,map_000000239.png
-5.50858440237,4.43904041644,-0.957931633744,-0.0,-0.115123450756,-0.0,-5.46689617655,1.30532947863,-1.39435563928,map_000000240.png
-5.51354874083,4.43554951905,-0.957931650152,-0.0,-0.115123450756,-0.0,-5.46689617655,1.30532947863,-1.39435563928,map_000000241.png
-5.52259081803,4.42919119608,-0.95793099467,-0.0,-0.115123450756,-0.0,-5.46689617655,1.30532947863,-1.39435563928,map_000000242.png
-5.53237402252,4.42230031674,-0.957929386178,-0.0,-0.134044930339,-0.0,-5.46689617655,1.30532947863,-1.39435563928,map_000000243.png
-5.54304012471,4.41481687721,-0.957930042811,-0.0,-0.0,-0.0,-5.46689617655,1.30532947863,-1.39435563928,map_000000244.png
-5.55048992624,4.40957267465,-0.957928709679,0.361083567142,0.19273583591,-0.0,-5.46689617655,1.30532947863,-1.39435563928,map_000000245.png
-5.54464618903,4.40662160887,-0.957928665062,0.5,0.0579393915832,-0.0,-5.46689617655,1.30532947863,-1.39435563928,map_000000246.png
-5.50666503254,4.38744156432,-0.957928654856,0.5,-0.0,-0.0,-5.46689617655,1.30532947863,-1.39435563928,map_000000247.png
-5.47316901935,4.34988009557,-0.957926450432,0.5,-0.0,-0.0,-5.46689617655,1.30532947863,-1.39435563928,map_000000248.png
-5.44214217269,4.3081702889,-0.957925844682,0.5,-0.0,-0.0,-5.46689617655,1.30532947863,-1.39435563928,map_000000249.png
-5.41223617682,4.26564473891,-0.957923241146,-0.0,-0.0,-0.0,-5.46689617655,1.30532947863,-1.39435563928,map_000000250.png
-5.3961341553,4.24274770222,-0.957922170858,-0.0,-0.0,-0.0,-5.46689617655,1.30532947863,-1.39435563928,map_000000251.png
-5.39614328813,4.24275683608,-0.957922787723,-0.0,-0.0,-0.0,-5.46689617655,1.30532947863,-1.39435563928,map_000000252.png
-5.39614318688,4.24275674174,-0.957922869827,0.12698751688,0.114703819156,-0.0,-5.46689617655,1.30532947863,-1.39435563928,map_000000253.png
-5.39614321811,4.24275676479,-0.957922992738,0.12698751688,0.114703819156,-0.0,-5.46689617655,1.30532947863,-1.39435563928,map_000000254.png
-5.38078795467,4.23926264836,-0.957922275977,0.309049487114,0.426831871271,-0.0,-5.46689617655,1.30532947863,-1.39435563928,map_000000255.png
-5.33609745966,4.23765805255,-0.957924325879,0.309049487114,0.426831871271,-0.0,-5.46689617655,1.30532947863,-1.39435563928,map_000000256.png
-5.28131317311,4.23689451742,-0.957925272987,0.309049487114,0.426831871271,-0.0,-5.46689617655,1.30532947863,-1.39435563928,map_000000257.png
-5.2286407264,4.23616417866,-0.957926784845,0.309049487114,0.426831871271,-0.0,-5.46689617655,1.30532947863,-1.39435563928,map_000000258.png
-5.17387287355,4.23541623734,-0.957929323169,0.309049487114,0.426831871271,-0.0,-5.46689617655,1.30532947863,-1.39435563928,map_000000259.png
-5.11909513253,4.23465898628,-0.957930954353,0.188463240862,0.396084487438,-0.0,-5.46689617655,1.30532947863,-1.39435563928,map_000000260.png
-5.0664255406,4.23393090532,-0.957932671031,0.188463240862,0.396084487438,-0.0,-5.46689617655,1.30532947863,-1.39435563928,map_000000261.png
-5.01919675711,4.23963804723,-0.957933595724,0.12225715071,0.5,-0.0,-5.46689617655,1.30532947863,-1.39435563928,map_000000262.png
-4.97125253818,4.25459406034,-0.957936828054,0.155350655317,0.346434682608,-0.0,-5.46689617655,1.30532947863,-1.39435563928,map_000000263.png
-4.92803024393,4.26827372773,-0.957939075189,-0.0,-0.0,-0.0,-5.46689617655,1.30532947863,-1.39435563928,map_000000264.png
-4.89821065962,4.27403437819,-0.957938906509,-0.0,-0.0,-0.0,-5.46689617655,1.30532947863,-1.39435563928,map_000000265.png
-4.89821978656,4.27404351705,-0.957940340617,-0.0,-0.0,-0.0,-5.46689617655,1.30532947863,-1.39435563928,map_000000266.png
-4.89821971882,4.27404346029,-0.957940344602,-0.0,-0.0,-0.0,-5.46689617655,1.30532947863,-1.39435563928,map_000000267.png
-4.89821971919,4.27404344391,-0.95794020807,-0.0,-0.0,-0.0,-5.46689617655,1.30532947863,-1.39435563928,map_000000268.png
-4.89821971919,4.27404344391,-0.95794020807,0.0111125521362,-0.0,-0.0,-5.46689617655,1.30532947863,-1.39435563928,map_000000269.png
-4.89821058716,4.27403430533,-0.957939157182,0.275956004858,-0.0134395882487,-0.0,-5.46689617655,1.30532947863,-1.39435563928,map_000000270.png
-4.8978807832,4.27356425869,-0.957939473046,0.275956004858,-0.0134395882487,-0.0,-5.46689617655,1.30532947863,-1.39435563928,map_000000271.png
-4.89213986335,4.26455504954,-0.957940141575,0.5,-0.23807489872,-0.0,-5.46689617655,1.30532947863,-1.39435563928,map_000000272.png
-4.87786624229,4.23402531873,-0.957937045668,0.5,-0.23807489872,-0.0,-5.46689617655,1.30532947863,-1.39435563928,map_000000273.png
-4.86822215426,4.17727950824,-0.957934913159,0.5,-0.23807489872,-0.0,-5.46689617655,1.30532947863,-1.39435563928,map_000000274.png
-4.8589400315,4.12270764032,-0.957931641237,0.5,-0.23807489872,-0.0,-5.46689617655,1.30532947863,-1.39435563928,map_000000275.png
-4.84928640976,4.06595241364,-0.957928729737,0.5,-0.23807489872,-0.0,-5.46689617655,1.30532947863,-1.39435563928,map_000000276.png
-4.83962344373,4.00918776443,-0.957924024545,0.5,-0.23807489872,-0.0,-5.46689617655,1.30532947863,-1.39435563928,map_000000277.png
-4.83034320962,3.95461782248,-0.957921510628,0.5,-0.23807489872,-0.0,-5.46689617655,1.30532947863,-1.39435563928,map_000000278.png
-4.82069900491,3.89787297276,-0.957919526424,0.5,-0.23807489872,-0.0,-5.46689617655,1.30532947863,-1.39435563928,map_000000279.png
-4.81103231262,3.84110580626,-0.957914328366,0.5,-0.23807489872,-0.0,-5.46689617655,1.30532947863,-1.39435563928,map_000000280.png
-4.80175809627,3.78654251045,-0.957912405351,0.5,-0.23807489872,-0.0,-5.46689617655,1.30532947863,-1.39435563928,map_000000281.png
-4.79210357972,3.7297885577,-0.957908905295,0.5,-0.23807489872,-0.0,-5.46689617655,1.30532947863,-1.39435563928,map_000000282.png
-4.78244867217,3.67303354892,-0.957906006464,0.5,-0.23807489872,-0.0,-5.46689617655,1.30532947863,-1.39435563928,map_000000283.png
-4.77316490748,3.6184613068,-0.957903070966,0.5,-0.23807489872,-0.0,-5.46689617655,1.30532947863,-1.39435563928,map_000000284.png
-4.76350295038,3.56169938754,-0.957898778503,0.5,-0.23807489872,-0.0,-5.46689617655,1.30532947863,-1.39435563928,map_000000285.png
-4.75385745775,3.50495475755,-0.957896903553,0.5,-0.23807489872,-0.0,-5.46689617655,1.30532947863,-1.39435563928,map_000000286.png
-4.74457000641,3.4503800071,-0.95789297723,0.5,-0.23807489872,-0.0,-5.46689617655,1.30532947863,-1.39435563928,map_000000287.png
-4.73491402908,3.39362472368,-0.957889667412,0.5,-0.23807489872,-0.0,-5.46689617655,1.30532947863,-1.39435563928,map_000000288.png
-4.72525822427,3.33687098854,-0.957886319102,0.5,-0.287743777037,-0.0,-5.46689617655,1.30532947863,-1.39435563928,map_000000289.png
-4.71856342208,3.28046155999,-0.957881980177,0.432020008564,-0.410695225,-0.0,-5.46689617655,1.30532947863,-1.39435563928,map_000000290.png
-4.71928292077,3.22008086982,-0.957879655674,0.323240607977,-0.467440575361,-0.0,-5.46689617655,1.30532947863,-1.39435563928,map_000000291.png
-4.73141434822,3.16035341918,-0.957874456512,0.264130055904,-0.486362040043,-0.0,-5.46689617655,1.30532947863,-1.39435563928,map_000000292.png
-4.75243542729,3.10537230273,-0.957871958187,0.17190694809,-0.5,-0.0,-5.46689617655,1.30532947863,-1.39435563928,map_000000293.png
-4.7770103173,3.0558060431,-0.957867558695,0.17190694809,-0.5,-0.0,-5.46689617655,1.30532947863,-1.39435563928,map_000000294.png
-4.80847643821,3.01047521665,-0.957863321248,0.134083077312,-0.5,-0.0,-5.46689617655,1.30532947863,-1.39435563928,map_000000295.png
-4.84219093107,2.96805921187,-0.95785951618,0.134083077312,-0.5,-0.0,-5.46689617655,1.30532947863,-1.39435563928,map_000000296.png
-4.87535324374,2.9283347203,-0.957855188925,0.134083077312,-0.5,-0.0,-5.46689617655,1.30532947863,-1.39435563928,map_000000297.png
-4.90985995939,2.88704038541,-0.957852590335,0.134083077312,-0.5,-0.0,-5.46689617655,1.30532947863,-1.39435563928,map_000000298.png
-4.94435115607,2.84572961245,-0.957848022658,0.134083077312,-0.5,-0.0,-5.46689617655,1.30532947863,-1.39435563928,map_000000299.png
-4.97751905706,2.80601219348,-0.957844021071,0.134083077312,-0.5,-0.0,-5.46689617655,1.30532947863,-1.39435563928,map_000000300.png
-5.01202533671,2.76471750166,-0.957841614081,0.134083077312,-0.5,-0.0,-5.46689617655,1.30532947863,-1.39435563928,map_000000301.png
-5.04652266354,2.72341294338,-0.957837859815,0.134083077312,-0.5,-0.0,-5.46689617655,1.30532947863,-1.39435563928,map_000000302.png
-5.07969241102,2.68369790711,-0.95783438005,0.134083077312,-0.5,-0.0,-5.46689617655,1.30532947863,-1.39435563928,map_000000303.png
-5.11418041669,2.64238405933,-0.957829355894,0.134083077312,-0.5,-0.0,-5.46689617655,1.30532947863,-1.39435563928,map_000000304.png
-5.11418041669,2.64238405933,-0.957829355894,0.134083077312,-0.5,-0.0,-5.46689617655,1.30532947863,-1.39435563928,map_000000305.png
-5.14868607626,2.60108885187,-0.95782756018,0.134083077312,-0.5,-0.0,-5.46689617655,1.30532947863,-1.39435563928,map_000000306.png
-5.18185924843,2.56137593185,-0.95782441558,0.134083077312,-0.5,-0.0,-5.46689617655,1.30532947863,-1.39435563928,map_000000307.png
-5.21634312289,2.52005894052,-0.957818431025,0.134083077312,-0.5,-0.0,-5.46689617655,1.30532947863,-1.39435563928,map_000000308.png
-5.25084834837,2.47876337653,-0.957816738241,0.134083077312,-0.5,-0.0,-5.46689617655,1.30532947863,-1.39435563928,map_000000309.png
-5.28401735308,2.43904728124,-0.95781229704,0.134083077312,-0.5,-0.0,-5.46689617655,1.30532947863,-1.39435563928,map_000000310.png
-5.31851336835,2.39774206236,-0.957809166625,0.134083077312,-0.5,-0.0,-5.46689617655,1.30532947863,-1.39435563928,map_000000311.png
-5.35300032431,2.35642733954,-0.957804256726,0.183732867241,-0.5,-0.0,-5.46689617655,1.30532947863,-1.39435563928,map_000000312.png
-5.38693390591,2.31431942045,-0.957802122268,0.379985958338,-0.209711745381,-0.0,-5.46689617655,1.30532947863,-1.39435563928,map_000000313.png
-5.4172507677,2.27054630801,-0.957799077662,0.5,-0.0,-0.0,-5.46689617655,1.30532947863,-1.39435563928,map_000000314.png
-5.41234347939,2.22568138925,-0.957794305742,0.5,-0.0,-0.0,-5.46689617655,1.30532947863,-1.39435563928,map_000000315.png
-5.38725740126,2.18272641481,-0.957793486267,0.5,-0.0,-0.0,-5.46689617655,1.30532947863,-1.39435563928,map_000000316.png
-5.35850300139,2.14184723777,-0.957792170492,0.5,-0.0,-0.0,-5.46689617655,1.30532947863,-1.39435563928,map_000000317.png
-5.32859812902,2.09933256574,-0.95779034649,0.5,-0.0,-0.0,-5.46689617655,1.30532947863,-1.39435563928,map_000000318.png
-5.29868389462,2.05680858415,-0.957787335669,0.5,-0.0,-0.0,-5.46689617655,1.30532947863,-1.39435563928,map_000000319.png
-5.26993145782,2.01593156783,-0.957786204967,0.5,-0.0,-0.0,-5.46689617655,1.30532947863,-1.39435563928,map_000000320.png
-5.24003645496,1.97342724497,-0.957785338264,0.5,-0.0,-0.0,-5.46689617655,1.30532947863,-1.39435563928,map_000000321.png
-5.21011907042,1.93090062858,-0.957781996727,0.5,-0.079645678401,-0.0,-5.46689617655,1.30532947863,-1.39435563928,map_000000322.png
-5.1860613766,1.88673241085,-0.95778112723,0.5,-0.0,-0.0,-5.46689617655,1.30532947863,-1.39435563928,map_000000323.png
-5.15928221608,1.84202028747,-0.957778713875,0.5,-0.0,-0.0,-5.46689617655,1.30532947863,-1.39435563928,map_000000324.png
-5.12937679982,1.79950599793,-0.957777634226,0.5,-0.0,-0.0,-5.46689617655,1.30532947863,-1.39435563928,map_000000325.png
-5.10062144413,1.75862680901,-0.95777595094,0.5,-0.0,-0.0,-5.46689617655,1.30532947863,-1.39435563928,map_000000326.png
-5.07070907868,1.71610573858,-0.957773403358,0.5,-0.0,-0.0,-5.46689617655,1.30532947863,-1.39435563928,map_000000327.png
-5.04081353457,1.67360179694,-0.957773089471,0.5,-0.0,-0.0,-5.46689617655,1.30532947863,-1.39435563928,map_000000328.png
-5.01205505439,1.63271998083,-0.957770561471,0.5,-0.0,-0.0,-5.46689617655,1.30532947863,-1.39435563928,map_000000329.png
-4.98214899419,1.59020560375,-0.957768779169,-0.0,-0.0,-0.0,-5.46689617655,1.30532947863,-1.39435563928,map_000000330.png
-4.96604613942,1.56731386842,-0.957768296939,-0.0,-0.0,-0.0,-5.46689617655,1.30532947863,-1.39435563928,map_000000331.png
-4.96604613932,1.56731385238,-0.957768219888,-0.0342684723437,-0.5,-0.0,-5.46689617655,1.30532947863,-1.39435563928,map_000000332.png
-4.96947385794,1.56523768698,-0.957767773497,-0.0437292084098,-0.5,-0.0,-5.46689617655,1.30532947863,-1.39435563928,map_000000333.png
-5.01403101886,1.5382386184,-0.957763511013,-0.0437292084098,-0.5,-0.0,-5.46689617655,1.30532947863,-1.39435563928,map_000000334.png
-5.05912649737,1.51199893187,-0.957762261499,-0.0437292084098,-0.5,-0.0,-5.46689617655,1.30532947863,-1.39435563928,map_000000335.png
-5.10251638471,1.4868151233,-0.95775883528,-0.0437292084098,-0.5,-0.0,-5.46689617655,1.30532947863,-1.39435563928,map_000000336.png
-5.14764577696,1.46062668485,-0.957755276898,-0.0437292084098,-0.5,-0.0,-5.46689617655,1.30532947863,-1.39435563928,map_000000337.png
-5.19277409116,1.43443887433,-0.957752174923,-0.0437292084098,-0.5,-0.0,-5.46689617655,1.30532947863,-1.39435563928,map_000000338.png
-5.23615869388,1.40924829153,-0.957748347365,-0.0437292084098,-0.5,-0.0,-5.46689617655,1.30532947863,-1.39435563928,map_000000339.png
-5.28129651086,1.38306899468,-0.957746538005,-0.0,-0.129314556718,-0.0,-5.46689617655,1.30532947863,-1.39435563928,map_000000340.png
-5.32641898478,1.35687340603,-0.95774256544,-0.0,-0.129314556718,-0.0,-5.46689617655,1.30532947863,-1.39435563928,map_000000341.png
-5.34617828182,1.3444654636,-0.957740811291,-0.0,-0.0,-0.0,-5.46689617655,1.30532947863,-1.39435563928,map_000000342.png
-5.35041634386,1.34149964891,-0.957741273381,-0.0,-0.0,-0.0,-5.46689617655,1.30532947863,-1.39435563928,map_000000343.png
-5.35041634386,1.34149964891,-0.957741273381,-0.0,-0.0,-0.0,-5.46689617655,1.30532947863,-1.39435563928,map_000000344.png
-5.3504162404,1.34149955613,-0.957741417428,-0.0,-0.0,-0.0,-5.46689617655,1.30532947863,-1.39435563928,map_000000345.png
-5.3504162734,1.34149957797,-0.957741529382,-0.0,-0.0,-0.0,-5.46689617655,1.30532947863,-1.39435563928,map_000000346.png
-5.35040714276,1.34149043815,-0.95774028245,-0.0,-0.0,-0.0,-5.46689617655,1.30532947863,-1.39435563928,map_000000347.png
-5.35041625842,1.34149955894,-0.957741391705,-0.0,-0.0,-0.0,-5.46689617655,1.30532947863,-1.39435563928,map_000000348.png
-5.35040957083,1.34149287143,-0.95774077739,-0.0,-0.0,-0.0,-5.46689617655,1.30532947863,-1.39435563928,map_000000349.png
-5.35040711722,1.34149040667,-0.957740094916,-0.0,-0.0,-0.0,-5.46689617655,1.30532947863,-1.39435563928,map_000000350.png
-5.35041624322,1.34149954632,-0.957741661814,-0.0,-0.0,-0.0,-5.46689617655,1.30532947863,-1.39435563928,map_000000351.png
-5.35041614412,1.34149945045,-0.957741475566,-0.0,-0.0,-0.690504193306,-5.46689617655,1.30532947863,-1.39435563928,map_000000352.png
-5.35033070514,1.34155926322,-0.968605210552,-0.0,-0.0,-1.0,-5.46689617655,1.30532947863,-1.39435563928,map_000000353.png
-5.34975906456,1.34192379243,-1.03922011424,-0.0,-0.0,-1.0,-5.46689617655,1.30532947863,-1.39435563928,map_000000354.png
-5.34891059816,1.34237152085,-1.14150292932,-0.0,-0.0,-1.0,-5.46689617655,1.30532947863,-1.39435563928,map_000000355.png
-5.34805050157,1.34270837811,-1.23985129801,-0.0,-0.0,-1.0,-5.46689617655,1.30532947863,-1.39435563928,map_000000356.png
-5.34710653922,1.34298596091,-1.34212234141,-0.0,-0.0,-1.0,-5.46689617655,1.30532947863,-1.39435563928,map_000000357.png
-5.34612994458,1.34317572427,-1.44438737419,-0.0,-0.0,-0.0,-5.46689617655,1.30532947863,-1.39435563928,map_000000358.png
-5.34544221443,1.34323236334,-1.5151835364,-0.0,-0.0,-0.0,-5.46689617655,1.30532947863,-1.39435563928,map_000000359.png
-5.34543289819,1.3432415189,-1.51517897802,-0.0,-0.0,-0.0,-5.46689617655,1.30532947863,-1.39435563928,map_000000360.png
-5.34542369236,1.34323228069,-1.51517483328,-0.0,-0.0,-0.0,-5.46689617655,1.30532947863,-1.39435563928,map_000000361.png
-5.34543290568,1.34324153126,-1.5151788459,-0.0,-0.0,-0.0,-5.46689617655,1.30532947863,-1.39435563928,map_000000362.png
-5.3454329493,1.34324156669,-1.515178832,-0.0,-0.0,-0.0,-5.46689617655,1.30532947863,-1.39435563928,map_000000363.png
-5.34543288807,1.34324150803,-1.51517883972,-0.0,-0.0,-0.0,-5.46689617655,1.30532947863,-1.39435563928,map_000000364.png
-5.34543285564,1.34324146133,-1.5151787764,-0.0,-0.0,-0.0,-5.46689617655,1.30532947863,-1.39435563928,map_000000365.png
-5.34542364611,1.34323222466,-1.51517521402,-0.0,-0.0,-0.0,-5.46689617655,1.30532947863,-1.39435563928,map_000000366.png
-5.34543283859,1.3432414381,-1.51517867373,-0.0,-0.0,-0.0,-5.46689617655,1.30532947863,-1.39435563928,map_000000367.png
-5.34542363292,1.34323220003,-1.51517462829,-0.0,-0.0,-0.0,-5.46689617655,1.30532947863,-1.39435563928,map_000000368.png
-5.34543284517,1.34324145089,-1.51517877343,-0.0,-0.0,-0.0,-5.46689617655,1.30532947863,-1.39435563928,map_000000369.png
-5.34543288913,1.34324148636,-1.5151787202,-0.0,-0.0,-0.0,-5.46689617655,1.30532947863,-1.39435563928,map_000000370.png
-5.34543282781,1.3432414277,-1.51517873693,-0.0,-0.0,-0.0,-5.46689617655,1.30532947863,-1.39435563928,map_000000371.png
-5.34543279572,1.34324138098,-1.51517860401,-0.0,-0.0,-0.0,-5.46689617655,1.30532947863,-1.39435563928,map_000000372.png
-5.34542358785,1.34323214365,-1.51517484524,-0.0,-0.0,-0.0,-5.46689617655,1.30532947863,-1.39435563928,map_000000373.png
-5.34543277876,1.34324135775,-1.51517845849,-0.0,-0.0,-0.0,-5.46689617655,1.30532947863,-1.39435563928,map_000000374.png
-5.34543284607,1.34324142926,-1.51517866812,-0.0,-0.0,-0.0,-5.46689617655,1.30532947863,-1.39435563928,map_000000375.png
-5.34543278533,1.34324137054,-1.51517862646,-0.0,-0.0,-0.0,-5.46689617655,1.30532947863,-1.39435563928,map_000000376.png
-5.34543282899,1.34324140602,-1.5151786054,-0.0,-0.0,-0.0,-5.46689617655,1.30532947863,-1.39435563928,map_000000377.png
-5.34542354503,1.34323208653,-1.51517476867,-0.0,-0.0,-0.0,-5.46689617655,1.30532947863,-1.39435563928,map_000000378.png
-5.34543273595,1.34324130063,-1.51517838156,-0.0,-0.0,-0.0,-5.46689617655,1.30532947863,-1.39435563928,map_000000379.png
-5.34543273595,1.34324130063,-1.51517838156,-0.0,-0.0,-0.0,-5.46689617655,1.30532947863,-1.39435563928,map_000000380.png
-5.3454235258,1.34323206401,-1.51517498624,-0.0,-0.0,-0.0,-5.46689617655,1.30532947863,-1.39435563928,map_000000381.png
-5.34543274282,1.3432413134,-1.51517851756,-0.0,-0.0,-0.0,-5.46689617655,1.30532947863,-1.39435563928,map_000000382.png
-5.34543278618,1.3432413489,-1.51517852844,-0.0,-0.0,-0.39310130477,-5.46689617655,1.30532947863,-1.39435563928,map_000000383.png
-5.34519569651,1.34325201508,-1.53991743635,-0.0,-0.0,-0.681348621845,-5.46689617655,1.30532947863,-1.39435563928,map_000000384.png
-5.34470524455,1.34325559153,-1.59104344424,-0.0,-0.0,0.0166936255991,-5.46689617655,1.30532947863,-1.39435563928,map_000000385.png
-5.34421206445,1.34322477452,-1.64149834422,-0.0,-0.0,-0.0,-5.46689617655,1.30532947863,-1.39435563928,map_000000386.png
-5.34423658458,1.34323527584,-1.63992724566,-0.0,-0.0,-0.0,-5.46689617655,1.30532947863,-1.39435563928,map_000000387.png
-5.34423658178,1.34323523653,-1.63992715696,-0.0,-0.0,-0.0,-5.46689617655,1.30532947863,-1.39435563928,map_000000388.png
-5.34423661824,1.34323525213,-1.63992719224,-0.0,-0.0,-0.0,-5.46689617655,1.30532947863,-1.39435563928,map_000000389.png
-5.34423849549,1.34323330988,-1.63992812359,-0.0,-0.0,-0.0,-5.46689617655,1.30532947863,-1.39435563928,map_000000390.png
-5.34422675729,1.34324508545,-1.63992310493,-0.0,-0.0,-0.0,-5.46689617655,1.30532947863,-1.39435563928,map_000000391.png
-5.34424580259,1.34322593949,-1.63993158861,-0.0,-0.0,-0.146053954959,-5.46689617655,1.30532947863,-1.39435563928,map_000000392.png
-5.34422490044,1.34322328664,-1.64222958314,-0.0,-0.0,-0.72712635994,-5.46689617655,1.30532947863,-1.39435563928,map_000000393.png
-5.34407160724,1.34322251465,-1.6571613309,-0.0,-0.0,-0.827761173248,-5.46689617655,1.30532947863,-1.39435563928,map_000000394.png
-5.34339329736,1.34314300636,-1.72866324654,-0.0,-0.0,-0.827761173248,-5.46689617655,1.30532947863,-1.39435563928,map_000000395.png
-5.34262854978,1.34300087357,-1.8113463249,-0.0,-0.0,-0.827761173248,-5.46689617655,1.30532947863,-1.39435563928,map_000000396.png
-5.34183286098,1.34276134803,-1.8959939707,-0.0,-0.0,-0.0,-5.46689617655,1.30532947863,-1.39435563928,map_000000397.png
-5.34140884739,1.3426001914,-1.94157034679,-0.0,-0.0,-0.0,-5.46689617655,1.30532947863,-1.39435563928,map_000000398.png
-5.34140879947,1.34260010921,-1.94157028401,-0.0,-0.0,-0.0,-5.46689617655,1.30532947863,-1.39435563928,map_000000399.png
-5.34140876153,1.34260006722,-1.94157052652,-0.0,-0.0,-0.443456828594,-5.46689617655,1.30532947863,-1.39435563928,map_000000400.png
-5.34141818006,1.34260950373,-1.94157578421,-0.0,-0.0,-0.443456828594,-5.46689617655,1.30532947863,-1.39435563928,map_000000401.png
-5.34107774076,1.34246986216,-1.97994901999,-0.0,-0.0,-1.0,-5.46689617655,1.30532947863,-1.39435563928,map_000000402.png
-5.3403795672,1.34213859659,-2.06472585021,-0.0,-0.0,-1.0,-5.46689617655,1.30532947863,-1.39435563928,map_000000403.png
-5.33955550435,1.34165130914,-2.16305885389,-0.0,-0.0,-1.0,-5.46689617655,1.30532947863,-1.39435563928,map_000000404.png
-5.33876855902,1.34106397619,-2.26533187907,-0.0,-0.0,-1.0,-5.46689617655,1.30532947863,-1.39435563928,map_000000405.png
-5.33804671432,1.34040045182,-2.36760548352,-0.0,-0.0,-1.0,-5.46689617655,1.30532947863,-1.39435563928,map_000000406.png
-5.33739477447,1.33966494242,-2.46987789549,-0.0,-0.0,-1.0,-5.46689617655,1.30532947863,-1.39435563928,map_000000407.png
-5.33685232003,1.33891477657,-2.56822595052,-0.0,-0.0,-1.0,-5.46689617655,1.30532947863,-1.39435563928,map_000000408.png
-5.33634865958,1.33806677011,-2.67049635206,-0.0,-0.0,-1.0,-5.46689617655,1.30532947863,-1.39435563928,map_000000409.png
-5.33595209935,1.33716937018,-2.7727692567,-0.0,-0.0,-1.0,-5.46689617655,1.30532947863,-1.39435563928,map_000000410.png
-5.33564971729,1.33626046088,-2.87110068133,-0.0,-0.0,-1.0,-5.46689617655,1.30532947863,-1.39435563928,map_000000411.png
-5.33542824192,1.33529834793,-2.97336970541,-0.0,-0.0,-0.0,-5.46689617655,1.30532947863,-1.39435563928,map_000000412.png
-5.33529829374,1.3344156107,-3.06382810696,-0.0,-0.0,-0.0,-5.46689617655,1.30532947863,-1.39435563928,map_000000413.png
-5.33531037905,1.33442741886,-3.06383411812,-0.0,-0.0,-0.0,-5.46689617655,1.30532947863,-1.39435563928,map_000000414.png
-5.33529853059,1.33441561601,-3.06382816828,-0.0,-0.0,-0.0,-5.46689617655,1.30532947863,-1.39435563928,map_000000415.png
-5.33530840513,1.33442544292,-3.06383313485,-0.0,-0.0,-0.0,-5.46689617655,1.30532947863,-1.39435563928,map_000000416.png
-5.33529854819,1.33441561965,-3.06382822865,-0.0,-0.0,-0.297044277191,-5.46689617655,1.30532947863,-1.39435563928,map_000000417.png
-5.33529854819,1.33441561965,-3.06382822865,-0.0,-0.0,-1.0,-5.46689617655,1.30532947863,-1.39435563928,map_000000418.png
-5.33529370863,1.33431760338,-3.07434503521,-0.0,-0.0,-1.0,-5.46689617655,1.30532947863,-1.39435563928,map_000000419.png
-5.33528256965,1.33396396172,-3.11580235801,-0.0,-0.0,-1.0,-5.46689617655,1.30532947863,-1.39435563928,map_000000420.png
-5.33529766641,1.3329890156,3.06905996445,-0.0,-0.0,-1.0,-5.46689617655,1.30532947863,-1.39435563928,map_000000421.png
-5.33542041931,1.33201027802,2.96679017475,-0.0,-0.0,-1.0,-5.46689617655,1.30532947863,-1.39435563928,map_000000422.png
-5.33562701268,1.33106329126,2.86451179232,-0.0,-0.0,-1.0,-5.46689617655,1.30532947863,-1.39435563928,map_000000423.png
-5.33593179212,1.33014224621,2.76223394255,-0.0,-0.0,-1.0,-5.46689617655,1.30532947863,-1.39435563928,map_000000424.png
-5.3363241798,1.32929461188,2.66388962278,-0.0,-0.0,-1.0,-5.46689617655,1.30532947863,-1.39435563928,map_000000425.png
-5.33680903525,1.32844567767,2.56161499039,-0.0,-0.0,-1.0,-5.46689617655,1.30532947863,-1.39435563928,map_000000426.png
-5.33738679231,1.32764920826,2.45934298578,-0.0,-0.0,-1.0,-5.46689617655,1.30532947863,-1.39435563928,map_000000427.png
-5.33802536353,1.32693233903,2.36101106695,-0.0,-0.0,-1.0,-5.46689617655,1.30532947863,-1.39435563928,map_000000428.png
-5.33874800132,1.32626527493,2.25873878386,-0.0,-0.0,-1.0,-5.46689617655,1.30532947863,-1.39435563928,map_000000429.png
-5.33953403785,1.32568692593,2.15646334512,-0.0,-0.0,-1.0,-5.46689617655,1.30532947863,-1.39435563928,map_000000430.png
-5.34032891445,1.32519939714,2.05811856594,-0.0,-0.0,-1.0,-5.46689617655,1.30532947863,-1.39435563928,map_000000431.png
-5.3412176896,1.32479004978,1.95584468486,-0.0,-0.0,-1.0,-5.46689617655,1.30532947863,-1.39435563928,map_000000432.png
-5.34214499131,1.32446234437,1.85357338265,-0.0,-0.0,-1.0,-5.46689617655,1.30532947863,-1.39435563928,map_000000433.png
-5.34308261103,1.32423349918,1.75524552513,-0.0,-0.0,-1.0,-5.46689617655,1.30532947863,-1.39435563928,map_000000434.png
-5.34406682287,1.32408887539,1.65298086715,-0.0,-0.0,-1.0,-5.46689617655,1.30532947863,-1.39435563928,map_000000435.png
-5.34502550137,1.32405254836,1.55069942459,-0.0,-0.0,-1.0,-5.46689617655,1.30532947863,-1.39435563928,map_000000436.png
-5.34597258575,1.32412106537,1.45236494022,-0.0,-0.0,-1.0,-5.46689617655,1.30532947863,-1.39435563928,map_000000437.png
-5.34694920163,1.32427381105,1.35009518178,-0.0,-0.0,-1.0,-5.46689617655,1.30532947863,-1.39435563928,map_000000438.png
-5.34788609729,1.32452515552,1.2478174157,-0.0,-0.0,-1.0,-5.46689617655,1.30532947863,-1.39435563928,map_000000439.png
-5.34875292544,1.32486237448,1.14947128423,-0.0,-0.0,-1.0,-5.46689617655,1.30532947863,-1.39435563928,map_000000440.png
-5.34962830071,1.32530954591,1.04719904533,-0.0,-0.0,-1.0,-5.46689617655,1.30532947863,-1.39435563928,map_000000441.png
-5.35045081815,1.32583088583,0.944922347395,-0.0,-0.0,-1.0,-5.46689617655,1.30532947863,-1.39435563928,map_000000442.png
-5.35121815962,1.32644217906,0.842648940453,-0.0,-0.0,-1.0,-5.46689617655,1.30532947863,-1.39435563928,map_000000443.png
-5.35191660959,1.32712164143,0.744323665621,-0.0,-0.0,-1.0,-5.46689617655,1.30532947863,-1.39435563928,map_000000444.png
-5.35253686459,1.32787013162,0.64204644157,-0.0,-0.0,-1.0,-5.46689617655,1.30532947863,-1.39435563928,map_000000445.png
-5.35308496058,1.32868318732,0.53977329658,-0.0,-0.0,-1.0,-5.46689617655,1.30532947863,-1.39435563928,map_000000446.png
-5.35352545193,1.3294993116,0.441426437215,-0.0,-0.0,-1.0,-5.46689617655,1.30532947863,-1.39435563928,map_000000447.png
-5.35390509991,1.33040725132,0.339155370452,-0.0,-0.0,-1.0,-5.46689617655,1.30532947863,-1.39435563928,map_000000448.png
-5.35418918632,1.3313477002,0.236883613358,-0.0,-0.0,-1.0,-5.46689617655,1.30532947863,-1.39435563928,map_000000449.png
-5.35438278126,1.33230253523,0.138560198219,-0.0,-0.0,-1.0,-5.46689617655,1.30532947863,-1.39435563928,map_000000450.png
-5.35446819129,1.33327700056,0.0362883579573,-0.0,-0.0,-1.0,-5.46689617655,1.30532947863,-1.39435563928,map_000000451.png
-5.35445525773,1.33425741483,-0.0659818316264,-0.0,-0.0,-1.0,-5.46689617655,1.30532947863,-1.39435563928,map_000000452.png
-5.35436983309,1.33516965042,-0.164331480309,-0.0,-0.0,-1.0,-5.46689617655,1.30532947863,-1.39435563928,map_000000453.png
-5.35415890801,1.33612395157,-0.266605543432,-0.0,-0.0,-1.0,-5.46689617655,1.30532947863,-1.39435563928,map_000000454.png
-5.35415890801,1.33612395157,-0.266605543432,-0.0,-0.0,-1.0,-5.46689617655,1.30532947863,-1.39435563928,map_000000455.png
-5.35347329985,1.3379393198,-0.467208506165,-0.0,-0.0,-1.0,-5.46689617655,1.30532947863,-1.39435563928,map_000000456.png
-5.35347329985,1.3379393198,-0.467208506165,-0.0,-0.0,-1.0,-5.46689617655,1.30532947863,-1.39435563928,map_000000457.png
-5.35299568672,1.33879302432,-0.569482994966,-0.0,-0.0,-1.0,-5.46689617655,1.30532947863,-1.39435563928,map_000000458.png
-5.35242574949,1.33959381185,-0.671755572483,-0.0,-0.0,-1.0,-5.46689617655,1.30532947863,-1.39435563928,map_000000459.png
-5.3518145448,1.34029565187,-0.77010144471,-0.0,-0.0,-1.0,-5.46689617655,1.30532947863,-1.39435563928,map_000000460.png
-5.35110024278,1.34096898917,-0.87237458467,-0.0,-0.0,-1.0,-5.46689617655,1.30532947863,-1.39435563928,map_000000461.png
-5.3503224908,1.34155674001,-0.974650725673,-0.0,-0.0,-1.0,-5.46689617655,1.30532947863,-1.39435563928,map_000000462.png
-5.34948314375,1.34207153927,-1.07692199811,-0.0,-0.0,-1.0,-5.46689617655,1.30532947863,-1.39435563928,map_000000463.png
-5.34861968173,1.3424848085,-1.17525408248,-0.0,-0.0,-1.0,-5.46689617655,1.30532947863,-1.39435563928,map_000000464.png
-5.34769598817,1.34281961173,-1.2775255843,-0.0,-0.0,-0.0,-5.46689617655,1.30532947863,-1.39435563928,map_000000465.png
-5.34690969283,1.34303795183,-1.36011972363,-0.0,-0.0,-0.0,-5.46689617655,1.30532947863,-1.39435563928,map_000000466.png
-5.34690965538,1.34303781171,-1.3601196183,-0.0,-0.0,-0.0,-5.46689617655,1.30532947863,-1.39435563928,map_000000467.png
-5.34691950777,1.3430476999,-1.36012316144,-0.0,-0.0,-0.0,-5.46689617655,1.30532947863,-1.39435563928,map_000000468.png
-5.34690781751,1.34303595872,-1.36011902762,-0.0,-0.0,-0.0,-5.46689617655,1.30532947863,-1.39435563928,map_000000469.png
-5.34690780955,1.34303594577,-1.36011899637,0.162446215749,0.5,-0.0,-5.46689617655,1.30532947863,-1.39435563928,map_000000470.png
-5.32182044017,1.34043279298,-1.36012017329,0.0607814267278,0.5,-0.0,-5.46689617655,1.30532947863,-1.39435563928,map_000000471.png
-5.26804549122,1.33756173958,-1.36011869422,0.0607814267278,0.5,-0.0,-5.46689617655,1.30532947863,-1.39435563928,map_000000472.png
-5.21790084154,1.3420720519,-1.36011971273,0.00874736811966,0.5,-0.0,-5.46689617655,1.30532947863,-1.39435563928,map_000000473.png
-5.16575968986,1.34677191175,-1.36012395535,0.00874736811966,0.5,-0.0,-5.46689617655,1.30532947863,-1.39435563928,map_000000474.png
-5.11466308833,1.35635522807,-1.36012800323,-0.0,0.5,-0.0,-5.46689617655,1.30532947863,-1.39435563928,map_000000475.png
-5.06573773867,1.36656725579,-1.36012877019,-0.0,-0.0,-0.0,-5.46689617655,1.30532947863,-1.39435563928,map_000000476.png
-5.04226668832,1.37157212314,-1.36012546992,-0.0,-0.0,-0.0,-5.46689617655,1.30532947863,-1.39435563928,map_000000477.png
-5.04226853969,1.37157396835,-1.36012625938,-0.0,-0.0,-0.0,-5.46689617655,1.30532947863,-1.39435563928,map_000000478.png
-5.04226853066,1.37157395564,-1.36012634328,-0.0,-0.0,-0.0,-5.46689617655,1.30532947863,-1.39435563928,map_000000479.png
-5.04225930813,1.37156469684,-1.36012277145,-0.0,-0.0,-0.0,-5.46689617655,1.30532947863,-1.39435563928,map_000000480.png
-5.04226847476,1.37157389585,-1.36012607876,-0.0,-0.0,-0.0,-5.46689617655,1.30532947863,-1.39435563928,map_000000481.png
-5.04227832845,1.37158378412,-1.36012948403,-0.0,-0.379947811365,-0.0,-5.46689617655,1.30532947863,-1.39435563928,map_000000482.png
-5.06604757192,1.36650086181,-1.36012956607,-0.0,-0.5,-0.0,-5.46689617655,1.30532947863,-1.39435563928,map_000000483.png
-5.110293676,1.35702484174,-1.36012416277,-0.0,-0.5,-0.0,-5.46689617655,1.30532947863,-1.39435563928,map_000000484.png
-5.16112421338,1.34615725082,-1.36012411428,-0.0,-0.5,-0.0,-5.46689617655,1.30532947863,-1.39435563928,map_000000485.png
-5.20999833256,1.33570569415,-1.36012303354,-0.0,-0.5,-0.0,-5.46689617655,1.30532947863,-1.39435563928,map_000000486.png
-5.26081836834,1.32482672103,-1.36011792478,-0.0,-0.5,-0.0,-5.46689617655,1.30532947863,-1.39435563928,map_000000487.png
-5.31165648909,1.3139662461,-1.36012057995,-0.0,-0.5,-0.0,-5.46689617655,1.30532947863,-1.39435563928,map_000000488.png
-5.36053057487,1.30351453949,-1.36011968291,-0.0,-0.5,-0.0,-5.46689617655,1.30532947863,-1.39435563928,map_000000489.png
-5.41136964639,1.29265456201,-1.36012256342,-0.0,-0.5,-0.0,-5.46689617655,1.30532947863,-1.39435563928,map_000000490.png
-5.46218717429,1.28177291015,-1.36011698225,-0.0,-0.5,-0.0,-5.46689617655,1.30532947863,-1.39435563928,map_000000491.png
-5.51106122911,1.27132105437,-1.36011593867,-0.0,-0.264091908932,-0.0,-5.46689617655,1.30532947863,-1.39435563928,map_000000492.png
