0.654015806657,5.92924327031,0.504120853567,-0.0,-0.0,-0.0,-2.13139201704,6.16212317903,0.125698577862,map_000000052.png
0.654025361869,5.92923374493,0.504114912669,-0.0389988385141,-0.0,-0.0,-2.13139201704,6.16212317903,0.125698577862,map_000000053.png
0.653333166317,5.92886658859,0.504120866433,-0.251808226109,-0.0,-0.0,-2.13139201704,6.16212317903,0.125698577862,map_000000054.png
0.649919642379,5.92698345832,0.504121083118,-0.36529892683,-0.0,-0.0,-2.13139201704,6.16212317903,0.125698577862,map_000000055.png
0.626996696817,5.91433805834,0.504122419569,-0.36529892683,-0.0,-0.0,-2.13139201704,6.16212317903,0.125698577862,map_000000056.png
0.626996696817,5.91433805834,0.504122419569,-0.36529892683,0.0603045746684,-0.0,-2.13139201704,6.16212317903,0.125698577862,map_000000057.png
0.595332460493,5.8968699204,0.504123676099,-0.0744575336576,0.0744956806302,-0.0,-2.13139201704,6.16212317903,0.125698577862,map_000000058.png
0.561494585461,5.88260897855,0.504125346749,-0.0744575336576,0.0744956806302,-0.0,-2.13139201704,6.16212317903,0.125698577862,map_000000059.png
0.537104629863,5.87709123652,0.504126523153,-0.0,-0.0,-0.0,-2.13139201704,6.16212317903,0.125698577862,map_000000060.png
0.529427155145,5.87930487442,0.504121140805,-0.0,-0.0,-0.0,-2.13139201704,6.16212317903,0.125698577862,map_000000061.png
0.529427162505,5.87930487032,0.504120844761,-0.0,-0.0,-0.0,-2.13139201704,6.16212317903,0.125698577862,map_000000062.png
0.529427170206,5.87930486399,0.504121023187,-0.0,-0.0,-0.0,-2.13139201704,6.16212317903,0.125698577862,map_000000063.png
0.529417681429,5.87931433169,0.504127053958,-0.0,-0.0,-0.0,-2.13139201704,6.16212317903,0.125698577862,map_000000064.png
0.529417688712,5.87931432665,0.504127001996,-0.0,-0.0,-0.0,-2.13139201704,6.16212317903,0.125698577862,map_000000065.png
0.529416904567,5.87931429895,0.504127277055,-0.0,-0.0,-0.0,-2.13139201704,6.16212317903,0.125698577862,map_000000066.png
0.529416937332,5.87931429542,0.504127249799,-0.0,-0.0,-0.0,-2.13139201704,6.16212317903,0.125698577862,map_000000067.png
0.529416945047,5.87931428917,0.504127303369,0.0229384750128,0.5,-0.0,-2.13139201704,6.16212317903,0.125698577862,map_000000068.png
0.52941766999,5.87931434869,0.50412715433,0.0229384750128,0.5,-0.0,-2.13139201704,6.16212317903,0.125698577862,map_000000069.png
0.508176722288,5.92238214149,0.50412282174,0.0418599508703,0.5,-0.0,-2.13139201704,6.16212317903,0.125698577862,map_000000070.png
0.487299495941,5.96794847813,0.504124599184,0.0418599508703,0.5,-0.0,-2.13139201704,6.16212317903,0.125698577862,map_000000071.png
0.465991050838,6.01557473304,0.504133277932,0.0489555038512,0.462290555239,-0.0,-2.13139201704,6.16212317903,0.125698577862,map_000000072.png
0.445765573522,6.06189018257,0.50413573473,-0.0,-0.0,-0.0,-2.13139201704,6.16212317903,0.125698577862,map_000000073.png
0.431335119396,6.09615216174,0.50413713928,-0.0,-0.0,-0.0,-2.13139201704,6.16212317903,0.125698577862,map_000000074.png
0.431335151997,6.09615215878,0.50413702621,-0.0,-0.0,-0.0,-2.13139201704,6.16212317903,0.125698577862,map_000000075.png
0.431335876451,6.09615221877,0.504136783286,-0.0,-0.0,-0.0,-2.13139201704,6.16212317903,0.125698577862,map_000000076.png
0.431335884624,6.0961522121,0.50413692479,-0.0,-0.0,-0.0,-2.13139201704,6.16212317903,0.125698577862,map_000000077.png
0.431345439614,6.09614268727,0.504130898654,-0.0,-0.0,-0.0,-2.13139201704,6.16212317903,0.125698577862,map_000000078.png
0.431335950727,6.09615215506,0.504136913265,-0.0,-0.0,-0.0,-2.13139201704,6.16212317903,0.125698577862,map_000000079.png
0.431335958109,6.09615214995,0.504136876428,-0.0,-0.0,-0.0,-2.13139201704,6.16212317903,0.125698577862,map_000000080.png
0.431335173721,6.09615212292,0.504137065605,-0.0,-0.0,-0.0,-2.13139201704,6.16212317903,0.125698577862,map_000000081.png
0.43133520672,6.09615211911,0.504137106852,-0.0,-0.0,-0.0,-2.13139201704,6.16212317903,0.125698577862,map_000000082.png
0.431335214212,6.09615211344,0.504137109873,-0.0,-0.0,-0.0,-2.13139201704,6.16212317903,0.125698577862,map_000000083.png
0.431335938837,6.096152173,0.504136908376,-0.0,-0.0,-0.0,-2.13139201704,6.16212317903,0.125698577862,map_000000084.png
0.431345494039,6.09614264822,0.504130794264,-0.0,-0.0,-0.0,-2.13139201704,6.16212317903,0.125698577862,map_000000085.png
0.431345501763,6.09614264194,0.50413097227,-0.0,-0.0,-0.0,-2.13139201704,6.16212317903,0.125698577862,map_000000086.png
0.431336012586,6.09615211025,0.504136924512,-0.0,-0.0,-0.0,-2.13139201704,6.16212317903,0.125698577862,map_000000087.png
0.43133522879,6.09615208099,0.504137383626,-0.0,-0.0,-0.0,-2.13139201704,6.16212317903,0.125698577862,map_000000088.png
0.431335235876,6.09615207757,0.504137141261,-0.0,-0.0,-0.0,-2.13139201704,6.16212317903,0.125698577862,map_000000089.png
0.431335268908,6.09615207368,0.504137190421,-0.0,-0.0,-0.0,-2.13139201704,6.16212317903,0.125698577862,map_000000090.png
0.431335993469,6.09615213307,0.504136987505,-0.0,-0.0,-0.0,-2.13139201704,6.16212317903,0.125698577862,map_000000091.png
0.43133600111,6.09615212746,0.504137007978,-0.0,0.19510102272,-0.0,-2.13139201704,6.16212317903,0.125698577862,map_000000092.png
0.428707768539,6.10092393674,0.504131089767,-0.0389988385141,0.308591723442,-0.0,-2.13139201704,6.16212317903,0.125698577862,map_000000093.png
0.417833314145,6.119659181,0.504138348205,-0.0389988385141,0.341704308987,-0.0,-2.13139201704,6.16212317903,0.125698577862,map_000000094.png
0.399518486588,6.14478646051,0.504139866495,-0.0389988385141,0.341704308987,-0.0,-2.13139201704,6.16212317903,0.125698577862,map_000000095.png
0.378935252399,6.17370111933,0.504141875478,-0.0389988385141,0.348799854517,-0.0,-2.13139201704,6.16212317903,0.125698577862,map_000000096.png
0.378935252399,6.17370111933,0.504141875478,-0.0389988385141,0.348799854517,-0.0,-2.13139201704,6.16212317903,0.125698577862,map_000000097.png
0.357950464865,6.20334488351,0.504143414203,-0.0389988385141,0.348799854517,-0.0,-2.13139201704,6.16212317903,0.125698577862,map_000000098.png
0.337693913133,6.23199140122,0.504145205818,-0.0389988385141,0.348799854517,-0.0,-2.13139201704,6.16212317903,0.125698577862,map_000000099.png
0.316627980221,6.26178347841,0.504146763778,-0.0389988385141,0.348799854517,-0.0,-2.13139201704,6.16212317903,0.125698577862,map_000000100.png
0.295570598104,6.29156628405,0.504142430564,-0.0389988385141,0.348799854517,-0.0,-2.13139201704,6.16212317903,0.125698577862,map_000000101.png
0.275313896113,6.32021269853,0.504144053087,-0.0,-0.0,-0.0,-2.13139201704,6.16212317903,0.125698577862,map_000000102.png
0.255057144333,6.3488590755,0.504146073217,-0.0,-0.0,-0.0,-2.13139201704,6.16212317903,0.125698577862,map_000000103.png
0.250996279157,6.35459783447,0.504152213869,-0.0,-0.0,-0.0,-2.13139201704,6.16212317903,0.125698577862,map_000000104.png
0.250996286508,6.35459782929,0.504152177525,-0.0,-0.0,-0.0,-2.13139201704,6.16212317903,0.125698577862,map_000000105.png
0.250995502196,6.35459780215,0.50415238121,-0.0,-0.0,-0.0,-2.13139201704,6.16212317903,0.125698577862,map_000000106.png
0.250995535194,6.35459779776,0.504152444007,-0.0,-0.0,-0.0,-2.13139201704,6.16212317903,0.125698577862,map_000000107.png
0.250995542699,6.3545977939,0.50415238027,-0.0,-0.0,-0.0,-2.13139201704,6.16212317903,0.125698577862,map_000000108.png
0.250996267415,6.354597852,0.504152249182,-0.0,-0.0,-0.0,-2.13139201704,6.16212317903,0.125698577862,map_000000109.png
0.251005822598,6.35458832735,0.504146123624,-0.0,-0.0,-0.0,-2.13139201704,6.16212317903,0.125698577862,map_000000110.png
0.251005830453,6.35458832006,0.504146511252,-0.0,-0.0,-0.0,-2.13139201704,6.16212317903,0.125698577862,map_000000111.png
0.250996341352,6.35459778906,0.504152296832,-0.0,-0.0,-0.0,-2.13139201704,6.16212317903,0.125698577862,map_000000112.png
0.250995557,6.35459776123,0.504152576748,-0.0,-0.0,-0.0,-2.13139201704,6.16212317903,0.125698577862,map_000000113.png
0.250995564782,6.35459775518,0.504152651929,-0.0,-0.0,-0.0,-2.13139201704,6.16212317903,0.125698577862,map_000000114.png
0.250995597379,6.35459775202,0.504152537642,-0.0,-0.0,-0.0,-2.13139201704,6.16212317903,0.125698577862,map_000000115.png
0.25099632203,6.35459781222,0.504152317442,-0.0,-0.0,-0.0,-2.13139201704,6.16212317903,0.125698577862,map_000000116.png
0.250996330004,6.35459780585,0.504152419637,-0.0,-0.0,-0.0,-2.13139201704,6.16212317903,0.125698577862,map_000000117.png
0.251005885107,6.35458828018,0.504146589559,-0.0,-0.0,-0.0,-2.13139201704,6.16212317903,0.125698577862,map_000000118.png
0.250996396018,6.35459774906,0.504152383469,-0.0,-0.0,-0.0,-2.13139201704,6.16212317903,0.125698577862,map_000000119.png
0.250996403447,6.35459774381,0.504152359943,-0.0,-0.0,-0.0,-2.13139201704,6.16212317903,0.125698577862,map_000000120.png
0.250995619114,6.35459771665,0.504152562243,-0.0,-0.0,-0.0,-2.13139201704,6.16212317903,0.125698577862,map_000000121.png
0.250995651883,6.35459771295,0.504152566777,-0.0,-0.0,-0.0,-2.13139201704,6.16212317903,0.125698577862,map_000000122.png
0.250995659583,6.35459770783,0.504152577127,-0.0,-0.0,-0.0,-2.13139201704,6.16212317903,0.125698577862,map_000000123.png
0.2509963843,6.35459776664,0.504152418783,-0.0,-0.0,1.0,-2.13139201704,6.16212317903,0.125698577862,map_000000124.png
0.251248195149,6.35415956792,0.559232682071,-0.0,-0.0,1.0,-2.13139201704,6.16212317903,0.125698577862,map_000000125.png
0.25176846182,6.35340071841,0.657583571395,-0.0,-0.0,1.0,-2.13139201704,6.16212317903,0.125698577862,map_000000126.png
0.252403427406,6.35265351141,0.759857092319,-0.0,-0.0,1.0,-2.13139201704,6.16212317903,0.125698577862,map_000000127.png
0.253112036013,6.35197450448,0.86213010051,-0.0,-0.0,1.0,-2.13139201704,6.16212317903,0.125698577862,map_000000128.png
0.253871273456,6.35137412866,0.960458279957,-0.0,-0.0,1.0,-2.13139201704,6.16212317903,0.125698577862,map_000000129.png
0.254702182934,6.35084866412,1.06273060541,-0.0,-0.0,1.0,-2.13139201704,6.16212317903,0.125698577862,map_000000130.png
0.255581033926,6.35042435084,1.16500558181,-0.0,-0.0,1.0,-2.13139201704,6.16212317903,0.125698577862,map_000000131.png
0.256446663793,6.3500980149,1.26335302593,-0.0,-0.0,-0.0,-2.13139201704,6.16212317903,0.125698577862,map_000000132.png
0.257211353841,6.34987155735,1.34200441535,-0.0,-0.0,-0.0,-2.13139201704,6.16212317903,0.125698577862,map_000000133.png
0.257209272687,6.34987376731,1.34200557098,-0.0,-0.0,-0.269577622414,-2.13139201704,6.16212317903,0.125698577862,map_000000134.png
0.257211366475,6.3498716769,1.34200445367,-0.0,-0.0,-0.269577622414,-2.13139201704,6.16212317903,0.125698577862,map_000000135.png
0.256996433694,6.34992234319,1.31867539121,-0.0,-0.0,-1.0,-2.13139201704,6.16212317903,0.125698577862,map_000000136.png
0.256284989331,6.35012098671,1.23937908333,-0.0,-0.0,-1.0,-2.13139201704,6.16212317903,0.125698577862,map_000000137.png
0.256284989331,6.35012098671,1.23937908333,-0.0,-0.0,-1.0,-2.13139201704,6.16212317903,0.125698577862,map_000000138.png
0.255421731623,6.35046473605,1.1410324751,-0.0,-0.0,-1.0,-2.13139201704,6.16212317903,0.125698577862,map_000000139.png
0.25454926901,6.35091521097,1.03875951924,-0.0,-0.0,-1.0,-2.13139201704,6.16212317903,0.125698577862,map_000000140.png
0.253725102321,6.35145646646,0.936488649547,-0.0,-0.0,-1.0,-2.13139201704,6.16212317903,0.125698577862,map_000000141.png
0.252975706272,6.35206011503,0.838157762901,-0.0,-0.0,-1.0,-2.13139201704,6.16212317903,0.125698577862,map_000000142.png
0.25232339624,6.35270444287,0.739805545907,-0.0,-0.0,-1.0,-2.13139201704,6.16212317903,0.125698577862,map_000000143.png
0.251694416784,6.35346158734,0.637533852314,-0.0,-0.0,-1.0,-2.13139201704,6.16212317903,0.125698577862,map_000000144.png
0.251158130477,6.35425986314,0.539203336463,-0.0,-0.0,-1.0,-2.13139201704,6.16212317903,0.125698577862,map_000000145.png
0.250695964135,6.35512529225,0.436930665409,-0.0,-0.0,-1.0,-2.13139201704,6.16212317903,0.125698577862,map_000000146.png
0.250321153495,6.35603665163,0.334660229345,-0.0,-0.0,-0.0,-2.13139201704,6.16212317903,0.125698577862,map_000000147.png
0.250062720725,6.35691739649,0.236309513344,-0.0,-0.0,-0.0,-2.13139201704,6.16212317903,0.125698577862,map_000000148.png
0.250047798218,6.35694691201,0.236324922904,-0.0,-0.0,-0.0,-2.13139201704,6.16212317903,0.125698577862,map_000000149.png
0.250047841192,6.3569468776,0.236324601084,-0.0,-0.0,-0.0,-2.13139201704,6.16212317903,0.125698577862,map_000000150.png
0.250038450975,6.35695622836,0.236329878448,-0.0,-0.0,-0.0,-2.13139201704,6.16212317903,0.125698577862,map_000000151.png
0.250038492362,6.35695619177,0.236329897981,-0.0,-0.0,-0.0,-2.13139201704,6.16212317903,0.125698577862,map_000000152.png
0.250038533747,6.35695615523,0.23632991107,-0.0,-0.0,-0.0,-2.13139201704,6.16212317903,0.125698577862,map_000000153.png
0.250048003323,6.3569467344,0.236324672009,-0.0,-0.0,-0.0,-2.13139201704,6.16212317903,0.125698577862,map_000000154.png
0.250048044596,6.35694669647,0.236324897506,-0.0,-0.0,-0.0,-2.13139201704,6.16212317903,0.125698577862,map_000000155.png
0.250048085834,6.35694665874,0.236325101488,-0.0,-0.0,-0.0,-2.13139201704,6.16212317903,0.125698577862,map_000000156.png
0.250038695945,6.35695601256,0.236329897823,-0.0,-0.0,-0.0,-2.13139201704,6.16212317903,0.125698577862,map_000000157.png
0.250038737248,6.35695597639,0.236329873291,-0.0,-0.0,-0.0,-2.13139201704,6.16212317903,0.125698577862,map_000000158.png
0.250038778535,6.35695594026,0.23632984692,-0.0,-0.0,-0.0,-2.13139201704,6.16212317903,0.125698577862,map_000000159.png
0.250048248215,6.356946519,0.236324649889,-0.0,-0.0,-0.0,-2.13139201704,6.16212317903,0.125698577862,map_000000160.png
0.250048289321,6.35694647993,0.236325061613,-0.0,0.0461325421929,-0.0,-2.13139201704,6.16212317903,0.125698577862,map_000000161.png
0.250048330902,6.35694644524,0.236324784792,-0.0,0.0461325421929,-0.0,-2.13139201704,6.16212317903,0.125698577862,map_000000162.png
0.249088894818,6.3609007228,0.236329607326,-0.0,-0.0,-0.0,-2.13139201704,6.16212317903,0.125698577862,map_000000163.png
0.248700274061,6.36251454811,0.236329510226,-0.0,-0.0,-0.0,-2.13139201704,6.16212317903,0.125698577862,map_000000164.png
0.248700315368,6.36251451194,0.236329487075,-0.128837704659,-0.0,-0.0,-2.13139201704,6.16212317903,0.125698577862,map_000000165.png
0.245204213202,6.36166084283,0.236324754951,-0.495364993811,-0.0,-0.0,-2.13139201704,6.16212317903,0.125698577862,map_000000166.png
0.227909618821,6.35749571361,0.236327679263,-0.5,-0.0,-0.0,-2.13139201704,6.16212317903,0.125698577862,map_000000167.png
0.177847877271,6.34543902015,0.23633458081,-0.5,-0.0,-0.0,-2.13139201704,6.16212317903,0.125698577862,map_000000168.png
0.129270151075,6.33375104484,0.23634670548,-0.5,-0.0,-0.0,-2.13139201704,6.16212317903,0.125698577862,map_000000169.png
0.0787401663292,6.32158081876,0.236353971269,-0.5,-0.0,-0.0,-2.13139201704,6.16212317903,0.125698577862,map_000000170.png
0.028210270526,6.309410223,0.236361311341,-0.5,0.00828959047794,-0.0,-2.13139201704,6.16212317903,0.125698577862,map_000000171.png
-0.0204445610609,6.29802011006,0.23636323959,-0.5,0.00828959047794,-0.0,-2.13139201704,6.16212317903,0.125698577862,map_000000172.png
-0.0711760721964,6.28668653915,0.236370368196,-0.5,0.0153851434588,-0.0,-2.13139201704,6.16212317903,0.125698577862,map_000000173.png
-0.121914146064,6.27538018234,0.236377919704,-0.443330943584,0.0839564204216,-0.0,-2.13139201704,6.16212317903,0.125698577862,map_000000174.png
-0.170869509126,6.26518078347,0.236389666657,-0.443330943584,0.0839564204216,-0.0,-2.13139201704,6.16212317903,0.125698577862,map_000000175.png
-0.218340185282,6.26159420384,0.236395806828,-0.419698178768,0.107608266175,-0.0,-2.13139201704,6.16212317903,0.125698577862,map_000000176.png
-0.218340185282,6.26159420384,0.236395806828,-0.405507057905,0.117069005966,-0.0,-2.13139201704,6.16212317903,0.125698577862,map_000000177.png
-0.306738602102,6.26244762171,0.236401547634,-0.398411512375,0.126529738307,-0.0,-2.13139201704,6.16212317903,0.125698577862,map_000000178.png
-0.306738602102,6.26244762171,0.236401547634,-0.31328395009,0.204542681575,-0.0,-2.13139201704,6.16212317903,0.125698577862,map_000000179.png
-0.350437683095,6.26470974255,0.236406912688,-0.31328395009,0.204542681575,-0.0,-2.13139201704,6.16212317903,0.125698577862,map_000000180.png
-0.393007572397,6.26894544271,0.236411729808,-0.268364518881,0.223464161158,-0.0,-2.13139201704,6.16212317903,0.125698577862,map_000000181.png
-0.428247521093,6.28149624741,0.236419936677,-0.268364518881,0.223464161158,-0.0,-2.13139201704,6.16212317903,0.125698577862,map_000000182.png
-0.459860878213,6.29668733564,0.236417305411,-0.261268973351,0.24002045393,-0.0,-2.13139201704,6.16212317903,0.125698577862,map_000000183.png
-0.492204765982,6.31401407172,0.236419986799,-0.261268973351,0.24002045393,-0.0,-2.13139201704,6.16212317903,0.125698577862,map_000000184.png
-0.523221059497,6.33122974879,0.23642734753,-0.261268973351,0.24002045393,-0.0,-2.13139201704,6.16212317903,0.125698577862,map_000000185.png
-0.555468429202,6.34912430797,0.236429708831,-0.261268973351,0.24002045393,-0.0,-2.13139201704,6.16212317903,0.125698577862,map_000000186.png
-0.587715842838,6.36701878886,0.236432096982,-0.261268973351,0.24002045393,-0.0,-2.13139201704,6.16212317903,0.125698577862,map_000000187.png
-0.61871376473,6.38421564988,0.236429203521,-0.261268973351,0.24002045393,-0.0,-2.13139201704,6.16212317903,0.125698577862,map_000000188.png
-0.650961262602,6.40210997831,0.236431591165,-0.273094892502,0.24002045393,-0.0,-2.13139201704,6.16212317903,0.125698577862,map_000000189.png
-0.684174087038,6.41977164616,0.236434397181,-0.372394472361,0.171449169517,-0.0,-2.13139201704,6.16212317903,0.125698577862,map_000000190.png
-0.721487657821,6.43095762987,0.236443016173,-0.381855219603,0.161988437176,-0.0,-2.13139201704,6.16212317903,0.125698577862,map_000000191.png
-0.76360274801,6.43871412871,0.236447508219,-0.5,0.0744956806302,-0.0,-2.13139201704,6.16212317903,0.125698577862,map_000000192.png
-0.80877736497,6.44263096892,0.236452609299,-0.5,0.0744956806302,-0.0,-2.13139201704,6.16212317903,0.125698577862,map_000000193.png
-0.859097796018,6.4381530631,0.236453851577,-0.5,0.0744956806302,-0.0,-2.13139201704,6.16212317903,0.125698577862,map_000000194.png
-0.911440502631,6.4335055011,0.236461021517,-0.5,0.0744956806302,-0.0,-2.13139201704,6.16212317903,0.125698577862,map_000000195.png
-0.963783178107,6.4288575789,0.236468427614,-0.5,0.0744956806302,-0.0,-2.13139201704,6.16212317903,0.125698577862,map_000000196.png
-1.01412176633,6.42439752874,0.23647952561,-0.5,0.0744956806302,-0.0,-2.13139201704,6.16212317903,0.125698577862,map_000000197.png
-1.06646437806,6.41974890758,0.236486330223,-0.5,0.124164558947,-0.0,-2.13139201704,6.16212317903,0.125698577862,map_000000198.png
-1.1191791635,6.41664434938,0.236493113907,-0.5,0.124164558947,-0.0,-2.13139201704,6.16212317903,0.125698577862,map_000000199.png
-1.17066257951,6.41699075468,0.236494354377,-0.5,0.124164558947,-0.0,-2.13139201704,6.16212317903,0.125698577862,map_000000200.png
-1.22421481654,6.41736045631,0.236500941978,-0.5,0.131241038442,-0.0,-2.13139201704,6.16212317903,0.125698577862,map_000000201.png
-1.27776705764,6.41772980351,0.236508056561,-0.5,0.131241038442,-0.0,-2.13139201704,6.16212317903,0.125698577862,map_000000202.png
-1.32939467283,6.41861661469,0.23651882715,-0.5,0.131241038442,-0.0,-2.13139201704,6.16212317903,0.125698577862,map_000000203.png
-1.38311928323,6.41970039939,0.236525343655,-0.5,0.131241038442,-0.0,-2.13139201704,6.16212317903,0.125698577862,map_000000204.png
-1.43684390202,6.42078383406,0.236531846072,-0.5,0.131241038442,-0.0,-2.13139201704,6.16212317903,0.125698577862,map_000000205.png
-1.48849307891,6.42181585893,0.2365334261,-0.5,0.131241038442,-0.0,-2.13139201704,6.16212317903,0.125698577862,map_000000206.png
-1.54221771034,6.42289860608,0.236539927979,-0.5,0.131241038442,-0.0,-2.13139201704,6.16212317903,0.125698577862,map_000000207.png
-1.5959423495,6.4239810025,0.236546364582,-0.5,0.131241038442,-0.0,-2.13139201704,6.16212317903,0.125698577862,map_000000208.png
-1.64760978092,6.4250308444,0.236557465924,-0.5,0.131241038442,-0.0,-2.13139201704,6.16212317903,0.125698577862,map_000000209.png
-1.70133443313,6.4261125546,0.236563940758,-0.211600080132,0.0697653144598,-0.0,-2.13139201704,6.16212317903,0.125698577862,map_000000210.png
-1.7409166917,6.42756948339,0.236568754049,-0.211600080132,0.0697653144598,-0.0,-2.13139201704,6.16212317903,0.125698577862,map_000000211.png
-1.76310239157,6.42938217215,0.23656641548,-0.211600080132,0.0697653144598,-0.0,-2.13139201704,6.16212317903,0.125698577862,map_000000212.png
-1.78618519216,6.43127707036,0.236569109806,-0.221060827374,0.0697653144598,-0.0,-2.13139201704,6.16212317903,0.125698577862,map_000000213.png
-1.80926799789,6.43317190591,0.236571995051,-0.221060827374,0.0697653144598,-0.0,-2.13139201704,6.16212317903,0.125698577862,map_000000214.png
-1.83228127051,6.43480815886,0.236579350249,-0.5,0.0697653144598,-0.0,-2.13139201704,6.16212317903,0.125698577862,map_000000215.png
-1.87691891108,6.43150606602,0.236584977181,-0.5,0.0697653144598,-0.0,-2.13139201704,6.16212317903,0.125698577862,map_000000216.png
-1.87691891108,6.43150606602,0.236584977181,-0.5,0.0697653144598,-0.0,-2.13139201704,6.16212317903,0.125698577862,map_000000217.png
-1.92914577997,6.42637389905,0.23659183855,-0.5,0.0697653144598,-0.0,-2.13139201704,6.16212317903,0.125698577862,map_000000218.png
-1.97935476577,6.42142934112,0.236593742792,-0.5,0.0697653144598,-0.0,-2.13139201704,6.16212317903,0.125698577862,map_000000219.png
-2.03158156633,6.41629646786,0.236600836135,-0.5,0.0697653144598,-0.0,-2.13139201704,6.16212317903,0.125698577862,map_000000220.png
-2.08380833146,6.41116323573,0.236607735418,-0.424428552389,0.0603045746684,-0.0,-2.13139201704,6.16212317903,0.125698577862,map_000000221.png
-2.13403546549,6.40623654046,0.236618863627,-0.424428552389,0.0603045746684,-0.0,-2.13139201704,6.16212317903,0.125698577862,map_000000222.png
-2.1781925607,6.40197177906,0.236619937386,-0.424428552389,0.0603045746684,-0.0,-2.13139201704,6.16212317903,0.125698577862,map_000000223.png
-2.2225519428,6.39772308027,0.236625750152,-0.0673619806767,0.0484977252781,-0.0,-2.13139201704,6.16212317903,0.125698577862,map_000000224.png
-2.25122572039,6.39653478749,0.236634162966,-0.0,-0.0,-0.0,-2.13139201704,6.16212317903,0.125698577862,map_000000225.png
-2.25767836464,6.3991672829,0.236634722585,-0.0,-0.0,-0.0,-2.13139201704,6.16212317903,0.125698577862,map_000000226.png
-2.25767832326,6.39916724633,0.236634740454,-0.0,-0.0,-0.0,-2.13139201704,6.16212317903,0.125698577862,map_000000227.png
-2.2576688535,6.39915782329,0.236629777978,-0.0,-0.0,-0.0,-2.13139201704,6.16212317903,0.125698577862,map_000000228.png
-2.25766881209,6.39915778933,0.236629429011,-0.0,-0.0,-0.0,-2.13139201704,6.16212317903,0.125698577862,map_000000229.png
-2.25766877094,6.39915774929,0.23662996856,-0.0,-0.0,-0.0,-2.13139201704,6.16212317903,0.125698577862,map_000000230.png
-2.25767816115,6.39916710409,0.236634682699,-0.0,-0.0,-0.0,-2.13139201704,6.16212317903,0.125698577862,map_000000231.png
-2.25767811966,6.39916706709,0.236634742067,-0.0,-0.0,-0.0,-2.13139201704,6.16212317903,0.125698577862,map_000000232.png
-2.25767807836,6.39916703093,0.236634717164,-0.0177121795714,-0.0,-0.0,-2.13139201704,6.16212317903,0.125698577862,map_000000233.png
-2.25766860863,6.39915760793,0.236629753951,-0.0177121795714,-0.0,-0.0,-2.13139201704,6.16212317903,0.125698577862,map_000000234.png
-2.25932075575,6.39875914206,0.236630167882,-0.273094892502,-0.0,-0.0,-2.13139201704,6.16212317903,0.125698577862,map_000000235.png
-2.28096227952,6.3935401658,0.236632966929,-0.381855219603,0.00119403668214,-0.0,-2.13139201704,6.16212317903,0.125698577862,map_000000236.png
-2.313864563,6.38569082762,0.236642591643,-0.391315966845,0.00119403668214,-0.0,-2.13139201704,6.16212317903,0.125698577862,map_000000237.png
-2.35284889104,6.37641688908,0.236648182024,-0.5,0.00119403668214,-0.0,-2.13139201704,6.16212317903,0.125698577862,map_000000238.png
-2.39495598971,6.36638959379,0.236654263177,-0.150124356151,-0.0,-0.0,-2.13139201704,6.16212317903,0.125698577862,map_000000239.png
-2.44355776214,6.35477905453,0.236656770254,-0.0,-0.0,-0.0,-2.13139201704,6.16212317903,0.125698577862,map_000000240.png
-2.45872816302,6.35112020646,0.236658948567,-0.0,-0.0,-0.0,-2.13139201704,6.16212317903,0.125698577862,map_000000241.png
-2.46106203719,6.35055727735,0.236658967955,-0.0,-0.0,-0.0,-2.13139201704,6.16212317903,0.125698577862,map_000000242.png
-2.4610714274,6.35056662942,0.236664060669,-0.0,-0.0,-0.0,-2.13139201704,6.16212317903,0.125698577862,map_000000243.png
-2.4610713861,6.35056659326,0.236664035969,-0.0,-0.0,-0.0,-2.13139201704,6.16212317903,0.125698577862,map_000000244.png
-2.46107134474,6.3505665568,0.236664043734,-0.0,-0.0,-0.0,-2.13139201704,6.16212317903,0.125698577862,map_000000245.png
-2.46106187513,6.35055713255,0.236659272663,-0.0,-0.0,-0.0,-2.13139201704,6.16212317903,0.125698577862,map_000000246.png
-2.46106183351,6.35055710045,0.236658631656,-0.0,-0.0,-0.0,-2.13139201704,6.16212317903,0.125698577862,map_000000247.png
-2.46106179229,6.35055706195,0.236658946024,-0.0,-0.0,-0.0,-2.13139201704,6.16212317903,0.125698577862,map_000000248.png
-2.46107118254,6.35056641412,0.236664030721,-0.0,-0.0,-0.0,-2.13139201704,6.16212317903,0.125698577862,map_000000249.png
-2.46107114115,6.35056637756,0.236664045134,-0.0,-0.0,-0.14147618413,-2.13139201704,6.16212317903,0.125698577862,map_000000250.png
-2.46108353459,6.35061835827,0.231099448376,-0.0,-0.0,-0.237533181906,-2.13139201704,6.16212317903,0.125698577862,map_000000251.png
-2.4611054125,6.3507546646,0.215291994485,-0.0,-0.0,-0.292466491461,-2.13139201704,6.16212317903,0.125698577862,map_000000252.png
-2.46116261707,6.3509903729,0.190787467864,-0.0,-0.0,-0.438879042864,-2.13139201704,6.16212317903,0.125698577862,map_000000253.png
-2.46121640961,6.35127778884,0.160880609019,-0.0,-0.0,-0.438879042864,-2.13139201704,6.16212317903,0.125698577862,map_000000254.png
-2.46126881566,6.35165936768,0.120024487923,-0.0,-0.0,-0.631031215191,-2.13139201704,6.16212317903,0.125698577862,map_000000255.png
-2.46131918365,6.35220016552,0.0630474624835,-0.0,-0.0,-0.544091641903,-2.13139201704,6.16212317903,0.125698577862,map_000000256.png
-2.46131918365,6.35220016552,0.0630474624835,-0.0,-0.0,-0.0,-2.13139201704,6.16212317903,0.125698577862,map_000000257.png
-2.46133436978,6.35279977777,0.00228396637519,-0.0,-0.0,-0.0,-2.13139201704,6.16212317903,0.125698577862,map_000000258.png
-2.46134212009,6.35317522259,-0.0383847629294,-0.0,-0.0,-0.0,-2.13139201704,6.16212317903,0.125698577862,map_000000259.png
-2.46133223556,6.35318507958,-0.0383799619422,-0.0,-0.0,-0.0,-2.13139201704,6.16212317903,0.125698577862,map_000000260.png
-2.46133219405,6.35318504702,-0.03837993498,-0.0,-0.0,-0.0,-2.13139201704,6.16212317903,0.125698577862,map_000000261.png
-2.46133217053,6.35318506186,-0.0383800051755,-0.0,-0.0,-0.0,-2.13139201704,6.16212317903,0.125698577862,map_000000262.png
-2.46134205233,6.35317520828,-0.0383847574718,-0.0,-0.0,-0.0,-2.13139201704,6.16212317903,0.125698577862,map_000000263.png
-2.46133219084,6.35318506297,-0.0383799126426,-0.0,-0.0,-0.0,-2.13139201704,6.16212317903,0.125698577862,map_000000264.png
-2.46132288429,6.35317580581,-0.0383840973132,-0.0,-0.0,-0.0,-2.13139201704,6.16212317903,0.125698577862,map_000000265.png
-2.46133212589,6.35318504488,-0.0383799185912,-0.0,-0.0,-0.0,-2.13139201704,6.16212317903,0.125698577862,map_000000266.png
-2.46133018034,6.3531869654,-0.038378964148,-0.0,-0.0,-0.0,-2.13139201704,6.16212317903,0.125698577862,map_000000267.png
-2.46133214616,6.35318504658,-0.0383798873271,-0.0,-0.0,-0.0,-2.13139201704,6.16212317903,0.125698577862,map_000000268.png
-2.46133210472,6.35318501436,-0.0383798954564,-0.0,-0.0,-0.0,-2.13139201704,6.16212317903,0.125698577862,map_000000269.png
-2.46134197374,6.35317517893,-0.0383846939476,-0.0,-0.0,-0.0,-2.13139201704,6.16212317903,0.125698577862,map_000000270.png
-2.46133013558,6.3531869484,-0.0383788637493,0.1742721349,-0.0,-0.0,-2.13139201704,6.16212317903,0.125698577862,map_000000271.png
-2.45784150126,6.35304210259,-0.0383840282694,0.372890412807,-0.0,-0.0,-2.13139201704,6.16212317903,0.125698577862,map_000000272.png
-2.43895478849,6.35232572842,-0.038380605142,0.406002998352,-0.0,-0.0,-2.13139201704,6.16212317903,0.125698577862,map_000000273.png
-2.40171984992,6.35088562146,-0.0383872194941,0.406002998352,-0.0,-0.0,-2.13139201704,6.16212317903,0.125698577862,map_000000274.png
-2.36006521342,6.34929621154,-0.0383834999006,0.413098543882,-0.0,-0.0,-2.13139201704,6.16212317903,0.125698577862,map_000000275.png
-2.3174090482,6.34765800009,-0.0383854201219,0.420194089413,-0.0110744042322,-0.0,-2.13139201704,6.16212317903,0.125698577862,map_000000276.png
-2.27582889269,6.34552937001,-0.0383869852511,0.420194089413,-0.0725501254201,-0.0,-2.13139201704,6.16212317903,0.125698577862,map_000000277.png
-2.23228860685,6.34098514626,-0.0383876359971,0.420194089413,-0.0725501254201,-0.0,-2.13139201704,6.16212317903,0.125698577862,map_000000278.png
-2.18892269797,6.33176131465,-0.0383945549232,0.339796900749,-0.0725501254201,-0.0,-2.13139201704,6.16212317903,0.125698577862,map_000000279.png
-2.14724097293,6.32291206082,-0.0383924068899,0.339796900749,-0.0725501254201,-0.0,-2.13139201704,6.16212317903,0.125698577862,map_000000280.png
-2.11160124393,6.31398548748,-0.0383991705361,-0.0,-0.0,-0.0,-2.13139201704,6.16212317903,0.125698577862,map_000000281.png
-2.1021661579,6.31160126641,-0.0383942865696,-0.0,-0.0,-0.0,-2.13139201704,6.16212317903,0.125698577862,map_000000282.png
-2.10215685159,6.31159200873,-0.0383983939325,-0.0,-0.0,-0.0,-2.13139201704,6.16212317903,0.125698577862,map_000000283.png
-2.10216609301,6.31160124705,-0.0383941568716,-0.0,-0.0,-0.0,-2.13139201704,6.16212317903,0.125698577862,map_000000284.png
-2.10216414737,6.31160316786,-0.0383932281788,-0.0,-0.0,-0.0,-2.13139201704,6.16212317903,0.125698577862,map_000000285.png
-2.10216611324,6.3116012499,-0.0383942477681,-0.0342684723437,-0.0,-0.0,-2.13139201704,6.16212317903,0.125698577862,map_000000286.png
-2.10216607178,6.31160121777,-0.0383942653147,-0.0342684723437,-0.0,-0.0,-2.13139201704,6.16212317903,0.125698577862,map_000000287.png
-2.10518797931,6.31170708756,-0.0383988572955,-0.334570616484,0.0224806964397,-0.0,-2.13139201704,6.16212317903,0.125698577862,map_000000288.png
-2.12774020799,6.31402482305,-0.0383924180367,-0.079187899828,0.0130199594423,-0.0,-2.13139201704,6.16212317903,0.125698577862,map_000000289.png
-2.15017066871,6.31675991956,-0.0383963467436,-0.0,-0.0,-0.0,-2.13139201704,6.16212317903,0.125698577862,map_000000290.png
-2.15615305119,6.3179883994,-0.0383921294804,-0.0,-0.0,-0.0,-2.13139201704,6.16212317903,0.125698577862,map_000000291.png
-2.15616293294,6.31797854482,-0.0383967693117,-0.0,-0.0,-0.0,-2.13139201704,6.16212317903,0.125698577862,map_000000292.png
-2.15615307152,6.31798839987,-0.0383919693602,-0.0,-0.0,-0.0,-2.13139201704,6.16212317903,0.125698577862,map_000000293.png
-2.15615303008,6.3179883675,-0.0383919632519,-0.0,-0.0,-0.0,-2.13139201704,6.16212317903,0.125698577862,map_000000294.png
-2.15615300664,6.31798838015,-0.0383918036004,-0.0,-0.0,-0.0,-2.13139201704,6.16212317903,0.125698577862,map_000000295.png
-2.15615106103,6.31799030189,-0.0383909777395,-0.0,-0.0,-0.0,-2.13139201704,6.16212317903,0.125698577862,map_000000296.png
-2.15615106103,6.31799030189,-0.0383909777395,-0.0,-0.0,-0.0,-2.13139201704,6.16212317903,0.125698577862,map_000000297.png
-2.15614373073,6.31797913026,-0.0383961501109,-0.0,-0.0,-0.0,-2.13139201704,6.16212317903,0.125698577862,map_000000298.png
-2.15615298541,6.31798835101,-0.0383919259595,-0.0,-0.0,-0.0,-2.13139201704,6.16212317903,0.125698577862,map_000000299.png
-2.15616285419,6.31797851567,-0.038396709,-0.0,-0.0,-0.0,-2.13139201704,6.16212317903,0.125698577862,map_000000300.png
-2.1561529927,6.31798837049,-0.0383918777976,-0.0,-0.0,-0.0,-2.13139201704,6.16212317903,0.125698577862,map_000000301.png
-2.15614368668,6.31797911188,-0.0383958637316,-0.0,-0.0,-0.0,-2.13139201704,6.16212317903,0.125698577862,map_000000302.png
-2.15615294074,6.31798833454,-0.0383918935602,-0.0,-0.0,-0.0,-2.13139201704,6.16212317903,0.125698577862,map_000000303.png
-2.15616280964,6.31797849926,-0.038396693073,-0.0,-0.0,-0.0,-2.13139201704,6.16212317903,0.125698577862,map_000000304.png
-2.15615097166,6.31799026872,-0.0383908827925,-0.0,-0.0,-0.0,-2.13139201704,6.16212317903,0.125698577862,map_000000305.png
-2.1561436418,6.31797909602,-0.0383959110123,-0.0,-0.0,-0.0,-2.13139201704,6.16212317903,0.125698577862,map_000000306.png
-2.1561528831,6.31798833586,-0.0383918404038,-0.0,-0.0,-0.0,-2.13139201704,6.16212317903,0.125698577862,map_000000307.png
-2.15616276486,6.31797848292,-0.0383966593099,-0.0,-0.0,-0.0,-2.13139201704,6.16212317903,0.125698577862,map_000000308.png
-2.15615290338,6.3179883375,-0.0383918040108,0.398907423019,-0.0,-0.0,-2.13139201704,6.16212317903,0.125698577862,map_000000309.png
-2.13543442992,6.31719246505,-0.0383925807392,0.493495732546,-0.0,-0.0,-2.13139201704,6.16212317903,0.125698577862,map_000000310.png
-2.09294623877,6.31556037556,-0.0383940841561,0.493495732546,-0.0,-0.0,-2.13139201704,6.16212317903,0.125698577862,map_000000311.png
-2.04168138625,6.31359299671,-0.0383949843648,0.356353193521,-0.0,-0.0,-2.13139201704,6.16212317903,0.125698577862,map_000000312.png
-1.99041174373,6.3116125421,-0.0384023884645,0.356353193521,-0.0,-0.0,-2.13139201704,6.16212317903,0.125698577862,map_000000313.png
-1.95428025894,6.31023326171,-0.0383995655039,-0.0,-0.0,-0.0,-2.13139201704,6.16212317903,0.125698577862,map_000000314.png
-1.94574784262,6.30989523609,-0.0384047409508,-0.0,-0.0,-0.0,-2.13139201704,6.16212317903,0.125698577862,map_000000315.png
-1.94573798078,6.30990509096,-0.0383998774526,-0.0,-0.0,-0.0,-2.13139201704,6.16212317903,0.125698577862,map_000000316.png
-1.94572867445,6.30989583294,-0.0384039536949,-0.0,-0.0,-0.0,-2.13139201704,6.16212317903,0.125698577862,map_000000317.png
-1.94573791582,6.30990507322,-0.0383999201547,-0.0,-0.0,-0.0,-2.13139201704,6.16212317903,0.125698577862,map_000000318.png
-1.9457359702,6.30990699337,-0.0383989177023,-0.0,-0.0,-0.0,-2.13139201704,6.16212317903,0.125698577862,map_000000319.png
-1.94573793613,6.30990507433,-0.0383998275624,-0.0,-0.0,-0.0,-2.13139201704,6.16212317903,0.125698577862,map_000000320.png
-1.94573789468,6.30990504218,-0.0383998440139,-0.0,-0.0,-0.0,-2.13139201704,6.16212317903,0.125698577862,map_000000321.png
-1.94574776334,6.30989520672,-0.0384045995338,-0.0,-0.0,0.176839500666,-2.13139201704,6.16212317903,0.125698577862,map_000000322.png
-1.94574071652,6.30982503213,-0.0300532325559,-0.0,-0.0,0.584032714367,-2.13139201704,6.16212317903,0.125698577862,map_000000323.png
-1.94574095103,6.30952407396,0.000841842770437,-0.0,-0.0,1.0,-2.13139201704,6.16212317903,0.125698577862,map_000000324.png
-1.94573749524,6.30890551721,0.0671211190926,-0.0,-0.0,1.0,-2.13139201704,6.16212317903,0.125698577862,map_000000325.png
-1.94562670395,6.30797887096,0.165465624745,-0.0,-0.0,1.0,-2.13139201704,6.16212317903,0.125698577862,map_000000326.png
-1.94542905354,6.3070275421,0.267742861082,-0.0,-0.0,1.0,-2.13139201704,6.16212317903,0.125698577862,map_000000327.png
-1.94511994023,6.30609736425,0.370015686309,-0.0,-0.0,-0.0,-2.13139201704,6.16212317903,0.125698577862,map_000000328.png
-1.94495981494,6.3057102107,0.409331964626,-0.0,-0.0,-0.0,-2.13139201704,6.16212317903,0.125698577862,map_000000329.png
-1.94495899952,6.30571027147,0.409331796251,-0.0,-0.0,-0.0,-2.13139201704,6.16212317903,0.125698577862,map_000000330.png
-1.9449494848,6.30570079304,0.409325999548,-0.0,-0.0,-0.0,-2.13139201704,6.16212317903,0.125698577862,map_000000331.png
-1.94494947732,6.30570078682,0.409326130903,-0.0,-0.0,-0.0,-2.13139201704,6.16212317903,0.125698577862,map_000000332.png
-1.94495892525,6.30571020792,0.409331837627,-0.0,-0.0,-0.0,-2.13139201704,6.16212317903,0.125698577862,map_000000333.png
-1.94495974691,6.30571017903,0.409332196195,-0.0,-0.0,-0.0,-2.13139201704,6.16212317903,0.125698577862,map_000000334.png
-1.94495973963,6.30571017501,0.40933203275,-0.0,-0.0,-0.0,-2.13139201704,6.16212317903,0.125698577862,map_000000335.png
-1.94495970613,6.30571016957,0.409332019562,-0.0,-0.0,-0.0,-2.13139201704,6.16212317903,0.125698577862,map_000000336.png
-1.94495970613,6.30571016957,0.409332019562,-0.0,-0.0,-0.0,-2.13139201704,6.16212317903,0.125698577862,map_000000337.png
-1.94495894558,6.30571023073,0.409331932588,-0.0981093794107,0.214003413916,-0.0,-2.13139201704,6.16212317903,0.125698577862,map_000000338.png
-1.94495893849,6.30571022607,0.40933184074,-0.0981093794107,0.214003413916,-0.0,-2.13139201704,6.16212317903,0.125698577862,map_000000339.png
-1.9449494237,6.30570074789,0.40932595033,-0.0981093794107,0.214003413916,-0.0,-2.13139201704,6.16212317903,0.125698577862,map_000000340.png
-1.961769876,6.32080338404,0.409333168131,-0.242347478867,0.355876326561,-0.0,-2.13139201704,6.16212317903,0.125698577862,map_000000341.png
-1.99362410972,6.34205218854,0.40933540306,-0.261268973351,0.393719285727,-0.0,-2.13139201704,6.16212317903,0.125698577862,map_000000342.png
-2.03182257812,6.36656806171,0.409337995372,-0.261268973351,0.393719285727,-0.0,-2.13139201704,6.16212317903,0.125698577862,map_000000343.png
-2.0730329165,6.39330805493,0.409340972872,-0.251808226109,0.308591723442,-0.0,-2.13139201704,6.16212317903,0.125698577862,map_000000344.png
-2.11197683375,6.41783072674,0.409343709676,-0.0,-0.0,-0.0,-2.13139201704,6.16212317903,0.125698577862,map_000000345.png
-2.14876221315,6.43684325869,0.409345874222,-0.0,-0.0,-0.0,-2.13139201704,6.16212317903,0.125698577862,map_000000346.png
-2.18554603112,6.45585529826,0.409348103464,-0.0,-0.0,-0.0,-2.13139201704,6.16212317903,0.125698577862,map_000000347.png
-2.18696087673,6.45658655068,0.409348230598,-0.0,-0.0,-0.0,-2.13139201704,6.16212317903,0.125698577862,map_000000348.png
-2.18695136187,6.45657707249,0.409342347171,-0.0,-0.0,-0.0,-2.13139201704,6.16212317903,0.125698577862,map_000000349.png
-2.18696080988,6.45658649247,0.409348285223,-0.0,-0.0,-0.0,-2.13139201704,6.16212317903,0.125698577862,map_000000350.png
-2.18696080236,6.45658648684,0.409348307435,-0.0,-0.0,-0.0,-2.13139201704,6.16212317903,0.125698577862,map_000000351.png
-2.1869616241,6.45658645868,0.409348579567,-0.0,-0.0,-0.0,-2.13139201704,6.16212317903,0.125698577862,map_000000352.png
-2.18696159064,6.45658645464,0.409348468336,-0.0,-0.0,-0.0,-2.13139201704,6.16212317903,0.125698577862,map_000000353.png
-2.18696158312,6.45658644754,0.409348544979,-0.0,-0.0,-0.0,-2.13139201704,6.16212317903,0.125698577862,map_000000354.png
-2.1869608227,6.45658650963,0.409348401522,-0.0,-0.0,-0.0,-2.13139201704,6.16212317903,0.125698577862,map_000000355.png
-2.18695130821,6.45657703136,0.409342596197,-0.5,-0.110393077135,-0.0,-2.13139201704,6.16212317903,0.125698577862,map_000000356.png
-2.20021885182,6.44697139401,0.409343362073,-0.5,-0.110393077135,-0.0,-2.13139201704,6.16212317903,0.125698577862,map_000000357.png
-2.24334710484,6.41576303747,0.409350731526,-0.5,-0.0867412313819,-0.0,-2.13139201704,6.16212317903,0.125698577862,map_000000358.png
-2.28646689903,6.38454495201,0.40935256762,-0.5,-0.0512825399637,-0.0,-2.13139201704,6.16212317903,0.125698577862,map_000000359.png
-2.328830762,6.35660975797,0.409354548235,-0.5,-0.0512825399637,-0.0,-2.13139201704,6.16212317903,0.125698577862,map_000000360.png
-2.37400109648,6.33011831524,0.409356257166,-0.0,-0.0,-0.0,-2.13139201704,6.16212317903,0.125698577862,map_000000361.png
-2.39327725834,6.31929607421,0.409356883091,-0.0,-0.0,-0.0,-2.13139201704,6.16212317903,0.125698577862,map_000000362.png
-2.39327725074,6.31929606831,0.409356930012,-0.0,-0.0,-0.0,-2.13139201704,6.16212317903,0.125698577862,map_000000363.png
-2.39326773618,6.31928659074,0.409350975262,-0.0,-0.0,-0.0,-2.13139201704,6.16212317903,0.125698577862,map_000000364.png
-2.39327718398,6.3192960103,0.409356961421,-0.0,-0.0,-0.0,-2.13139201704,6.16212317903,0.125698577862,map_000000365.png
-2.39327717679,6.31929600533,0.409356903261,-0.0,-0.0,-0.0,-2.13139201704,6.16212317903,0.125698577862,map_000000366.png
-2.39327799851,6.31929597795,0.409357091786,-0.0,-0.0,-0.0,-2.13139201704,6.16212317903,0.125698577862,map_000000367.png
-2.39327796485,6.31929597197,0.409357143271,-0.107570119202,-0.0,-0.0,-2.13139201704,6.16212317903,0.125698577862,map_000000368.png
-2.3976185797,6.3174127133,0.409357335537,-0.5,-0.0,-0.0,-2.13139201704,6.16212317903,0.125698577862,map_000000369.png
-2.41795375828,6.30858968369,0.40935796779,-0.5,-0.0,-0.0,-2.13139201704,6.16212317903,0.125698577862,map_000000370.png
-2.46563101742,6.28789038421,0.409354594944,-0.5,-0.0,-0.0,-2.13139201704,6.16212317903,0.125698577862,map_000000371.png
-2.51148358826,6.26799625656,0.409356980224,-0.5,-0.0,-0.0,-2.13139201704,6.16212317903,0.125698577862,map_000000372.png
-2.55917944803,6.24731580514,0.409364844291,-0.5,-0.0,-0.0,-2.13139201704,6.16212317903,0.125698577862,map_000000373.png
-2.60686687935,6.2266256532,0.409367337669,-0.32274466753,-0.0,-0.0,-2.13139201704,6.16212317903,0.125698577862,map_000000374.png
-2.64361666355,6.21068069273,0.40936876561,-0.0,-0.0,-0.0,-2.13139201704,6.16212317903,0.125698577862,map_000000375.png
-2.66255931273,6.20246183575,0.409369657152,-0.0,-0.0,-0.0,-2.13139201704,6.16212317903,0.125698577862,map_000000376.png
-2.66255931273,6.20246183575,0.409369657152,-0.0,-0.0,-0.0,-2.13139201704,6.16212317903,0.125698577862,map_000000377.png
-2.66255854493,6.20246189146,0.409369538242,-0.0,-0.0,-0.0,-2.13139201704,6.16212317903,0.125698577862,map_000000378.png
-2.66255854493,6.20246189146,0.409369538242,-0.0,-0.0,-0.0,-2.13139201704,6.16212317903,0.125698577862,map_000000379.png
-2.6625490305,6.20245241372,0.409363630537,-0.0,-0.0,-0.0,-2.13139201704,6.16212317903,0.125698577862,map_000000380.png
-2.66255847831,6.20246183377,0.4093695324,-0.0,-0.0,-0.0,-2.13139201704,6.16212317903,0.125698577862,map_000000381.png
-2.66255847099,6.20246182843,0.409369512064,-0.0,-0.0,-0.0,-2.13139201704,6.16212317903,0.125698577862,map_000000382.png
-2.6625584634,6.20246182263,0.409369552103,-0.0,-0.0,-0.0,-2.13139201704,6.16212317903,0.125698577862,map_000000383.png
-2.66255928518,6.20246179455,0.409369814034,-0.0,-0.0,-0.0,-2.13139201704,6.16212317903,0.125698577862,map_000000384.png
-2.66255927765,6.20246178901,0.409369824064,-0.0,-0.0,-0.0,-2.13139201704,6.16212317903,0.125698577862,map_000000385.png
-2.66255924437,6.20246178506,0.409369691876,-0.0,-0.0,-0.0,-2.13139201704,6.16212317903,0.125698577862,map_000000386.png
-2.6625584836,6.2024618451,0.409369682921,-0.0,-0.0,-0.0,-2.13139201704,6.16212317903,0.125698577862,map_000000387.png
-2.66255847669,6.2024618408,0.409369548766,-0.14066362381,0.119434185326,-0.0,-2.13139201704,6.16212317903,0.125698577862,map_000000388.png
-2.67172790318,6.20523740033,0.409364228977,-0.384220391512,0.336973935366,-0.0,-2.13139201704,6.16212317903,0.125698577862,map_000000389.png
-2.70125176288,6.21450989098,0.409372060842,-0.0,-0.0,-0.0,-2.13139201704,6.16212317903,0.125698577862,map_000000390.png
-2.74405813172,6.22825063141,0.409374528946,-0.0,-0.0,-0.0,-2.13139201704,6.16212317903,0.125698577862,map_000000391.png
-2.74405895341,6.22825060315,0.409374801501,-0.0,-0.0,-0.0,-2.13139201704,6.16212317903,0.125698577862,map_000000392.png
-2.74405892004,6.22825060022,0.409374639139,-0.0,-0.0,-0.0,-2.13139201704,6.16212317903,0.125698577862,map_000000393.png
-2.74405891251,6.22825059284,0.409374724025,-0.0,-0.0,-0.0,-2.13139201704,6.16212317903,0.125698577862,map_000000394.png
-2.74405815204,6.22825065414,0.409374619042,-0.0,-0.0,-0.0,-2.13139201704,6.16212317903,0.125698577862,map_000000395.png
-2.74404863753,6.22824117547,0.409368892241,-0.0,-0.0,-0.0,-2.13139201704,6.16212317903,0.125698577862,map_000000396.png
-2.74404863006,6.22824117042,0.409368792927,-0.0,-0.0,-0.0,-2.13139201704,6.16212317903,0.125698577862,map_000000397.png
-2.74405807814,6.2282505913,0.409374577172,-0.0,-0.0,-0.0,-2.13139201704,6.16212317903,0.125698577862,map_000000398.png
-2.74405890005,6.22825056428,0.409374720132,-0.0,-0.0,-0.0,-2.13139201704,6.16212317903,0.125698577862,map_000000399.png
-2.74405889243,6.22825055767,0.409374849795,-0.0,-0.408330023289,-0.0,-2.13139201704,6.16212317903,0.125698577862,map_000000400.png
-2.73301053008,6.20278686479,0.409373701144,-0.0,-0.498187959194,-0.0,-2.13139201704,6.16212317903,0.125698577862,map_000000401.png
-2.71425371374,6.15955871307,0.40937171365,-0.0,-0.486362040043,-0.0,-2.13139201704,6.16212317903,0.125698577862,map_000000402.png
-2.69458185959,6.11421953832,0.409369775803,-0.0,-0.0,-0.0,-2.13139201704,6.16212317903,0.125698577862,map_000000403.png
-2.67676874721,6.07317655872,0.409362116096,-0.0,-0.0,-0.0,-2.13139201704,6.16212317903,0.125698577862,map_000000404.png
-2.67677819528,6.07318597963,0.409367922854,-0.0,-0.0,-0.0,-2.13139201704,6.16212317903,0.125698577862,map_000000405.png
-2.67677818804,6.0731859746,0.409367874498,-0.0,-0.0,-0.0,-2.13139201704,6.16212317903,0.125698577862,map_000000406.png
-2.67677901016,6.07318594873,0.409367889038,-0.0,-0.0,-0.0,-2.13139201704,6.16212317903,0.125698577862,map_000000407.png
-2.67677897611,6.07318594131,0.409368107757,-0.0,-0.0,-0.0,-2.13139201704,6.16212317903,0.125698577862,map_000000408.png
-2.67677896879,6.0731859357,0.409368098415,-0.0,-0.0,-0.0,-2.13139201704,6.16212317903,0.125698577862,map_000000409.png
-2.67677820846,6.07318599774,0.409367936737,-0.0,-0.0,-0.0,-2.13139201704,6.16212317903,0.125698577862,map_000000410.png
-2.67676869384,6.07317651869,0.409362247867,-0.0,-0.0,-0.0,-2.13139201704,6.16212317903,0.125698577862,map_000000411.png
-2.67676868635,6.07317651326,0.409362228388,-0.0,-0.0,-0.0,-2.13139201704,6.16212317903,0.125698577862,map_000000412.png
-2.67677813439,6.07318593436,0.409367948757,-0.0,-0.0,-0.0,-2.13139201704,6.16212317903,0.125698577862,map_000000413.png
-2.67677895616,6.07318590711,0.409368128284,-0.0,-0.0,-0.0,-2.13139201704,6.16212317903,0.125698577862,map_000000414.png
-2.67677894854,6.07318590021,0.409368284656,-0.0,-0.0,-0.0,-2.13139201704,6.16212317903,0.125698577862,map_000000415.png
-2.6767789151,6.0731858965,0.40936813857,-0.0,-0.0,-0.0,-2.13139201704,6.16212317903,0.125698577862,map_000000416.png
-2.6767789151,6.0731858965,0.40936813857,-0.0,-0.0,-0.0,-2.13139201704,6.16212317903,0.125698577862,map_000000417.png
-2.67677815486,6.07318595756,0.409368002787,-0.0,-0.0,-0.0,-2.13139201704,6.16212317903,0.125698577862,map_000000418.png
-2.67677814749,6.07318595221,0.409367987553,-0.0,-0.0,-0.0,-2.13139201704,6.16212317903,0.125698577862,map_000000419.png
-2.6767686327,6.07317647328,0.409362257105,-0.0,-0.0,-0.0,-2.13139201704,6.16212317903,0.125698577862,map_000000420.png
-2.67677808061,6.07318589396,0.40936804881,-0.0,-0.0,-0.0,-2.13139201704,6.16212317903,0.125698577862,map_000000421.png
-2.67677807351,6.07318588908,0.409367973505,-0.0,-0.0,-0.0,-2.13139201704,6.16212317903,0.125698577862,map_000000422.png
-2.67677806579,6.07318588299,0.409368046578,-0.0,-0.0,-0.0,-2.13139201704,6.16212317903,0.125698577862,map_000000423.png
-2.67677888758,6.0731858554,0.409368258959,-0.0,-0.0,-0.0,-2.13139201704,6.16212317903,0.125698577862,map_000000424.png
-2.67677888005,6.07318584934,0.409368321098,-0.0,-0.0,-0.0,-2.13139201704,6.16212317903,0.125698577862,map_000000425.png
-2.67677884656,6.07318584478,0.409368243014,-0.0,-0.0,-0.0,-2.13139201704,6.16212317903,0.125698577862,map_000000426.png
-2.67677808615,6.07318590588,0.409368133412,-0.0,-0.0,-0.0,-2.13139201704,6.16212317903,0.125698577862,map_000000427.png
-2.67677807878,6.07318590047,0.409368123045,-0.0,-0.0,-0.0,-2.13139201704,6.16212317903,0.125698577862,map_000000428.png
-2.67676856414,6.07317642236,0.409362259459,-0.0,-0.0,-0.0,-2.13139201704,6.16212317903,0.125698577862,map_000000429.png
-2.67677801213,6.07318584278,0.409368121411,0.0158429220319,-0.0,-0.0,-2.13139201704,6.16212317903,0.125698577862,map_000000430.png
-2.67666178022,6.07323626402,0.409368153803,0.0607814267278,-0.046552170068,-0.0,-2.13139201704,6.16212317903,0.125698577862,map_000000431.png
-2.67515161279,6.07389182255,0.409368451974,0.0607814267278,-0.046552170068,-0.0,-2.13139201704,6.16212317903,0.125698577862,map_000000432.png
-2.667906105,6.0721656155,0.409367789255,0.0678579062223,-0.0654736459255,-0.0,-2.13139201704,6.16212317903,0.125698577862,map_000000433.png
-2.65947057412,6.06926833985,0.409367300626,0.103335671127,-0.134044930339,-0.0,-2.13139201704,6.16212317903,0.125698577862,map_000000434.png
-2.64693894702,6.06310104161,0.40936633134,0.134083077312,-0.209711745381,-0.0,-2.13139201704,6.16212317903,0.125698577862,map_000000435.png
-2.62919503242,6.05229707434,0.409359369341,0.119891963899,-0.209711745381,-0.0,-2.13139201704,6.16212317903,0.125698577862,map_000000436.png
-2.60876305454,6.03831007171,0.409357616511,-0.0,-0.0,-0.0,-2.13139201704,6.16212317903,0.125698577862,map_000000437.png
-2.58866025828,6.02327977399,0.409362176226,-0.0,-0.0,-0.0,-2.13139201704,6.16212317903,0.125698577862,map_000000438.png
-2.58866108005,6.02327974636,0.409362402124,-0.0,-0.0,-0.0,-2.13139201704,6.16212317903,0.125698577862,map_000000439.png
-2.58866107245,6.02327974053,0.40936244505,-0.0,-0.0,-0.0,-2.13139201704,6.16212317903,0.125698577862,map_000000440.png
-2.58866103902,6.0232797347,0.409362426713,-0.0,-0.0,-0.0,-2.13139201704,6.16212317903,0.125698577862,map_000000441.png
-2.58866027875,6.02327979725,0.409362235741,0.0276688430458,-0.0,-0.0,-2.13139201704,6.16212317903,0.125698577862,map_000000442.png
-2.58794979993,6.02358804561,0.409362238919,0.40363779664,-0.0,-0.0,-2.13139201704,6.16212317903,0.125698577862,map_000000443.png
-2.58254351314,6.02592009468,0.40935563868,0.5,-0.0,-0.0,-2.13139201704,6.16212317903,0.125698577862,map_000000444.png
-2.54405684152,6.04263184323,0.409360054256,0.5,-0.0,-0.0,-2.13139201704,6.16212317903,0.125698577862,map_000000445.png
-2.49891129963,6.06221906774,0.409357964937,0.5,-0.0,-0.0,-2.13139201704,6.16212317903,0.125698577862,map_000000446.png
-2.45122532795,6.08290873929,0.409356199417,-0.0,-0.0,-0.0,-2.13139201704,6.16212317903,0.125698577862,map_000000447.png
-2.42921584481,6.0924578359,0.409355134168,-0.0,-0.0,-0.0,-2.13139201704,6.16212317903,0.125698577862,map_000000448.png
-2.42921583735,6.09245782988,0.409355164873,-0.0,-0.0,-0.0,-2.13139201704,6.16212317903,0.125698577862,map_000000449.png
-2.42921507686,6.09245789078,0.409355077543,-0.0,-0.0,-0.0,-2.13139201704,6.16212317903,0.125698577862,map_000000450.png
-2.42920556256,6.09244841348,0.409349129348,-0.0,-0.0,-0.0,-2.13139201704,6.16212317903,0.125698577862,map_000000451.png
-2.42920555504,6.09244840858,0.409348987064,-0.0,-0.0,-0.0,-2.13139201704,6.16212317903,0.125698577862,map_000000452.png
-2.42921500292,6.09245782786,0.409355044384,-0.0,-0.0,-0.0,-2.13139201704,6.16212317903,0.125698577862,map_000000453.png
-2.42921582456,6.09245779973,0.409355320739,-0.0,-0.0,-0.0,-2.13139201704,6.16212317903,0.125698577862,map_000000454.png
-2.42921581729,6.0924577948,0.409355256126,0.1742721349,-0.226248964667,-0.0,-2.13139201704,6.16212317903,0.125698577862,map_000000455.png
-2.42321938664,6.08914214519,0.409354916319,0.443826854229,-0.280648201704,-0.0,-2.13139201704,6.16212317903,0.125698577862,map_000000456.png
-2.42321938664,6.08914214519,0.409354916319,0.484035015106,-0.299550622702,-0.0,-2.13139201704,6.16212317903,0.125698577862,map_000000457.png
-2.39508517316,6.07523430567,0.409353017008,0.484035015106,-0.299550622702,-0.0,-2.13139201704,6.16212317903,0.125698577862,map_000000458.png
-2.34321755247,6.06715599016,0.40935013492,0.415463715792,-0.299550622702,-0.0,-2.13139201704,6.16212317903,0.125698577862,map_000000459.png
-2.28535908907,6.05862726592,0.409340507199,0.415463715792,-0.299550622702,-0.0,-2.13139201704,6.16212317903,0.125698577862,map_000000460.png
-2.23133712417,6.04813156633,0.409343219342,0.365813940763,-0.299550622702,-0.0,-2.13139201704,6.16212317903,0.125698577862,map_000000461.png
-2.18368617407,6.03616365634,0.409340362609,0.268860429525,-0.254631191492,-0.0,-2.13139201704,6.16212317903,0.125698577862,map_000000462.png
-2.14121076263,6.02332075822,0.40933785688,-0.0,-0.0,-0.0,-2.13139201704,6.16212317903,0.125698577862,map_000000463.png
-2.10920750808,6.01167867691,0.409336374517,-0.0,-0.0,-0.0,-2.13139201704,6.16212317903,0.125698577862,map_000000464.png
-2.10920750121,6.01167867326,0.409336174907,-0.0,-0.0,-0.0,-2.13139201704,6.16212317903,0.125698577862,map_000000465.png
-2.10920746745,6.01167866783,0.409336216935,-0.0,-0.0,-0.0,-2.13139201704,6.16212317903,0.125698577862,map_000000466.png
-2.1092067072,6.01167872904,0.409336072711,-0.0,-0.0,-0.447996467352,-2.13139201704,6.16212317903,0.125698577862,map_000000467.png
-2.10929512987,6.01188910165,0.384662432374,-0.0,-0.0,-0.855227828026,-2.13139201704,6.16212317903,0.125698577862,map_000000468.png
-2.10949890974,6.01243819568,0.32282579781,-0.0,-0.0,-0.978751480579,-2.13139201704,6.16212317903,0.125698577862,map_000000469.png
-2.10973645693,6.01326482281,0.232934035136,-0.0,-0.0,-0.0,-2.13139201704,6.16212317903,0.125698577862,map_000000470.png
-2.10990916352,6.01417059818,0.136686223618,-0.0,-0.0,-0.0,-2.13139201704,6.16212317903,0.125698577862,map_000000471.png
-2.10990213709,6.01417975639,0.136690012343,-0.0,-0.0,-0.0,-2.13139201704,6.16212317903,0.125698577862,map_000000472.png
-2.10991145265,6.01418906945,0.136695013097,-0.0,-0.0,-0.0,-2.13139201704,6.16212317903,0.125698577862,map_000000473.png
-2.10992136259,6.01417918781,0.136690985216,-0.0,-0.0,-0.0,-2.13139201704,6.16212317903,0.125698577862,map_000000474.png
-2.10991147144,6.01418907201,0.136694989974,-0.0,-0.0,-0.0,-2.13139201704,6.16212317903,0.125698577862,map_000000475.png
-2.10991143151,6.01418904119,0.136694981422,-0.0,-0.0,-0.0,-2.13139201704,6.16212317903,0.125698577862,map_000000476.png
-2.10991140898,6.01418905412,0.136695060851,-0.0,-0.0,-0.0,-2.13139201704,6.16212317903,0.125698577862,map_000000477.png
-2.10990957514,6.01419086473,0.136695773445,-0.0,-0.0,-0.0,-2.13139201704,6.16212317903,0.125698577862,map_000000478.png
-2.10990205925,6.01417972863,0.136690236856,0.264130055904,-0.0,-0.0,-2.13139201704,6.16212317903,0.125698577862,map_000000479.png
-2.09003382379,6.01692321159,0.136694298238,0.5,-0.0,-0.0,-2.13139201704,6.16212317903,0.125698577862,map_000000480.png
-2.04976337311,6.02245391478,0.136688513475,0.358718365431,-0.0,-0.0,-2.13139201704,6.16212317903,0.125698577862,map_000000481.png
-2.0038579762,6.0287766778,0.13669122969,-0.0,-0.0,-0.0,-2.13139201704,6.16212317903,0.125698577862,map_000000482.png
-1.97401100084,6.03287142509,0.136685127527,-0.0,-0.0,-0.0,-2.13139201704,6.16212317903,0.125698577862,map_000000483.png
-1.97402031739,6.0328807399,0.136689879078,-0.0,-0.0,-0.0,-2.13139201704,6.16212317903,0.125698577862,map_000000484.png
-1.97401848327,6.03288254882,0.136690772368,-0.0,-0.0,-0.0,-2.13139201704,6.16212317903,0.125698577862,map_000000485.png
-1.97402033606,6.03288074167,0.13668994118,-0.0,-0.0,-0.0,-2.13139201704,6.16212317903,0.125698577862,map_000000486.png
-1.97402029612,6.03288071075,0.136689944747,-0.0,-0.0,-0.0,-2.13139201704,6.16212317903,0.125698577862,map_000000487.png
-1.97403019408,6.03287084602,0.136685926794,-0.0,-0.0,-0.0,-2.13139201704,6.16212317903,0.125698577862,map_000000488.png
-1.97401843973,6.03288253416,0.136690749394,-0.0,0.0532090216875,-0.0,-2.13139201704,6.16212317903,0.125698577862,map_000000489.png
-1.97406889771,6.03329289631,0.136684963373,0.264130055904,0.5,-0.0,-2.13139201704,6.16212317903,0.125698577862,map_000000490.png
-1.97483191303,6.03878179565,0.136690085486,0.264130055904,0.5,-0.0,-2.13139201704,6.16212317903,0.125698577862,map_000000491.png
-1.95710285924,6.08805308172,0.136687110319,0.193193614483,0.5,-0.0,-2.13139201704,6.16212317903,0.125698577862,map_000000492.png
-1.942312988,6.14256155205,0.136691752696,-0.0,0.45756021142,-0.0,-2.13139201704,6.16212317903,0.125698577862,map_000000493.png
-1.93988923154,6.19296290491,0.136693072348,-0.0,-0.0,-0.0,-2.13139201704,6.16212317903,0.125698577862,map_000000494.png
-1.94387778958,6.22196022265,0.136694004664,-0.0,-0.0,-0.0,-2.13139201704,6.16212317903,0.125698577862,map_000000495.png
-1.9438759556,6.2219620322,0.13669482682,-0.0,-0.0,-0.0,-2.13139201704,6.16212317903,0.125698577862,map_000000496.png
-1.9438759556,6.2219620322,0.13669482682,-0.0,-0.0,-0.0,-2.13139201704,6.16212317903,0.125698577862,map_000000497.png
-1.94386843946,6.22195089789,0.136689040545,-0.0,-0.0,-0.0,-2.13139201704,6.16212317903,0.125698577862,map_000000498.png
-1.94387776835,6.22196019371,0.136694045718,-0.0,-0.0,-0.0,-2.13139201704,6.16212317903,0.125698577862,map_000000499.png
-1.9438876658,6.22195032843,0.136690125609,-0.0,-0.0,-0.0,-2.13139201704,6.16212317903,0.125698577862,map_000000500.png
-1.94387777492,6.22196021291,0.136694080851,-0.0,-0.0,-0.0,-2.13139201704,6.16212317903,0.125698577862,map_000000501.png
-1.94386839607,6.221950881,0.136689316189,-0.0,-0.0,-0.0,-2.13139201704,6.16212317903,0.125698577862,map_000000502.png
-1.94387772472,6.22196017855,0.136694077031,-0.0,-0.0,-0.0,-2.13139201704,6.16212317903,0.125698577862,map_000000503.png
-1.94388762262,6.22195031343,0.136690098958,-0.0,-0.0,-0.0,-2.13139201704,6.16212317903,0.125698577862,map_000000504.png
-1.9438758682,6.22196200127,0.136694957607,-0.0,-0.0,-0.0,-2.13139201704,6.16212317903,0.125698577862,map_000000505.png
-1.94386835236,6.22195086652,0.136689254707,-0.114665672183,0.202177494764,-0.0,-2.13139201704,6.16212317903,0.125698577862,map_000000506.png
-1.95403558434,6.23525010347,0.136694966316,-0.273094892502,0.336973935366,-0.0,-2.13139201704,6.16212317903,0.125698577862,map_000000507.png
-1.97726639203,6.25951733343,0.136693137576,-0.291997283697,0.344069480896,-0.0,-2.13139201704,6.16212317903,0.125698577862,map_000000508.png
-2.01086267909,6.29052138496,0.136698782847,-0.0,-0.0,-0.0,-2.13139201704,6.16212317903,0.125698577862,map_000000509.png
-2.03908718856,6.31579948392,0.13670082036,-0.0,-0.0,-0.0,-2.13139201704,6.16212317903,0.125698577862,map_000000510.png
-2.03908716618,6.3157994979,0.136700786888,-0.0,-0.0,-0.0,-2.13139201704,6.16212317903,0.125698577862,map_000000511.png
-2.03908533207,6.31580130682,0.136701679275,-0.0,-0.0,-0.0,-2.13139201704,6.16212317903,0.125698577862,map_000000512.png
-2.03907781626,6.31579017169,0.13669602711,-0.0,-0.0,-0.0,-2.13139201704,6.16212317903,0.125698577862,map_000000513.png
-2.03908714491,6.31579946876,0.136700851615,-0.0177121795714,-0.0,-0.0,-2.13139201704,6.16212317903,0.125698577862,map_000000514.png
-2.03986874702,6.31568345014,0.136696917734,-0.5,-0.0,-0.0,-2.13139201704,6.16212317903,0.125698577862,map_000000515.png
-2.05505454479,6.3136030381,0.136701449909,-0.5,-0.0,-0.0,-2.13139201704,6.16212317903,0.125698577862,map_000000516.png
-2.10455643662,6.30678293502,0.136698912472,-0.410237431526,-0.0,-0.0,-2.13139201704,6.16212317903,0.125698577862,map_000000517.png
-2.15605679096,6.29970908139,0.136705635967,-0.410237431526,-0.0,-0.0,-2.13139201704,6.16212317903,0.125698577862,map_000000518.png
-2.19936943615,6.29375243169,0.136707891248,-0.0,-0.0,-0.0,-2.13139201704,6.16212317903,0.125698577862,map_000000519.png
-2.21074531892,6.29218593393,0.136707486135,-0.0,-0.0,-0.0,-2.13139201704,6.16212317903,0.125698577862,map_000000520.png
-2.21074527899,6.29218590309,0.13670748056,-0.0,-0.0,-0.0,-2.13139201704,6.16212317903,0.125698577862,map_000000521.png
-2.21075517692,6.2921760381,0.136703488509,-0.0,-0.0,-0.0,-2.13139201704,6.16212317903,0.125698577862,map_000000522.png
-2.21074342255,6.29218772616,0.136708319819,-0.0,-0.0,-0.0,-2.13139201704,6.16212317903,0.125698577862,map_000000523.png
-2.21073590652,6.29217659158,0.136702581267,-0.0,-0.0,-0.0,-2.13139201704,6.16212317903,0.125698577862,map_000000524.png
-2.21074522305,6.29218590415,0.136707613351,-0.0,-0.0,-0.0,-2.13139201704,6.16212317903,0.125698577862,map_000000525.png
-2.21075513293,6.29217602273,0.136703572798,-0.242347478867,-0.498187959194,-0.0,-2.13139201704,6.16212317903,0.125698577862,map_000000526.png
-2.22107218543,6.26060607266,0.136707045972,-0.0,-0.0,-0.0,-2.13139201704,6.16212317903,0.125698577862,map_000000527.png
