
5.52390557718,1.61916737397,-2.92350727909,-0.0,-0.0,-0.0,-6.30740104459,6.93100350819,-0.863684542742,map_000000070.png
5.52389573514,1.61917717238,-2.9235126656,0.110431224108,-0.0,-0.0,-6.30740104459,6.93100350819,-0.863684542742,map_000000071.png
5.51785845296,1.61784182095,-2.92351386737,0.5,-0.0,-0.0,-6.30740104459,6.93100350819,-0.863684542742,map_000000072.png
5.49145508968,1.61197615869,-2.92350669486,0.5,-0.100932337344,-0.0,-6.30740104459,6.93100350819,-0.863684542742,map_000000073.png
5.44221155688,1.60314481774,-2.92351388446,0.5,-0.100932337344,-0.0,-6.30740104459,6.93100350819,-0.863684542742,map_000000074.png
5.38920694798,1.6021311755,-2.92350711828,0.5,-0.0725501254201,-0.0,-6.30740104459,6.93100350819,-0.863684542742,map_000000075.png
5.33618056942,1.6011392094,-2.92351330956,0.5,-0.0725501254201,-0.0,-6.30740104459,6.93100350819,-0.863684542742,map_000000076.png
5.28572815433,1.59783952487,-2.92350757119,0.5,-0.0725501254201,-0.0,-6.30740104459,6.93100350819,-0.863684542742,map_000000077.png
5.23334012974,1.59396699213,-2.92351372874,0.5,-0.0725501254201,-0.0,-6.30740104459,6.93100350819,-0.863684542742,map_000000078.png
5.18095923906,1.59008666482,-2.92351506981,0.5,-0.0725501254201,-0.0,-6.30740104459,6.93100350819,-0.863684542742,map_000000079.png
5.13059789802,1.58635163219,-2.92351408676,0.5,-0.0725501254201,-0.0,-6.30740104459,6.93100350819,-0.863684542742,map_000000080.png
5.07821700672,1.58247132543,-2.92351547204,0.5,-0.0725501254201,-0.0,-6.30740104459,6.93100350819,-0.863684542742,map_000000081.png
5.02585074546,1.57857717166,-2.92350856574,0.5,-0.0725501254201,-0.0,-6.30740104459,6.93100350819,-0.863684542742,map_000000082.png
4.97547477196,1.57485602811,-2.92351585109,0.5,-0.0725501254201,-0.0,-6.30740104459,6.93100350819,-0.863684542742,map_000000083.png
4.92310850894,1.57096189668,-2.92350899397,0.5,-0.0725501254201,-0.0,-6.30740104459,6.93100350819,-0.863684542742,map_000000084.png
4.87072047913,1.56708943681,-2.92351507676,0.5,-0.0725501254201,-0.0,-6.30740104459,6.93100350819,-0.863684542742,map_000000085.png
4.82036626957,1.56334666048,-2.92350934433,0.5,-0.0725501254201,-0.0,-6.30740104459,6.93100350819,-0.863684542742,map_000000086.png
4.7679782383,1.55947421945,-2.9235155173,0.5,-0.0725501254201,-0.0,-6.30740104459,6.93100350819,-0.863684542742,map_000000087.png
4.71559734067,1.55559398535,-2.92351684231,0.5,-0.0725501254201,-0.0,-6.30740104459,6.93100350819,-0.863684542742,map_000000088.png
4.66323107362,1.55169990419,-2.92350998786,0.5,-0.0725501254201,-0.0,-6.30740104459,6.93100350819,-0.863684542742,map_000000089.png
4.61285509623,1.5479788308,-2.92351725886,0.5,-0.0725501254201,-0.0,-6.30740104459,6.93100350819,-0.863684542742,map_000000090.png
4.56048882781,1.54408476996,-2.92351033893,0.5,-0.0725501254201,-0.0,-6.30740104459,6.93100350819,-0.863684542742,map_000000091.png
4.50810079296,1.54021238168,-2.92351651293,0.5,-0.0725501254201,-0.0,-6.30740104459,6.93100350819,-0.863684542742,map_000000092.png
4.45774657886,1.53646967484,-2.9235107686,0.5,-0.0725501254201,-0.0,-6.30740104459,6.93100350819,-0.863684542742,map_000000093.png
4.4053585419,1.53259730836,-2.92351684882,0.5,-0.0725501254201,-0.0,-6.30740104459,6.93100350819,-0.863684542742,map_000000094.png
4.3529776404,1.52871714626,-2.92351825184,0.5,-0.0725501254201,-0.0,-6.30740104459,6.93100350819,-0.863684542742,map_000000095.png
4.30261628796,1.52498227475,-2.92351729194,0.5,-0.0725501254201,-0.0,-6.30740104459,6.93100350819,-0.863684542742,map_000000096.png
4.25023538415,1.52110213443,-2.92351861792,0.5,-0.0654736459255,-0.0,-6.30740104459,6.93100350819,-0.863684542742,map_000000097.png
4.19795480901,1.51682141858,-2.92351174597,0.5,-0.0654736459255,-0.0,-6.30740104459,6.93100350819,-0.863684542742,map_000000098.png
4.14773186135,1.51240983743,-2.92351904459,0.5,-0.0654736459255,-0.0,-6.30740104459,6.93100350819,-0.863684542742,map_000000099.png
4.09552474191,1.50779765673,-2.92351201257,0.5,-0.0654736459255,-0.0,-6.30740104459,6.93100350819,-0.863684542742,map_000000100.png
4.04329585674,1.50320714673,-2.92351821612,0.5,-0.0654736459255,-0.0,-6.30740104459,6.93100350819,-0.863684542742,map_000000101.png
3.99309467133,1.49877393237,-2.92351240066,0.5,-0.0654736459255,-0.0,-6.30740104459,6.93100350819,-0.863684542742,map_000000102.png
3.94086578382,1.49418343983,-2.9235185167,0.5,-0.0654736459255,-0.0,-6.30740104459,6.93100350819,-0.863684542742,map_000000103.png
3.94086578382,1.49418343983,-2.9235185167,0.5,-0.0654736459255,-0.0,-6.30740104459,6.93100350819,-0.863684542742,map_000000104.png
3.88864403132,1.48958514442,-2.92351990002,0.5,-0.0654736459255,-0.0,-6.30740104459,6.93100350819,-0.863684542742,map_000000105.png
3.83843570658,1.48515976886,-2.92351891515,0.5,-0.0654736459255,-0.0,-6.30740104459,6.93100350819,-0.863684542742,map_000000106.png
3.78621395286,1.48056149219,-2.92352028028,0.5,-0.0654736459255,-0.0,-6.30740104459,6.93100350819,-0.863684542742,map_000000107.png
3.73400682692,1.47594937501,-2.9235132997,0.5,-0.0654736459255,-0.0,-6.30740104459,6.93100350819,-0.863684542742,map_000000108.png
3.68177793343,1.4713589308,-2.92351942885,0.5,-0.0654736459255,-0.0,-6.30740104459,6.93100350819,-0.863684542742,map_000000109.png
3.63157674274,1.46692577937,-2.92351362118,0.5,-0.0654736459255,-0.0,-6.30740104459,6.93100350819,-0.863684542742,map_000000110.png
3.57934785068,1.46233535135,-2.92351981143,0.5,-0.110393077135,-0.0,-6.30740104459,6.93100350819,-0.863684542742,map_000000111.png
3.52658209668,1.46019201707,-2.92352119724,0.5,-0.202616199851,-0.0,-6.30740104459,6.93100350819,-0.863684542742,map_000000112.png
3.47476416145,1.46303032647,-2.92352036168,0.5,-0.313741713762,-0.0,-6.30740104459,6.93100350819,-0.863684542742,map_000000113.png
3.41907344581,1.47408649743,-2.92352206805,0.39654225111,-0.41306039691,-0.0,-6.30740104459,6.93100350819,-0.863684542742,map_000000114.png
3.36128263084,1.49467197097,-2.92351591646,0.301953941584,-0.45561465621,-0.0,-6.30740104459,6.93100350819,-0.863684542742,map_000000115.png
3.31363936762,1.52641902187,-2.92352381823,0.301953941584,-0.45561465621,-0.0,-6.30740104459,6.93100350819,-0.863684542742,map_000000116.png
3.27076358304,1.56437023341,-2.92351839502,0.209749907255,-0.5,-0.0,-6.30740104459,6.93100350819,-0.863684542742,map_000000117.png
3.23500508996,1.60787904359,-2.92352522773,0.112796410918,-0.5,-0.0,-6.30740104459,6.93100350819,-0.863684542742,map_000000118.png
3.20751747985,1.65296716201,-2.923521262,-0.0,-0.5,-0.0,-6.30740104459,6.93100350819,-0.863684542742,map_000000119.png
3.18745647093,1.70177217676,-2.92352795141,-0.0,-0.5,-0.0,-6.30740104459,6.93100350819,-0.863684542742,map_000000120.png
3.17620938179,1.75252142883,-2.92353045715,0.117526777089,-0.474536120892,-0.0,-6.30740104459,6.93100350819,-0.863684542742,map_000000121.png
3.16539916989,1.80131397,-2.92353061555,0.117526777089,-0.474536120892,-0.0,-6.30740104459,6.93100350819,-0.863684542742,map_000000122.png
3.14454363467,1.84763991472,-2.92353325215,0.216826379299,-0.0772804990411,-0.0,-6.30740104459,6.93100350819,-0.863684542742,map_000000123.png
3.12116318306,1.86368801817,-2.92352738449,0.493495732546,-0.0560129098594,-0.0,-6.30740104459,6.93100350819,-0.863684542742,map_000000124.png
3.08558057293,1.86268495184,-2.92353434324,0.5,-0.0560129098594,-0.0,-6.30740104459,6.93100350819,-0.863684542742,map_000000125.png
3.03404317031,1.85721463759,-2.92352736818,0.5,-0.141140475869,-0.0,-6.30740104459,6.93100350819,-0.863684542742,map_000000126.png
2.98173246381,1.85299387175,-2.92353353048,0.5,-0.19788582623,-0.0,-6.30740104459,6.93100350819,-0.863684542742,map_000000127.png
2.92780893659,1.85607612822,-2.92353513025,0.5,-0.275917857885,-0.0,-6.30740104459,6.93100350819,-0.863684542742,map_000000128.png
2.87473723971,1.86457353718,-2.92353447295,0.5,-0.275917857885,-0.0,-6.30740104459,6.93100350819,-0.863684542742,map_000000129.png
2.81818763118,1.87950737387,-2.92353633577,0.5,-0.275917857885,-0.0,-6.30740104459,6.93100350819,-0.863684542742,map_000000130.png
2.76124773263,1.89625479754,-2.92353009394,0.5,-0.275917857885,-0.0,-6.30740104459,6.93100350819,-0.863684542742,map_000000131.png
2.70647401483,1.91238151124,-2.92353781037,0.5,-0.275917857885,-0.0,-6.30740104459,6.93100350819,-0.863684542742,map_000000132.png
2.64953414116,1.92912902207,-2.9235315946,0.5,-0.275917857885,-0.0,-6.30740104459,6.93100350819,-0.863684542742,map_000000133.png
2.59257250824,1.94589823939,-2.92353819343,0.5,-0.275917857885,-0.0,-6.30740104459,6.93100350819,-0.863684542742,map_000000134.png
2.53782059789,1.96200341028,-2.92353305323,0.5,-0.275917857885,-0.0,-6.30740104459,6.93100350819,-0.863684542742,map_000000135.png
2.48085898945,1.97877271131,-2.92353971064,0.5,-0.275917857885,-0.0,-6.30740104459,6.93100350819,-0.863684542742,map_000000136.png
2.42390449546,1.99553448473,-2.92354157871,0.5,-0.275917857885,-0.0,-6.30740104459,6.93100350819,-0.863684542742,map_000000137.png
2.36914552034,2.0116473536,-2.92354116725,0.5,-0.275917857885,-0.0,-6.30740104459,6.93100350819,-0.863684542742,map_000000138.png
2.31219105195,2.0284092109,-2.92354308019,0.5,-0.275917857885,-0.0,-6.30740104459,6.93100350819,-0.863684542742,map_000000139.png
2.2552512666,2.04515701917,-2.92353684262,0.5,-0.275917857885,-0.0,-6.30740104459,6.93100350819,-0.863684542742,map_000000140.png
2.20047765747,2.06128410076,-2.92354455343,0.5,-0.275917857885,-0.0,-6.30740104459,6.93100350819,-0.863684542742,map_000000141.png
2.20047765747,2.06128410076,-2.92354455343,0.5,-0.275917857885,-0.0,-6.30740104459,6.93100350819,-0.863684542742,map_000000142.png
2.14353789633,2.07803199525,-2.92353833608,0.5,-0.275917857885,-0.0,-6.30740104459,6.93100350819,-0.863684542742,map_000000143.png
2.08657637633,2.09480159742,-2.9235449372,0.5,-0.0347262471914,-0.0,-6.30740104459,6.93100350819,-0.863684542742,map_000000144.png
2.03495377169,2.09678436491,-2.92353941815,0.5,-0.0,-0.0,-6.30740104459,6.93100350819,-0.863684542742,map_000000145.png
1.98374660191,2.08758349624,-2.92354555532,0.455652803183,-0.0,-0.0,-6.30740104459,6.93100350819,-0.863684542742,map_000000146.png
1.93420893315,2.07660988315,-2.92354664337,0.379985958338,-0.0110744042322,-0.0,-6.30740104459,6.93100350819,-0.863684542742,map_000000147.png
1.88854657993,2.06656860772,-2.92353963503,0.271225631237,-0.5,-0.0,-6.30740104459,6.93100350819,-0.863684542742,map_000000148.png
1.8512120608,2.05944466928,-2.9235466981,0.271225631237,-0.5,-0.0,-6.30740104459,6.93100350819,-0.863684542742,map_000000149.png
1.81244732526,2.09807229646,-2.92354129214,0.242843404412,-0.5,-0.0,-6.30740104459,6.93100350819,-0.863684542742,map_000000150.png
1.77577090843,2.14319603699,-2.92354818213,0.242843404412,-0.5,-0.0,-6.30740104459,6.93100350819,-0.863684542742,map_000000151.png
1.74126997536,2.1867306273,-2.92354406047,0.233382672071,-0.5,-0.0,-6.30740104459,6.93100350819,-0.863684542742,map_000000152.png
1.70570162731,2.23209995164,-2.92355076826,0.233382672071,-0.5,-0.0,-6.30740104459,6.93100350819,-0.863684542742,map_000000153.png
1.67076854494,2.27760119917,-2.9235533553,0.233382672071,-0.5,-0.0,-6.30740104459,6.93100350819,-0.863684542742,map_000000154.png
1.63718369178,2.32134772461,-2.92355351477,0.233382672071,-0.5,-0.0,-6.30740104459,6.93100350819,-0.863684542742,map_000000155.png
1.60225073235,2.36684906722,-2.9235560268,0.233382672071,-0.5,-0.0,-6.30740104459,6.93100350819,-0.863684542742,map_000000156.png
1.56733223547,2.41233601003,-2.92355089873,0.223921939731,-0.481631666422,-0.0,-6.30740104459,6.93100350819,-0.863684542742,map_000000157.png
1.53457824777,2.4550807848,-2.92355872087,0.432020008564,-0.0,-0.0,-6.30740104459,6.93100350819,-0.863684542742,map_000000158.png
1.49628369217,2.47419523786,-2.92355287025,0.5,0.171449169517,-0.0,-6.30740104459,6.93100350819,-0.863684542742,map_000000159.png
1.45148978759,2.45866586415,-2.92355888164,0.5,0.0272110663354,-0.0,-6.30740104459,6.93100350819,-0.863684542742,map_000000160.png
1.40616169172,2.43223917965,-2.92355244521,0.5,0.0272110663354,-0.0,-6.30740104459,6.93100350819,-0.863684542742,map_000000161.png
1.35601680365,2.4182438463,-2.92355833572,0.5,0.0272110663354,-0.0,-6.30740104459,6.93100350819,-0.863684542742,map_000000162.png
1.30587906809,2.40424058741,-2.92355951708,0.5,0.0272110663354,-0.0,-6.30740104459,6.93100350819,-0.863684542742,map_000000163.png
1.25575594362,2.39022358398,-2.92355218402,0.5,0.0272110663354,-0.0,-6.30740104459,6.93100350819,-0.863684542742,map_000000164.png
1.20753684966,2.37676884184,-2.92355934404,0.5,0.0272110663354,-0.0,-6.30740104459,6.93100350819,-0.863684542742,map_000000165.png
1.1574137276,2.36275183188,-2.92355207606,0.5,0.0272110663354,-0.0,-6.30740104459,6.93100350819,-0.863684542742,map_000000166.png
1.10726884441,2.34875647714,-2.9235579685,0.5,0.0272110663354,-0.0,-6.30740104459,6.93100350819,-0.863684542742,map_000000167.png
1.05907151686,2.33528006374,-2.9235519007,0.5,0.0272110663354,-0.0,-6.30740104459,6.93100350819,-0.863684542742,map_000000168.png
1.00892663543,2.32128470243,-2.92355786558,0.5,0.0272110663354,-0.0,-6.30740104459,6.93100350819,-0.863684542742,map_000000169.png
0.958788908203,2.30728141776,-2.92355898716,0.5,0.0272110663354,-0.0,-6.30740104459,6.93100350819,-0.863684542742,map_000000170.png
0.910584432398,2.29381291099,-2.92355776114,0.5,0.0272110663354,-0.0,-6.30740104459,6.93100350819,-0.863684542742,map_000000171.png
0.860446706421,2.27980962279,-2.92355885191,0.5,0.0272110663354,-0.0,-6.30740104459,6.93100350819,-0.863684542742,map_000000172.png
0.810323592779,2.26579258562,-2.92355153213,0.5,0.0272110663354,-0.0,-6.30740104459,6.93100350819,-0.863684542742,map_000000173.png
0.762104509094,2.25233781,-2.92355868884,0.5,0.0272110663354,-0.0,-6.30740104459,6.93100350819,-0.863684542742,map_000000174.png
0.711981396607,2.23832076754,-2.92355141101,0.5,0.0272110663354,-0.0,-6.30740104459,6.93100350819,-0.863684542742,map_000000175.png
0.661836522701,2.22432538088,-2.92355731939,0.5,0.0272110663354,-0.0,-6.30740104459,6.93100350819,-0.863684542742,map_000000176.png
0.613639204647,2.21084893428,-2.92355123444,0.5,0.0272110663354,-0.0,-6.30740104459,6.93100350819,-0.863684542742,map_000000177.png
0.563494332305,2.19685354081,-2.92355727406,0.5,0.0272110663354,-0.0,-6.30740104459,6.93100350819,-0.863684542742,map_000000178.png
0.563494332305,2.19685354081,-2.92355727406,0.5,0.0272110663354,-0.0,-6.30740104459,6.93100350819,-0.863684542742,map_000000179.png
0.513356612909,2.18285022609,-2.92355832213,0.5,0.0272110663354,-0.0,-6.30740104459,6.93100350819,-0.863684542742,map_000000180.png
0.465152145925,2.16938168588,-2.92355709707,0.5,0.0272110663354,-0.0,-6.30740104459,6.93100350819,-0.863684542742,map_000000181.png
0.415014428507,2.15537836448,-2.92355818511,0.5,0.0272110663354,-0.0,-6.30740104459,6.93100350819,-0.863684542742,map_000000182.png
0.364891323462,2.14136129689,-2.92355086733,0.5,0.0272110663354,-0.0,-6.30740104459,6.93100350819,-0.863684542742,map_000000183.png
0.314746457401,2.12736588368,-2.92355683206,0.5,0.0272110663354,-0.0,-6.30740104459,6.93100350819,-0.863684542742,map_000000184.png
0.266549146351,2.11388941347,-2.92355074405,0.5,0.0272110663354,-0.0,-6.30740104459,6.93100350819,-0.863684542742,map_000000185.png
0.216404281178,2.09989399626,-2.92355672713,0.5,0.0272110663354,-0.0,-6.30740104459,6.93100350819,-0.863684542742,map_000000186.png
0.166266570094,2.08589065439,-2.92355781805,0.5,0.0272110663354,-0.0,-6.30740104459,6.93100350819,-0.863684542742,map_000000187.png
0.11806211089,2.0724220908,-2.92355660942,0.5,0.0272110663354,-0.0,-6.30740104459,6.93100350819,-0.863684542742,map_000000188.png
0.0679244016008,2.05841874508,-2.92355765466,0.5,0.0272110663354,-0.0,-6.30740104459,6.93100350819,-0.863684542742,map_000000189.png
0.0178013044695,2.0444016497,-2.92355038889,0.5,0.0272110663354,-0.0,-6.30740104459,6.93100350819,-0.863684542742,map_000000190.png
-0.0304177634603,2.03094681781,-2.9235575292,0.5,0.0272110663354,-0.0,-6.30740104459,6.93100350819,-0.863684542742,map_000000191.png
-0.080540859621,2.01692971666,-2.9235502519,0.5,0.0272110663354,-0.0,-6.30740104459,6.93100350819,-0.863684542742,map_000000192.png
-0.130685717763,2.0029342727,-2.9235562354,0.5,0.0272110663354,-0.0,-6.30740104459,6.93100350819,-0.863684542742,map_000000193.png
-0.178883020034,1.98945776882,-2.92355009044,0.5,0.0272110663354,-0.0,-6.30740104459,6.93100350819,-0.863684542742,map_000000194.png
-0.229027875784,1.9754623159,-2.92355605716,0.5,0.0272110663354,-0.0,-6.30740104459,6.93100350819,-0.863684542742,map_000000195.png
-0.27916557863,1.96145894353,-2.92355716236,0.5,0.0272110663354,-0.0,-6.30740104459,6.93100350819,-0.863684542742,map_000000196.png
-0.327370029748,1.94799034662,-2.92355594011,0.5,0.0272110663354,-0.0,-6.30740104459,6.93100350819,-0.863684542742,map_000000197.png
-0.377507730844,1.9339869653,-2.92355702654,0.5,0.0272110663354,-0.0,-6.30740104459,6.93100350819,-0.863684542742,map_000000198.png
-0.427630820516,1.91996983901,-2.92354970915,0.5,0.0272110663354,-0.0,-6.30740104459,6.93100350819,-0.863684542742,map_000000199.png
-0.475849880134,1.90651497511,-2.92355686487,0.5,0.0272110663354,-0.0,-6.30740104459,6.93100350819,-0.863684542742,map_000000200.png
-0.52597296748,1.89249783972,-2.92354958614,0.5,0.0272110663354,-0.0,-6.30740104459,6.93100350819,-0.863684542742,map_000000201.png
-0.576117816801,1.87850236249,-2.92355557104,0.5,0.0272110663354,-0.0,-6.30740104459,6.93100350819,-0.863684542742,map_000000202.png
-0.626255512293,1.86449896268,-2.92355665943,0.5,0.0272110663354,-0.0,-6.30740104459,6.93100350819,-0.863684542742,map_000000203.png
-0.674459955631,1.85103034144,-2.92355545359,0.5,0.0272110663354,-0.0,-6.30740104459,6.93100350819,-0.863684542742,map_000000204.png
-0.724597648359,1.83702693586,-2.92355649709,0.5,0.0272110663354,-0.0,-6.30740104459,6.93100350819,-0.863684542742,map_000000205.png
-0.774720728909,1.82300978211,-2.92354921961,0.5,0.0272110663354,-0.0,-6.30740104459,6.93100350819,-0.863684542742,map_000000206.png
-0.822939780077,1.80955489323,-2.92355636151,0.5,0.0272110663354,-0.0,-6.30740104459,6.93100350819,-0.863684542742,map_000000207.png
-0.873062858908,1.79553773341,-2.92354904276,0.5,0.0272110663354,-0.0,-6.30740104459,6.93100350819,-0.863684542742,map_000000208.png
-0.923207699193,1.78154222869,-2.92355508416,0.5,0.0272110663354,-0.0,-6.30740104459,6.93100350819,-0.863684542742,map_000000209.png
-0.971404985374,1.76806566998,-2.9235489954,0.5,0.0272110663354,-0.0,-6.30740104459,6.93100350819,-0.863684542742,map_000000210.png
-1.02154982362,1.75407015903,-2.92355490169,0.5,0.0272110663354,-0.0,-6.30740104459,6.93100350819,-0.863684542742,map_000000211.png
-1.07168750967,1.74006672821,-2.92355600516,0.5,0.0272110663354,-0.0,-6.30740104459,6.93100350819,-0.863684542742,map_000000212.png
-1.11989194501,1.72659807409,-2.92355480502,0.5,0.0272110663354,-0.0,-6.30740104459,6.93100350819,-0.863684542742,map_000000213.png
-1.17002963003,1.71259463542,-2.92355583212,0.5,0.0272110663354,-0.0,-6.30740104459,6.93100350819,-0.863684542742,map_000000214.png
-1.22015270357,1.69857745057,-2.92354856536,0.5,0.0272110663354,-0.0,-6.30740104459,6.93100350819,-0.863684542742,map_000000215.png
-1.26837174754,1.68512253047,-2.92355570827,0.5,0.0272110663354,-0.0,-6.30740104459,6.93100350819,-0.863684542742,map_000000216.png
-1.31849481835,1.67110533522,-2.92354843972,0.5,0.0272110663354,-0.0,-6.30740104459,6.93100350819,-0.863684542742,map_000000217.png
-1.31849481835,1.67110533522,-2.92354843972,0.5,0.0272110663354,-0.0,-6.30740104459,6.93100350819,-0.863684542742,map_000000218.png
-1.36863965127,1.65710979854,-2.92355443804,0.5,0.0272110663354,-0.0,-6.30740104459,6.93100350819,-0.863684542742,map_000000219.png
-1.41683693034,1.64363320969,-2.92354832996,0.5,0.0272110663354,-0.0,-6.30740104459,6.93100350819,-0.863684542742,map_000000220.png
-1.46698175953,1.62963766359,-2.9235542362,0.5,0.0272110663354,-0.0,-6.30740104459,6.93100350819,-0.863684542742,map_000000221.png
-1.51711943688,1.61563419899,-2.92355534018,0.5,0.0272110663354,-0.0,-6.30740104459,6.93100350819,-0.863684542742,map_000000222.png
-1.56724250259,1.60161698884,-2.92354800933,0.5,0.0272110663354,-0.0,-6.30740104459,6.93100350819,-0.863684542742,map_000000223.png
-1.61546153925,1.5881620437,-2.9235551673,0.5,0.0272110663354,-0.0,-6.30740104459,6.93100350819,-0.863684542742,map_000000224.png
-1.66558460276,1.57414482375,-2.92354796273,0.5,0.0272110663354,-0.0,-6.30740104459,6.93100350819,-0.863684542742,map_000000225.png
-1.71572942814,1.56014926286,-2.92355386894,0.5,0.0272110663354,-0.0,-6.30740104459,6.93100350819,-0.863684542742,map_000000226.png
-1.76392669981,1.54667264883,-2.92354777365,0.5,0.0272110663354,-0.0,-6.30740104459,6.93100350819,-0.863684542742,map_000000227.png
-1.81407152272,1.53267707784,-2.92355377183,0.5,0.0272110663354,-0.0,-6.30740104459,6.93100350819,-0.863684542742,map_000000228.png
-1.86420919356,1.51867358925,-2.92355479886,0.5,0.0272110663354,-0.0,-6.30740104459,6.93100350819,-0.863684542742,map_000000229.png
-1.91241361323,1.50520488165,-2.92355356885,0.5,0.0272110663354,-0.0,-6.30740104459,6.93100350819,-0.863684542742,map_000000230.png
-1.96255128045,1.49120138182,-2.92355467472,0.5,0.0272110663354,-0.0,-6.30740104459,6.93100350819,-0.863684542742,map_000000231.png
-2.01267433662,1.47718413752,-2.92354741832,0.5,0.0272110663354,-0.0,-6.30740104459,6.93100350819,-0.863684542742,map_000000232.png
-2.0608933642,1.46372916295,-2.92355451457,0.5,0.0272110663354,-0.0,-6.30740104459,6.93100350819,-0.863684542742,map_000000233.png
-2.11101641745,1.4497119092,-2.92354729572,-0.0,-0.0,-0.0,-6.30740104459,6.93100350819,-0.863684542742,map_000000234.png
-2.16116123199,1.43571631352,-2.92355321973,-0.5,-0.0,-0.0,-6.30740104459,6.93100350819,-0.863684542742,map_000000235.png
-2.16115140862,1.43570651929,-2.92354777248,-0.5,-0.0,-0.0,-6.30740104459,6.93100350819,-0.863684542742,map_000000236.png
-2.12212525263,1.44436528074,-2.92355269147,-0.5,-0.0,-0.0,-6.30740104459,6.93100350819,-0.863684542742,map_000000237.png
-2.07137989556,1.45561119196,-2.9235538345,-0.5,-0.0,-0.0,-6.30740104459,6.93100350819,-0.863684542742,map_000000238.png
-2.02062110187,1.46684294763,-2.9235478109,-0.5,-0.0,-0.0,-6.30740104459,6.93100350819,-0.863684542742,map_000000239.png
-1.97183758243,1.47766615004,-2.9235538455,-0.5,-0.0,-0.0,-6.30740104459,6.93100350819,-0.863684542742,map_000000240.png
-1.92107878887,1.4888979061,-2.92354783375,-0.5,-0.0,-0.0,-6.30740104459,6.93100350819,-0.863684542742,map_000000241.png
-1.87034175539,1.50015135389,-2.92355267117,-0.5,-0.0,-0.0,-6.30740104459,6.93100350819,-0.863684542742,map_000000242.png
-1.82153647574,1.51095286493,-2.92354779201,-0.5,-0.0,-0.0,-6.30740104459,6.93100350819,-0.863684542742,map_000000243.png
-1.77079944181,1.52220631027,-2.92355272161,-0.5,-0.0,-0.0,-6.30740104459,6.93100350819,-0.863684542742,map_000000244.png
-1.72005408454,1.53345222073,-2.92355384743,0.460383147001,0.0744956806302,-0.0,-6.30740104459,6.93100350819,-0.863684542742,map_000000245.png
-1.70073305784,1.5352898765,-2.92355368603,0.5,-0.0,-0.0,-6.30740104459,6.93100350819,-0.863684542742,map_000000246.png
-1.74644373932,1.51814773058,-2.92355471933,0.5,-0.0,-0.0,-6.30740104459,6.93100350819,-0.863684542742,map_000000247.png
-1.79717869811,1.50689224065,-2.92354754385,0.5,-0.0,-0.0,-6.30740104459,6.93100350819,-0.863684542742,map_000000248.png
-1.84598609889,1.496092823,-2.92355469218,0.5,-0.0,-0.0,-6.30740104459,6.93100350819,-0.863684542742,map_000000249.png
-1.8967210579,1.48483733315,-2.92354758291,0.5,-0.0,-0.0,-6.30740104459,6.93100350819,-0.863684542742,map_000000250.png
-1.94747777997,1.47360350415,-2.92355354571,0.5,-0.0,-0.0,-6.30740104459,6.93100350819,-0.863684542742,map_000000251.png
-1.99626341755,1.46278242637,-2.92354755364,0.5,0.164353623986,-0.0,-6.30740104459,6.93100350819,-0.863684542742,map_000000252.png
-2.04630940863,1.44834079524,-2.92355358263,0.455652803183,0.353511154652,-0.0,-6.30740104459,6.93100350819,-0.863684542742,map_000000253.png
-2.04630940863,1.44834079524,-2.92355358263,0.415463715792,0.400814831257,-0.0,-6.30740104459,6.93100350819,-0.863684542742,map_000000254.png
-2.09302633517,1.41971791096,-2.92355437143,0.415463715792,0.400814831257,-0.0,-6.30740104459,6.93100350819,-0.863684542742,map_000000255.png
-2.12984752462,1.37536451588,-2.92355222245,0.415463715792,0.400814831257,-0.0,-6.30740104459,6.93100350819,-0.863684542742,map_000000256.png
-2.16399271685,1.32609261371,-2.92355237627,0.195558801293,0.5,-0.0,-6.30740104459,6.93100350819,-0.863684542742,map_000000257.png
-2.18108291521,1.27270913262,-2.92354390148,0.186098054051,0.5,-0.0,-6.30740104459,6.93100350819,-0.863684542742,map_000000258.png
-2.18921677265,1.21768080934,-2.9235485482,0.186098054051,0.5,-0.0,-6.30740104459,6.93100350819,-0.863684542742,map_000000259.png
-2.19655688842,1.16485161648,-2.92354123811,0.186098054051,0.5,-0.0,-6.30740104459,6.93100350819,-0.863684542742,map_000000260.png
-2.20421049026,1.10992964976,-2.92354578598,0.186098054051,0.5,-0.0,-6.30740104459,6.93100350819,-0.863684542742,map_000000261.png
-2.2118564173,1.0549993299,-2.92354565969,0.186098054051,0.5,-0.0,-6.30740104459,6.93100350819,-0.863684542742,map_000000262.png
-2.2192039175,1.00217844859,-2.92354311478,-0.0673619806767,-0.5,-0.0,-6.30740104459,6.93100350819,-0.863684542742,map_000000263.png
-2.2244847382,1.02558243688,-2.92354390733,-0.0673619806767,-0.5,-0.0,-6.30740104459,6.93100350819,-0.863684542742,map_000000264.png
-2.22888014271,1.07783217028,-2.92353915901,-0.0389988385141,-0.5,-0.0,-6.30740104459,6.93100350819,-0.863684542742,map_000000265.png
-2.23423704293,1.12785067943,-2.92354664492,-0.0389988385141,-0.5,-0.0,-6.30740104459,6.93100350819,-0.863684542742,map_000000266.png
-2.24151098288,1.17946259581,-2.92354182738,-0.0389988385141,-0.5,-0.0,-6.30740104459,6.93100350819,-0.863684542742,map_000000267.png
-2.24880662756,1.23109620778,-2.92354827242,-0.0389988385141,-0.5,-0.0,-6.30740104459,6.93100350819,-0.863684542742,map_000000268.png
-2.25580233168,1.280725078,-2.92354450551,-0.0389988385141,-0.5,-0.0,-6.30740104459,6.93100350819,-0.863684542742,map_000000269.png
-2.26309783817,1.33235870979,-2.92355093793,-0.0389988385141,-0.5,-0.0,-6.30740104459,6.93100350819,-0.863684542742,map_000000270.png
-2.27038557315,1.3839852176,-2.92355347287,-0.0389988385141,-0.5,-0.0,-6.30740104459,6.93100350819,-0.863684542742,map_000000271.png
-2.27738877327,1.43362125005,-2.92355364148,-0.0389988385141,-0.5,-0.0,-6.30740104459,6.93100350819,-0.863684542742,map_000000272.png
-2.28467636897,1.48524777761,-2.92355619187,-0.0389988385141,-0.5,-0.0,-6.30740104459,6.93100350819,-0.863684542742,map_000000273.png
-2.29194981678,1.53685976411,-2.92355138865,-0.0389988385141,-0.5,-0.0,-6.30740104459,6.93100350819,-0.863684542742,map_000000274.png
-2.29896689223,1.58651037604,-2.92355891709,-0.0389988385141,-0.5,-0.0,-6.30740104459,6.93100350819,-0.863684542742,map_000000275.png
-2.30624020072,1.6381223821,-2.92355405175,-0.0389988385141,-0.5,-0.0,-6.30740104459,6.93100350819,-0.863684542742,map_000000276.png
-2.31353521495,1.68975608323,-2.92356048551,-0.0389988385141,-0.5,-0.0,-6.30740104459,6.93100350819,-0.863684542742,map_000000277.png
-2.32082245859,1.7413826605,-2.92356302007,-0.0389988385141,-0.5,-0.0,-6.30740104459,6.93100350819,-0.863684542742,map_000000278.png
-2.32782518765,1.79101875936,-2.92356321213,-0.0224425494671,-0.5,-0.0,-6.30740104459,6.93100350819,-0.863684542742,map_000000279.png
-2.33550006914,1.84255944282,-2.92356570133,-0.0,-0.5,-0.0,-6.30740104459,6.93100350819,-0.863684542742,map_000000280.png
-2.34462859487,1.8937603968,-2.9235608338,-0.0,-0.5,-0.0,-6.30740104459,6.93100350819,-0.863684542742,map_000000281.png
-2.35545114186,1.94256787023,-2.92356845257,-0.0,-0.5,-0.0,-6.30740104459,6.93100350819,-0.863684542742,map_000000282.png
-2.36668211106,1.99330302861,-2.92356350365,-0.0,-0.5,-0.0,-6.30740104459,6.93100350819,-0.863684542742,map_000000283.png
-2.37793478684,2.04405988537,-2.92357003909,-0.0,-0.5,-0.0,-6.30740104459,6.93100350819,-0.863684542742,map_000000284.png
-2.38873535895,2.09284571955,-2.92356622515,-0.0,-0.5,-0.0,-6.30740104459,6.93100350819,-0.863684542742,map_000000285.png
-2.39998789834,2.14360260706,-2.92357273217,-0.0,-0.5,-0.0,-6.30740104459,6.93100350819,-0.863684542742,map_000000286.png
-2.4112327128,2.19435236318,-2.92357523684,-0.0,-0.5,-0.0,-6.30740104459,6.93100350819,-0.863684542742,map_000000287.png
-2.42204073975,2.2431453877,-2.92357545526,-0.0,-0.5,-0.0,-6.30740104459,6.93100350819,-0.863684542742,map_000000288.png
-2.43328541788,2.29389517391,-2.92357796241,-0.0,-0.5,-0.0,-6.30740104459,6.93100350819,-0.863684542742,map_000000289.png
-2.4445159032,2.3446304393,-2.92357305287,-0.0,-0.5,-0.0,-6.30740104459,6.93100350819,-0.863684542742,map_000000290.png
-2.45533785333,2.3934380454,-2.92358064301,-0.0,-0.5,-0.0,-6.30740104459,6.93100350819,-0.863684542742,map_000000291.png
-2.46656820216,2.44417334101,-2.92357572079,-0.0,-0.5,-0.0,-6.30740104459,6.93100350819,-0.863684542742,map_000000292.png
-2.46656820216,2.44417334101,-2.92357572079,-0.0,-0.5,-0.0,-6.30740104459,6.93100350819,-0.863684542742,map_000000293.png
-2.47782025848,2.4949303348,-2.92358228382,-0.0,-0.5,-0.0,-6.30740104459,6.93100350819,-0.863684542742,map_000000294.png
-2.48862023358,2.54371630141,-2.92357845464,-0.0,-0.5,-0.0,-6.30740104459,6.93100350819,-0.863684542742,map_000000295.png
-2.49987215222,2.59447332646,-2.92358494188,-0.0,-0.5,-0.0,-6.30740104459,6.93100350819,-0.863684542742,map_000000296.png
-2.5111163477,2.64522321898,-2.92358751007,-0.0,-0.5,-0.0,-6.30740104459,6.93100350819,-0.863684542742,map_000000297.png
-2.52234634945,2.69595859158,-2.92358254789,-0.0,-0.5,-0.0,-6.30740104459,6.93100350819,-0.863684542742,map_000000298.png
-2.53316783474,2.74476630068,-2.9235901519,-0.0,-0.5,-0.0,-6.30740104459,6.93100350819,-0.863684542742,map_000000299.png
-2.54439769968,2.79550170323,-2.92358528259,-0.0,-0.5,-0.0,-6.30740104459,6.93100350819,-0.863684542742,map_000000300.png
-2.55564927201,2.84625880477,-2.92359177087,-0.0,-0.5,-0.0,-6.30740104459,6.93100350819,-0.863684542742,map_000000301.png
-2.56644878247,2.89504487367,-2.92358793897,-0.0,-0.5,-0.0,-6.30740104459,6.93100350819,-0.863684542742,map_000000302.png
-2.57770021764,2.9458020051,-2.92359451668,-0.0,-0.5,-0.0,-6.30740104459,6.93100350819,-0.863684542742,map_000000303.png
-2.5889439298,2.99655200588,-2.92359697908,-0.0,-0.5,-0.0,-6.30740104459,6.93100350819,-0.863684542742,map_000000304.png
-2.59975089408,3.04534526655,-2.92359716196,-0.00352107314393,-0.5,-0.0,-6.30740104459,6.93100350819,-0.863684542742,map_000000305.png
-2.61084326965,3.09612879035,-2.92359969848,-0.0910138264298,-0.5,-0.0,-6.30740104459,6.93100350819,-0.863684542742,map_000000306.png
-2.61966603235,3.14739740408,-2.92359477202,-0.109935298562,-0.5,-0.0,-6.30740104459,6.93100350819,-0.863684542742,map_000000307.png
-2.62153083828,3.19818914413,-2.92360225451,-0.166680648923,-0.5,-0.0,-6.30740104459,6.93100350819,-0.863684542742,map_000000308.png
-2.62160222183,3.25139628014,-2.92359752338,-0.166680648923,-0.5,-0.0,-6.30740104459,6.93100350819,-0.863684542742,map_000000309.png
-2.61682202731,3.3057045847,-2.92360386884,-0.242347478867,-0.476901292801,-0.0,-6.30740104459,6.93100350819,-0.863684542742,map_000000310.png
-2.60599330292,3.35767342478,-2.92360024919,-0.289632111788,-0.446153908968,-0.0,-6.30740104459,6.93100350819,-0.863684542742,map_000000311.png
-2.58938260592,3.41050590939,-2.9236064675,-0.355838179588,-0.394138932228,-0.0,-6.30740104459,6.93100350819,-0.863684542742,map_000000312.png
-2.56759115376,3.46113598694,-2.92360875438,-0.355838179588,-0.394138932228,-0.0,-6.30740104459,6.93100350819,-0.863684542742,map_000000313.png
-2.54032434688,3.50912705683,-2.92360390658,-0.355838179588,-0.394138932228,-0.0,-6.30740104459,6.93100350819,-0.863684542742,map_000000314.png
-2.51412939589,3.55529598504,-2.92361090329,-0.355838179588,-0.394138932228,-0.0,-6.30740104459,6.93100350819,-0.863684542742,map_000000315.png
-2.48686248792,3.60328699784,-2.92360601969,-0.355838179588,-0.394138932228,-0.0,-6.30740104459,6.93100350819,-0.863684542742,map_000000316.png
-2.45961729905,3.6512996716,-2.92361194094,-0.355838179588,-0.394138932228,-0.0,-6.30740104459,6.93100350819,-0.863684542742,map_000000317.png
-2.43340042817,3.69744682397,-2.92360814981,-0.239982292056,-0.488727211952,-0.0,-6.30740104459,6.93100350819,-0.863684542742,map_000000318.png
-2.41149552566,3.74815003995,-2.92361414023,-0.145393997431,-0.5,-0.0,-6.30740104459,6.93100350819,-0.863684542742,map_000000319.png
-2.400401417,3.80292455015,-2.9236166392,-0.0839182734489,-0.5,-0.0,-6.30740104459,6.93100350819,-0.863684542742,map_000000320.png
-2.39725818966,3.85480772773,-2.92361684253,-0.0744575336576,-0.5,-0.0,-6.30740104459,6.93100350819,-0.863684542742,map_000000321.png
-2.39998336357,3.90744455337,-2.92361932228,-0.0744575336576,-0.5,-0.0,-6.30740104459,6.93100350819,-0.863684542742,map_000000322.png
-2.40350694296,3.95988684916,-2.92361454045,-0.0673619806767,-0.5,-0.0,-6.30740104459,6.93100350819,-0.863684542742,map_000000323.png
-2.40753126989,4.010200083,-2.92362203066,-0.0319032855332,-0.5,-0.0,-6.30740104459,6.93100350819,-0.863684542742,map_000000324.png
-2.41372205856,4.06205159389,-2.92361719343,-0.0319032855332,-0.5,-0.0,-6.30740104459,6.93100350819,-0.863684542742,map_000000325.png
-2.42173397799,4.11352624574,-2.9236236488,-0.0319032855332,-0.5,-0.0,-6.30740104459,6.93100350819,-0.863684542742,map_000000326.png
-2.42941841168,4.16300226905,-2.92361984865,-0.0319032855332,-0.5,-0.0,-6.30740104459,6.93100350819,-0.863684542742,map_000000327.png
-2.43743019308,4.21447694246,-2.92362627827,-0.0319032855332,-0.5,-0.0,-6.30740104459,6.93100350819,-0.863684542742,map_000000328.png
-2.44543421154,4.26594448995,-2.92362885642,-0.0319032855332,-0.5,-0.0,-6.30740104459,6.93100350819,-0.863684542742,map_000000329.png
-2.45312613576,4.31542768126,-2.92362898186,-0.0839182734489,-0.5,-0.0,-6.30740104459,6.93100350819,-0.863684542742,map_000000330.png
-2.45312613576,4.31542768126,-2.92362898186,-0.0839182734489,-0.5,-0.0,-6.30740104459,6.93100350819,-0.863684542742,map_000000331.png
-2.45808426345,4.36756983427,-2.92363157929,-0.145393997431,-0.5,-0.0,-6.30740104459,6.93100350819,-0.863684542742,map_000000332.png
-2.45815492234,4.42077678964,-2.92362680454,-0.154854729772,-0.5,-0.0,-6.30740104459,6.93100350819,-0.863684542742,map_000000333.png
-2.45442595749,4.47485177661,-2.92363316721,-0.164315477014,-0.5,-0.0,-6.30740104459,6.93100350819,-0.863684542742,map_000000334.png
-2.4500738222,4.52699361196,-2.92362955988,-0.164315477014,-0.5,-0.0,-6.30740104459,6.93100350819,-0.863684542742,map_000000335.png
-2.44464585289,4.58144484734,-2.92363580775,-0.164315477014,-0.5,-0.0,-6.30740104459,6.93100350819,-0.863684542742,map_000000336.png
-2.43920996223,4.63588898295,-2.92363840599,-0.164315477014,-0.5,-0.0,-6.30740104459,6.93100350819,-0.863684542742,map_000000337.png
-2.43397909814,4.68823419868,-2.92363855021,-0.164315477014,-0.5,-0.0,-6.30740104459,6.93100350819,-0.863684542742,map_000000338.png
-2.42854306128,4.74267832078,-2.92364108993,-0.164315477014,-0.5,-0.0,-6.30740104459,6.93100350819,-0.863684542742,map_000000339.png
-2.42309302197,4.79710783769,-2.92363638635,-0.164315477014,-0.5,-0.0,-6.30740104459,6.93100350819,-0.863684542742,map_000000340.png
-2.41787587414,4.84946763026,-2.9236437982,-0.164315477014,-0.5,-0.0,-6.30740104459,6.93100350819,-0.863684542742,map_000000341.png
-2.41242568654,4.90389713168,-2.92363905435,-0.164315477014,-0.5,-0.0,-6.30740104459,6.93100350819,-0.863684542742,map_000000342.png
-2.4069972001,4.95834831507,-2.9236453764,-0.164315477014,-0.5,-0.0,-6.30740104459,6.93100350819,-0.863684542742,map_000000343.png
-2.40175806229,5.01068639732,-2.92364177682,-0.164315477014,-0.5,-0.0,-6.30740104459,6.93100350819,-0.863684542742,map_000000344.png
-2.39632942912,5.06513756563,-2.92364804071,-0.164315477014,-0.5,-0.0,-6.30740104459,6.93100350819,-0.863684542742,map_000000345.png
-2.39089287387,5.11958163511,-2.92365062407,-0.164315477014,-0.5,-0.0,-6.30740104459,6.93100350819,-0.863684542742,map_000000346.png
-2.38566137062,5.17192678558,-2.92365084249,-0.164315477014,-0.5,-0.0,-6.30740104459,6.93100350819,-0.863684542742,map_000000347.png
-2.38022466841,5.22637084189,-2.92365330646,-0.164315477014,-0.5,-0.0,-6.30740104459,6.93100350819,-0.863684542742,map_000000348.png
-2.37477396218,5.28080029112,-2.9236486027,-0.164315477014,-0.5,-0.0,-6.30740104459,6.93100350819,-0.863684542742,map_000000349.png
-2.36955617342,5.33316002009,-2.92365601259,-0.164315477014,-0.5,-0.0,-6.30740104459,6.93100350819,-0.863684542742,map_000000350.png
-2.36410532041,5.38758945499,-2.92365127148,-0.164315477014,-0.5,-0.0,-6.30740104459,6.93100350819,-0.863684542742,map_000000351.png
-2.35867616799,5.44204057119,-2.92365759182,-0.164315477014,-0.5,-0.0,-6.30740104459,6.93100350819,-0.863684542742,map_000000352.png
-2.35323909312,5.49648458914,-2.92366013052,-0.164315477014,-0.5,-0.0,-6.30740104459,6.93100350819,-0.863684542742,map_000000353.png
-2.34800709167,5.54882969042,-2.9236603341,-0.164315477014,-0.5,-0.0,-6.30740104459,6.93100350819,-0.863684542742,map_000000354.png
-2.34256987123,5.60327369484,-2.92366284094,-0.164315477014,-0.5,-0.0,-6.30740104459,6.93100350819,-0.863684542742,map_000000355.png
-2.33711864676,5.65770309235,-2.92365809857,-0.164315477014,-0.5,-0.0,-6.30740104459,6.93100350819,-0.863684542742,map_000000356.png
-2.33190035876,5.71006277081,-2.92366552134,-0.164315477014,-0.5,-0.0,-6.30740104459,6.93100350819,-0.863684542742,map_000000357.png
-2.32644898919,5.76449215392,-2.92366083351,-0.164315477014,-0.5,-0.0,-6.30740104459,6.93100350819,-0.863684542742,map_000000358.png
-2.32101931894,5.81894321917,-2.92366707884,-0.164315477014,-0.5,-0.0,-6.30740104459,6.93100350819,-0.863684542742,map_000000359.png
-2.31577904169,5.87128118772,-2.92366348691,-0.164315477014,-0.5,-0.0,-6.30740104459,6.93100350819,-0.863684542742,map_000000360.png
-2.31034922465,5.92573223661,-2.92366990053,-0.164315477014,-0.5,-0.0,-6.30740104459,6.93100350819,-0.863684542742,map_000000361.png
-2.30491148612,5.9801761901,-2.92367234832,-0.164315477014,-0.5,-0.0,-6.30740104459,6.93100350819,-0.863684542742,map_000000362.png
-2.29967884458,6.0325212271,-2.9236725455,-0.164315477014,-0.5,-0.0,-6.30740104459,6.93100350819,-0.863684542742,map_000000363.png
-2.2942409586,6.08696516465,-2.92367506698,-0.164315477014,-0.5,-0.0,-6.30740104459,6.93100350819,-0.863684542742,map_000000364.png
-2.28878906975,6.14139449643,-2.9236703155,-0.164315477014,-0.5,-0.0,-6.30740104459,6.93100350819,-0.863684542742,map_000000365.png
-2.28357014173,6.19375411154,-2.92367773699,-0.164315477014,-0.5,-0.0,-6.30740104459,6.93100350819,-0.863684542742,map_000000366.png
-2.28357014173,6.19375411154,-2.92367773699,-0.164315477014,-0.5,-0.0,-6.30740104459,6.93100350819,-0.863684542742,map_000000367.png
-2.27811810456,6.24818342818,-2.92367304754,-0.164315477014,-0.5,-0.0,-6.30740104459,6.93100350819,-0.863684542742,map_000000368.png
-2.27268776779,6.30263442504,-2.92367936941,-0.164315477014,-0.5,-0.0,-6.30740104459,6.93100350819,-0.863684542742,map_000000369.png
-2.26744685175,6.35497233011,-2.92367575415,-0.164315477014,-0.5,-0.0,-6.30740104459,6.93100350819,-0.863684542742,map_000000370.png
-2.26201636961,6.40942331233,-2.92368211758,-0.164315477014,-0.5,-0.0,-6.30740104459,6.93100350819,-0.863684542742,map_000000371.png
-2.25657796512,6.46386719864,-2.92368456292,-0.164315477014,-0.5,-0.0,-6.30740104459,6.93100350819,-0.863684542742,map_000000372.png
-2.25112555747,6.51829647785,-2.92367987549,-0.164315477014,-0.5,-0.0,-6.30740104459,6.93100350819,-0.863684542742,map_000000373.png
-2.24590613067,6.57065604258,-2.92368728201,-0.164315477014,-0.5,-0.0,-6.30740104459,6.93100350819,-0.863684542742,map_000000374.png
-2.24045357586,6.62508530734,-2.9236825813,-0.164315477014,-0.5,-0.0,-6.30740104459,6.93100350819,-0.863684542742,map_000000375.png
-2.23502272085,6.67953625236,-2.923688921,-0.164315477014,-0.5,-0.0,-6.30740104459,6.93100350819,-0.863684542742,map_000000376.png
-2.22978130557,6.73187410826,-2.92368524899,-0.164315477014,-0.5,-0.0,-6.30740104459,6.93100350819,-0.863684542742,map_000000377.png
-2.22435030436,6.78632503859,-2.92369164546,-0.164315477014,-0.5,-0.0,-6.30740104459,6.93100350819,-0.863684542742,map_000000378.png
-2.21891138056,6.84076887303,-2.9236941065,-0.164315477014,-0.5,-0.0,-6.30740104459,6.93100350819,-0.863684542742,map_000000379.png
-2.21367760032,6.89311379608,-2.92369430761,-0.164315477014,-0.5,-0.0,-6.30740104459,6.93100350819,-0.863684542742,map_000000380.png
-2.2082385292,6.94755761518,-2.92369682784,-0.164315477014,-0.5,-0.0,-6.30740104459,6.93100350819,-0.863684542742,map_000000381.png
-2.20278545555,7.00198682878,-2.92369207541,-0.164315477014,-0.5,-0.0,-6.30740104459,6.93100350819,-0.863684542742,map_000000382.png
-2.19756538941,7.05434632898,-2.92369949992,-0.164315477014,-0.5,-0.0,-6.30740104459,6.93100350819,-0.863684542742,map_000000383.png
-2.19211216865,7.10877552768,-2.92369480973,-0.164315477014,-0.5,-0.0,-6.30740104459,6.93100350819,-0.863684542742,map_000000384.png
-2.18668064967,7.16322640656,-2.92370113207,-0.164315477014,-0.5,-0.0,-6.30740104459,6.93100350819,-0.863684542742,map_000000385.png
-2.18143859587,7.21556419816,-2.92369752615,-0.164315477014,-0.5,-0.0,-6.30740104459,6.93100350819,-0.863684542742,map_000000386.png
-2.1760069311,7.27001506245,-2.92370388039,-0.211600080132,-0.5,-0.0,-6.30740104459,6.93100350819,-0.863684542742,map_000000387.png
-2.17038273628,7.32449970503,-2.9237062728,-0.265999317169,-0.169503614306,-0.0,-6.30740104459,6.93100350819,-0.863684542742,map_000000388.png
-2.1601298924,7.37999143413,-2.92370163712,-0.265999317169,-0.169503614306,-0.0,-6.30740104459,6.93100350819,-0.863684542742,map_000000389.png
-2.13933842042,7.40602298447,-2.92370842301,-0.076822720468,0.140701770782,-0.0,-6.30740104459,6.93100350819,-0.863684542742,map_000000390.png
-2.12413391578,7.40582684474,-2.92370163165,-0.0720923468471,0.5,-0.0,-6.30740104459,6.93100350819,-0.863684542742,map_000000391.png
-2.10938774342,7.37499534191,-2.92370629107,-0.0413640253246,0.5,-0.0,-6.30740104459,6.93100350819,-0.863684542742,map_000000392.png
-2.09237800884,7.32756030008,-2.92369923244,-0.0413640253246,0.5,-0.0,-6.30740104459,6.93100350819,-0.863684542742,map_000000393.png
-2.07695352373,7.27775105501,-2.92370353933,-0.0413640253246,0.5,-0.0,-6.30740104459,6.93100350819,-0.863684542742,map_000000394.png
-2.06152110497,7.22793356806,-2.9237034011,-0.0413640253246,0.5,-0.0,-6.30740104459,6.93100350819,-0.863684542742,map_000000395.png
-2.04667824464,7.18002879405,-2.92370088463,0.12698751688,0.0272110663354,-0.0,-6.30740104459,6.93100350819,-0.863684542742,map_000000396.png
-2.05149683696,7.16251410529,-2.92370145435,0.5,-0.0,-0.0,-6.30740104459,6.93100350819,-0.863684542742,map_000000397.png
-2.0859572595,7.15364399131,-2.92369462179,0.5,-0.0,-0.0,-6.30740104459,6.93100350819,-0.863684542742,map_000000398.png
-2.13476625083,7.14285175191,-2.92370181549,0.5,-0.0,-0.0,-6.30740104459,6.93100350819,-0.863684542742,map_000000399.png
-2.18550286386,7.13160372777,-2.92369465511,0.5,-0.0,-0.0,-6.30740104459,6.93100350819,-0.863684542742,map_000000400.png
-2.23626124013,7.12037736359,-2.92370069374,0.5,-0.0,-0.0,-6.30740104459,6.93100350819,-0.863684542742,map_000000401.png
-2.28504846827,7.10956346481,-2.92369468028,0.5,-0.0,-0.0,-6.30740104459,6.93100350819,-0.863684542742,map_000000402.png
-2.33580684453,7.09833710104,-2.92370066023,0.5,-0.0,-0.0,-6.30740104459,6.93100350819,-0.863684542742,map_000000403.png
-2.38655807354,7.08710285116,-2.92370182011,0.5,-0.0,-0.0,-6.30740104459,6.93100350819,-0.863684542742,map_000000404.png
-2.38655807354,7.08710285116,-2.92370182011,0.5,-0.0,-0.0,-6.30740104459,6.93100350819,-0.863684542742,map_000000405.png
-2.43535244881,7.07629683794,-2.92370068653,0.5,-0.0,-0.0,-6.30740104459,6.93100350819,-0.863684542742,map_000000406.png
-2.4861036779,7.06506258846,-2.92370180373,0.5,-0.0,-0.0,-6.30740104459,6.93100350819,-0.863684542742,map_000000407.png
-2.53684029098,7.05381456363,-2.9236946832,0.5,-0.0,-0.0,-6.30740104459,6.93100350819,-0.863684542742,map_000000408.png
-2.58759866724,7.04258819984,-2.9237006653,0.5,-0.188425093889,-0.0,-6.30740104459,6.93100350819,-0.863684542742,map_000000409.png
-2.63638589523,7.03177430045,-2.9236946546,0.5,-0.188425093889,-0.0,-6.30740104459,6.93100350819,-0.863684542742,map_000000410.png
-2.69040145988,7.03525914533,-2.92370096159,-0.012981810607,-0.5,-0.0,-6.30740104459,6.93100350819,-0.863684542742,map_000000411.png
-2.7176548801,7.06970498585,-2.92370231112,-0.164315477014,-0.5,-0.0,-6.30740104459,6.93100350819,-0.863684542742,map_000000412.png
-2.72128220907,7.12008786443,-2.92370251621,-0.249443039298,-0.479266494513,-0.0,-6.30740104459,6.93100350819,-0.863684542742,map_000000413.png
-2.71374127405,7.17448747377,-2.92370501271,-0.258903771639,-0.479266494513,-0.0,-6.30740104459,6.93100350819,-0.863684542742,map_000000414.png
-2.69910776576,7.2287415785,-2.92370041428,-0.0,-0.0,-0.0,-6.30740104459,6.93100350819,-0.863684542742,map_000000415.png
-2.68420800032,7.28112140334,-2.92370762026,-0.0,-0.0,-0.0,-6.30740104459,6.93100350819,-0.863684542742,map_000000416.png
-2.68181035867,7.28948793262,-2.92370124826,0.112796410918,-0.0,-0.0,-6.30740104459,6.93100350819,-0.863684542742,map_000000417.png
-2.68930575331,7.28784041114,-2.9237068462,0.5,-0.0,-0.0,-6.30740104459,6.93100350819,-0.863684542742,map_000000418.png
-2.71844276986,7.28137743475,-2.92370126543,0.5,-0.0654736459255,-0.0,-6.30740104459,6.93100350819,-0.863684542742,map_000000419.png
-2.76965392469,7.27219612503,-2.9237072554,0.5,-0.0749153122306,-0.0,-6.30740104459,6.93100350819,-0.863684542742,map_000000420.png
-2.8219010233,7.26771825357,-2.92370859416,0.5,-0.0749153122306,-0.0,-6.30740104459,6.93100350819,-0.863684542742,map_000000421.png
-2.87231419018,7.2642237935,-2.9237076334,0.5,-0.0749153122306,-0.0,-6.30740104459,6.93100350819,-0.863684542742,map_000000422.png
-2.92474898265,7.26059368553,-2.92370898316,0.5,-0.0749153122306,-0.0,-6.30740104459,6.93100350819,-0.863684542742,map_000000423.png
-2.97716914446,7.25694972894,-2.9237021227,0.5,-0.084376052022,-0.0,-6.30740104459,6.93100350819,-0.863684542742,map_000000424.png
-3.02771142236,7.25398622108,-2.92370940951,0.5,-0.084376052022,-0.0,-6.30740104459,6.93100350819,-0.863684542742,map_000000425.png
-3.0803441833,7.25130252458,-2.92370254488,0.5,-0.084376052022,-0.0,-6.30740104459,6.93100350819,-0.863684542742,map_000000426.png
-3.13299871016,7.24864050186,-2.923708757,0.5,-0.084376052022,-0.0,-6.30740104459,6.93100350819,-0.863684542742,map_000000427.png
-3.18564610467,7.24597070238,-2.92371010033,0.5,-0.084376052022,-0.0,-6.30740104459,6.93100350819,-0.863684542742,map_000000428.png
-3.23626369748,7.24339962347,-2.9237091487,0.5,-0.084376052022,-0.0,-6.30740104459,6.93100350819,-0.863684542742,map_000000429.png
-3.28891109397,7.2407298476,-2.92371056644,0.5,-0.0938367843628,-0.0,-6.30740104459,6.93100350819,-0.863684542742,map_000000430.png
-3.34168286245,7.23867405908,-2.92370372423,0.5,-0.0938367843628,-0.0,-6.30740104459,6.93100350819,-0.863684542742,map_000000431.png
-3.3925195112,7.23704020071,-2.92371104665,0.5,-0.0938367843628,-0.0,-6.30740104459,6.93100350819,-0.863684542742,map_000000432.png
-3.44536487319,7.23531683059,-2.92370420921,0.5,-0.0938367843628,-0.0,-6.30740104459,6.93100350819,-0.863684542742,map_000000433.png
-3.49823199892,7.23361513702,-2.92371043082,0.5,-0.0938367843628,-0.0,-6.30740104459,6.93100350819,-0.863684542742,map_000000434.png
-3.54904688005,7.23195965477,-2.92370468694,0.5,-0.0938367843628,-0.0,-6.30740104459,6.93100350819,-0.863684542742,map_000000435.png
-3.60191401063,7.23025798788,-2.92371093328,0.5,-0.0938367843628,-0.0,-6.30740104459,6.93100350819,-0.863684542742,map_000000436.png
-3.65477400919,7.22854855315,-2.9237123325,0.5,-0.0938367843628,-0.0,-6.30740104459,6.93100350819,-0.863684542742,map_000000437.png
-3.70559602503,7.22690089244,-2.92371140199,0.5,-0.0938367843628,-0.0,-6.30740104459,6.93100350819,-0.863684542742,map_000000438.png
-3.75845602203,7.22519148496,-2.92371285914,0.5,-0.0938367843628,-0.0,-6.30740104459,6.93100350819,-0.863684542742,map_000000439.png
-3.81130138611,7.22346821003,-2.92370596968,0.5,-0.0938367843628,-0.0,-6.30740104459,6.93100350819,-0.863684542742,map_000000440.png
-3.81130138611,7.22346821003,-2.92370596968,0.5,-0.0938367843628,-0.0,-6.30740104459,6.93100350819,-0.863684542742,map_000000441.png
-3.86213803689,7.22183446849,-2.92371334104,0.5,-0.0938367843628,-0.0,-6.30740104459,6.93100350819,-0.863684542742,map_000000442.png
-3.91498340105,7.22011121991,-2.92370651453,0.5,-0.0938367843628,-0.0,-6.30740104459,6.93100350819,-0.863684542742,map_000000443.png
-3.9678505316,7.21840964718,-2.92371268796,0.5,-0.0938367843628,-0.0,-6.30740104459,6.93100350819,-0.863684542742,map_000000444.png
-4.01866541571,7.21675428226,-2.92370697957,0.5,-0.0938367843628,-0.0,-6.30740104459,6.93100350819,-0.863684542742,map_000000445.png
-4.07153254814,7.21505273592,-2.92371327067,0.5,-0.0938367843628,-0.0,-6.30740104459,6.93100350819,-0.863684542742,map_000000446.png
-4.12439255085,7.21334342486,-2.92371462411,0.5,-0.0938367843628,-0.0,-6.30740104459,6.93100350819,-0.863684542742,map_000000447.png
-4.17723791787,7.21162024464,-2.92370779781,0.5,-0.0938367843628,-0.0,-6.30740104459,6.93100350819,-0.863684542742,map_000000448.png
-4.22807456893,7.20998659426,-2.92371515377,0.5,-0.0938367843628,-0.0,-6.30740104459,6.93100350819,-0.863684542742,map_000000449.png
-4.28091993611,7.2082634411,-2.92370826322,0.5,-0.0938367843628,-0.0,-6.30740104459,6.93100350819,-0.863684542742,map_000000450.png
-4.33378707265,7.20656196321,-2.9237145282,0.5,-0.0347262471914,-0.0,-6.30740104459,6.93100350819,-0.863684542742,map_000000451.png
-4.38388674791,7.20167616893,-2.92370867715,0.5,-0.00870921928436,-0.0,-6.30740104459,6.93100350819,-0.863684542742,map_000000452.png
-4.43520076172,7.19295952204,-2.92371472369,0.5,-0.00870921928436,-0.0,-6.30740104459,6.93100350819,-0.863684542742,map_000000453.png
-4.48614785403,7.18260995907,-2.92371592783,0.5,-0.0,-0.0,-6.30740104459,6.93100350819,-0.863684542742,map_000000454.png
-4.53513055761,7.17265459637,-2.9237148198,0.5,-0.0,-0.0,-6.30740104459,6.93100350819,-0.863684542742,map_000000455.png
-4.58588194542,7.16142106644,-2.92371592615,0.5,-0.0,-0.0,-6.30740104459,6.93100350819,-0.863684542742,map_000000456.png
-4.63661871741,7.15017376122,-2.92370877085,0.5,-0.0,-0.0,-6.30740104459,6.93100350819,-0.863684542742,map_000000457.png
-4.68542786119,7.13938221248,-2.92371599212,0.5,-0.0,-0.0,-6.30740104459,6.93100350819,-0.863684542742,map_000000458.png
-4.7361646331,7.12813490803,-2.9237087412,0.5,-0.0,-0.0,-6.30740104459,6.93100350819,-0.863684542742,map_000000459.png
-4.78692316844,7.11690926309,-2.9237148182,0.5,-0.0,-0.0,-6.30740104459,6.93100350819,-0.863684542742,map_000000460.png
-4.83571054936,7.10609605554,-2.92370876382,0.5,-0.0,-0.0,-6.30740104459,6.93100350819,-0.863684542742,map_000000461.png
-4.88646908455,7.09487041053,-2.9237147854,0.5,-0.0,-0.0,-6.30740104459,6.93100350819,-0.863684542742,map_000000462.png
-4.93722047235,7.08363687954,-2.92371595175,0.5,-0.0,-0.0,-6.30740104459,6.93100350819,-0.863684542742,map_000000463.png
-4.98795724416,7.07238957513,-2.92370874459,0.5,-0.0,-0.0,-6.30740104459,6.93100350819,-0.863684542742,map_000000464.png
-5.03676638821,7.0615980269,-2.92371598034,0.5,-0.0,-0.0,-6.30740104459,6.93100350819,-0.863684542742,map_000000465.png
-5.08750316065,7.05035072399,-2.92370876926,0.5,-0.183694720268,-0.0,-6.30740104459,6.93100350819,-0.863684542742,map_000000466.png
-5.13921426498,7.0434276803,-2.92371490633,0.5,-0.183694720268,-0.0,-6.30740104459,6.93100350819,-0.863684542742,map_000000467.png
-5.19197068926,7.05054206219,-2.92370951362,0.5,-0.19315546751,-0.0,-6.30740104459,6.93100350819,-0.863684542742,map_000000468.png
-5.24685700905,7.0579610003,-2.9237159024,0.5,-0.19315546751,-0.0,-6.30740104459,6.93100350819,-0.863684542742,map_000000469.png
-5.3019242704,7.06622174066,-2.92371755861,0.5,-0.202616199851,-0.0,-6.30740104459,6.93100350819,-0.863684542742,map_000000470.png
-5.35503121519,7.07489503485,-2.92371694313,0.5,-0.25226598978,-0.0,-6.30740104459,6.93100350819,-0.863684542742,map_000000471.png
-5.41089342212,7.08674657389,-2.92371869106,0.5,-0.25226598978,-0.0,-6.30740104459,6.93100350819,-0.863684542742,map_000000472.png
-5.46729879325,7.1011037793,-2.9237124053,0.5,-0.271187484264,-0.0,-6.30740104459,6.93100350819,-0.863684542742,map_000000473.png
-5.52160759867,7.11515377384,-2.92372007869,0.5,-0.280648201704,-0.0,-6.30740104459,6.93100350819,-0.863684542742,map_000000474.png
-5.57843812305,7.1314315433,-2.92371379517,0.5,-0.280648201704,-0.0,-6.30740104459,6.93100350819,-0.863684542742,map_000000475.png
-5.63547846481,7.14858045913,-2.92372041474,0.5,-0.280648201704,-0.0,-6.30740104459,6.93100350819,-0.863684542742,map_000000476.png
-5.69032964109,7.16515726562,-2.92371536222,0.5,-0.134044930339,-0.0,-6.30740104459,6.93100350819,-0.863684542742,map_000000477.png
-5.74549397703,7.17383249116,-2.92372170274,0.5,-0.0,-0.0,-6.30740104459,6.93100350819,-0.863684542742,map_000000478.png
-5.74549397703,7.17383249116,-2.92372170274,0.5,-0.0,-0.0,-6.30740104459,6.93100350819,-0.863684542742,map_000000479.png
-5.84677775626,7.15964354418,-2.92372196105,0.5,-0.0,-0.0,-6.30740104459,6.93100350819,-0.863684542742,map_000000480.png
-5.84677775626,7.15964354418,-2.92372196105,0.5,-0.0,-0.0,-6.30740104459,6.93100350819,-0.863684542742,map_000000481.png
-5.89752922432,7.14841037478,-2.92372309569,0.5,-0.0,-0.0,-6.30740104459,6.93100350819,-0.863684542742,map_000000482.png
-5.94826607616,7.13716343059,-2.9237159153,0.5,-0.0,-0.0,-6.30740104459,6.93100350819,-0.863684542742,map_000000483.png
-5.99902469168,7.12593814732,-2.92372193545,0.5,-0.0,-0.0,-6.30740104459,6.93100350819,-0.863684542742,map_000000484.png
-6.04781214932,7.11512528505,-2.92371590436,0.5,-0.0,-0.0,-6.30740104459,6.93100350819,-0.863684542742,map_000000485.png
-6.0985707646,7.10390000137,-2.92372196422,0.5,-0.0,-0.0,-6.30740104459,6.93100350819,-0.863684542742,map_000000486.png
-6.14932223253,7.09266683197,-2.92372310066,0.5,-0.0,-0.0,-6.30740104459,6.93100350819,-0.863684542742,map_000000487.png
-6.19811683776,7.08186185743,-2.9237219333,0.5,-0.0,-0.0,-6.30740104459,6.93100350819,-0.863684542742,map_000000488.png
-6.24886830585,7.07062868806,-2.92372311077,0.5,-0.0,-0.0,-6.30740104459,6.93100350819,-0.863684542742,map_000000489.png
-6.29960515787,7.05938174456,-2.92371589037,0.5,-0.0,-0.0,-6.30740104459,6.93100350819,-0.863684542742,map_000000490.png
-6.34841437922,7.04859054491,-2.92372309535,0.5,-0.0,-0.0,-6.30740104459,6.93100350819,-0.863684542742,map_000000491.png
-6.39915123143,7.03734360118,-2.92371593291,0.5,-0.0,-0.0,-6.30740104459,6.93100350819,-0.863684542742,map_000000492.png
-6.44990984693,7.02611831884,-2.92372193621,0.349257647991,0.0224806964397,-0.0,-6.30740104459,6.93100350819,-0.863684542742,map_000000493.png
-6.4956579161,7.01551804686,-2.92371602655,-0.0,-0.0,-0.0,-6.30740104459,6.93100350819,-0.863684542742,map_000000494.png
-6.52926770228,7.0057877488,-2.9237218931,-0.0,-0.0,-0.0,-6.30740104459,6.93100350819,-0.863684542742,map_000000495.png
-6.52926980865,7.00578983512,-2.92372304101,-0.0,-0.0,-0.0,-6.30740104459,6.93100350819,-0.863684542742,map_000000496.png
-6.5292677211,7.00578775295,-2.92372186014,-0.0,-0.0,-0.0,-6.30740104459,6.93100350819,-0.863684542742,map_000000497.png
-6.52926982737,7.00578983884,-2.92372305174,-0.0,-0.0,-0.0,-6.30740104459,6.93100350819,-0.863684542742,map_000000498.png
-6.5292579077,7.00577796093,-2.92371639718,-0.0,-0.0,-0.0,-6.30740104459,6.93100350819,-0.863684542742,map_000000499.png
-6.52926984615,7.00578984283,-2.92372303494,-0.0,-0.0,0.423886835575,-6.30740104459,6.93100350819,-0.863684542742,map_000000500.png
-6.52927812047,7.00583463884,-2.9187199638,-0.0,-0.0,0.602343797684,-6.30740104459,6.93100350819,-0.863684542742,map_000000501.png
-6.52937880337,7.00623826111,-2.87537037851,-0.0,-0.0,0.602343797684,-6.30740104459,6.93100350819,-0.863684542742,map_000000502.png
-6.52954953968,7.00679709397,-2.81447262178,-0.0,-0.0,0.547448635101,-6.30740104459,6.93100350819,-0.863684542742,map_000000503.png
-6.52972947115,7.00728364118,-2.7593397205,-0.0,-0.0,0.442197948694,-6.30740104459,6.93100350819,-0.863684542742,map_000000504.png
-6.52991299657,7.00771847664,-2.70956113692,-0.0,-0.0,0.364413887262,-6.30740104459,6.93100350819,-0.863684542742,map_000000505.png
-6.53011019272,7.00808577055,-2.66740508755,-0.0,-0.0,0.364413887262,-6.30740104459,6.93100350819,-0.863684542742,map_000000506.png
-6.53026220621,7.00839965781,-2.63157446587,-0.0,-0.0,0.364413887262,-6.30740104459,6.93100350819,-0.863684542742,map_000000507.png
-6.53045277648,7.00869879927,-2.59430705786,-0.0,-0.0,0.364413887262,-6.30740104459,6.93100350819,-0.863684542742,map_000000508.png
-6.53063435559,7.00901120156,-2.55704305838,-0.0,-0.0,0.364413887262,-6.30740104459,6.93100350819,-0.863684542742,map_000000509.png
-6.53083910861,7.00928516032,-2.52120992619,-0.0,-0.0,0.364413887262,-6.30740104459,6.93100350819,-0.863684542742,map_000000510.png
-6.53104253658,7.00958244505,-2.48394534111,-0.0,-0.0,0.364413887262,-6.30740104459,6.93100350819,-0.863684542742,map_000000511.png
-6.53126640369,7.00986180452,-2.44667951891,-0.0,-0.0,0.364413887262,-6.30740104459,6.93100350819,-0.863684542742,map_000000512.png
-6.53149128778,7.01012236263,-2.41084691307,-0.0,-0.0,0.364413887262,-6.30740104459,6.93100350819,-0.863684542742,map_000000513.png
-6.53173492547,7.01038462899,-2.37358122205,-0.0,-0.0,0.364413887262,-6.30740104459,6.93100350819,-0.863684542742,map_000000514.png
-6.53199720273,7.01062861081,-2.33631562253,-0.0,-0.0,0.364413887262,-6.30740104459,6.93100350819,-0.863684542742,map_000000515.png
-6.53224031266,7.01087184163,-2.30048336319,-0.0,-0.0,0.364413887262,-6.30740104459,6.93100350819,-0.863684542742,map_000000516.png
-6.53224031266,7.01087184163,-2.30048336319,-0.0,-0.0,0.364413887262,-6.30740104459,6.93100350819,-0.863684542742,map_000000517.png
-6.53252005104,7.01109696001,-2.26321817912,-0.0,-0.0,0.364413887262,-6.30740104459,6.93100350819,-0.863684542742,map_000000518.png
-6.5327907576,7.01132924706,-2.2259519977,-0.0,-0.0,0.364413887262,-6.30740104459,6.93100350819,-0.863684542742,map_000000519.png
-6.53307562786,7.01152585208,-2.19012056943,-0.0,-0.0,0.364413887262,-6.30740104459,6.93100350819,-0.863684542742,map_000000520.png
-6.53336218722,7.01173683618,-2.15285387087,-0.0,-0.0,0.364413887262,-6.30740104459,6.93100350819,-0.863684542742,map_000000521.png
-6.53366456036,7.01192828394,-2.11558824317,-0.0,-0.0,0.364413887262,-6.30740104459,6.93100350819,-0.863684542742,map_000000522.png
-6.53398183706,7.01210034853,-2.07832405915,-0.0,-0.0,0.364413887262,-6.30740104459,6.93100350819,-0.863684542742,map_000000523.png
-6.53427730799,7.01227046432,-2.04249024265,-0.0,-0.0,0.364413887262,-6.30740104459,6.93100350819,-0.863684542742,map_000000524.png
-6.53460659225,7.01241974116,-2.00522657446,-0.0,-0.0,0.364413887262,-6.30740104459,6.93100350819,-0.863684542742,map_000000525.png
-6.53492600756,7.01257232791,-1.96795895051,-0.0,-0.0,0.364413887262,-6.30740104459,6.93100350819,-0.863684542742,map_000000526.png
-6.53525293391,7.01269263089,-1.93212858627,-0.0,-0.0,0.364413887262,-6.30740104459,6.93100350819,-0.863684542742,map_000000527.png
-6.53558228971,7.01282067367,-1.89486089137,-0.0,-0.0,0.364413887262,-6.30740104459,6.93100350819,-0.863684542742,map_000000528.png
-6.53592339632,7.01292864971,-1.85759538964,-0.0,-0.0,0.364413887262,-6.30740104459,6.93100350819,-0.863684542742,map_000000529.png
-6.53625489165,7.01302042623,-1.8217632015,-0.0,-0.0,0.364413887262,-6.30740104459,6.93100350819,-0.863684542742,map_000000530.png
-6.536602945,7.01310320525,-1.78449742942,-0.0,-0.0,0.364413887262,-6.30740104459,6.93100350819,-0.863684542742,map_000000531.png
-6.53696062449,7.01316615933,-1.74723451572,-0.0,-0.0,0.364413887262,-6.30740104459,6.93100350819,-0.863684542742,map_000000532.png
-6.53729336226,7.01322766979,-1.71139952855,-0.0,-0.0,0.364413887262,-6.30740104459,6.93100350819,-0.863684542742,map_000000533.png
-6.53765494398,7.01326504058,-1.67413662375,-0.0,-0.0,0.364413887262,-6.30740104459,6.93100350819,-0.863684542742,map_000000534.png
-6.53800466046,7.01330231678,-1.63686841852,-0.0,-0.0,0.364413887262,-6.30740104459,6.93100350819,-0.863684542742,map_000000535.png
-6.53835456404,7.01331292082,-1.60103906158,-0.0,-0.0,0.364413887262,-6.30740104459,6.93100350819,-0.863684542742,map_000000536.png
-6.53870574693,7.01332388372,-1.56377059946,-0.0,-0.0,0.364413887262,-6.30740104459,6.93100350819,-0.863684542742,map_000000537.png
-6.53906328869,7.01331514783,-1.52650501979,-0.0,-0.0,0.364413887262,-6.30740104459,6.93100350819,-0.863684542742,map_000000538.png
-6.53942633353,7.01328700419,-1.48924262959,-0.0,-0.0,0.364413887262,-6.30740104459,6.93100350819,-0.863684542742,map_000000539.png
-6.53976239132,7.01325937155,-1.45340721893,-0.0,-0.0,0.364413887262,-6.30740104459,6.93100350819,-0.863684542742,map_000000540.png
-6.5401226842,7.0132053811,-1.41614467702,-0.0,-0.0,0.364413887262,-6.30740104459,6.93100350819,-0.863684542742,map_000000541.png
-6.54046821595,7.01314902725,-1.37887477198,-0.0,-0.0,0.364413887262,-6.30740104459,6.93100350819,-0.863684542742,map_000000542.png
-6.54079809735,7.01307909166,-1.34303735533,-0.0,-0.0,0.364413887262,-6.30740104459,6.93100350819,-0.863684542742,map_000000543.png
-6.54114106827,7.01297960518,-1.30576961865,-0.0,-0.0,0.364413887262,-6.30740104459,6.93100350819,-0.863684542742,map_000000544.png
-6.541488957,7.01289271162,-1.26850222258,-0.0,-0.0,0.364413887262,-6.30740104459,6.93100350819,-0.863684542742,map_000000545.png
-6.5418223201,7.01278263832,-1.23267182051,-0.0,-0.0,0.364413887262,-6.30740104459,6.93100350819,-0.863684542742,map_000000546.png
-6.54215774326,7.01265767231,-1.19540469636,-0.0,-0.0,0.364413887262,-6.30740104459,6.93100350819,-0.863684542742,map_000000547.png
-6.54248835275,7.01252039707,-1.15813758219,-0.0,-0.0,0.364413887262,-6.30740104459,6.93100350819,-0.863684542742,map_000000548.png
-6.5427906557,7.01236620979,-1.12230121705,-0.0,-0.0,0.364413887262,-6.30740104459,6.93100350819,-0.863684542742,map_000000549.png
-6.54311470726,7.01221887808,-1.0850333376,-0.0,-0.0,0.364413887262,-6.30740104459,6.93100350819,-0.863684542742,map_000000550.png
-6.54342407248,7.01203259687,-1.04776753085,-0.0,-0.0,-0.0,-6.30740104459,6.93100350819,-0.863684542742,map_000000551.png
-6.54357938347,7.01194293117,-1.02913461689,-0.0,-0.0,-0.0,-6.30740104459,6.93100350819,-0.863684542742,map_000000552.png
-6.54358851725,7.01195207724,-1.02913621549,-0.0,-0.0,-0.0,-6.30740104459,6.93100350819,-0.863684542742,map_000000553.png
-6.54358851725,7.01195207724,-1.02913621549,-0.0,-0.0,-0.0,-6.30740104459,6.93100350819,-0.863684542742,map_000000554.png
-6.54358842029,7.01195198033,-1.02913599875,-0.0,-0.0,-0.0,-6.30740104459,6.93100350819,-0.863684542742,map_000000555.png
-6.54358845061,7.01195200424,-1.02913611247,-0.0,-0.0,-0.0,-6.30740104459,6.93100350819,-0.863684542742,map_000000556.png
-6.54357931487,7.01194285093,-1.02913423575,-0.0,-0.0,-0.0,-6.30740104459,6.93100350819,-0.863684542742,map_000000557.png
-6.54358843634,7.01195198446,-1.02913592874,-0.0,-0.0,-0.0,-6.30740104459,6.93100350819,-0.863684542742,map_000000558.png
-6.54358173269,7.01194527683,-1.02913501996,-0.0,-0.0,-0.0,-6.30740104459,6.93100350819,-0.863684542742,map_000000559.png
-6.54357928758,7.0119428203,-1.0291343384,-0.0,-0.0,-0.0,-6.30740104459,6.93100350819,-0.863684542742,map_000000560.png
-6.54358842114,7.01195197069,-1.0291361976,-0.0,-0.0,-0.0,-6.30740104459,6.93100350819,-0.863684542742,map_000000561.png
-6.54358832262,7.01195187475,-1.02913599104,-0.0,-0.0,-0.0,-6.30740104459,6.93100350819,-0.863684542742,map_000000562.png
-6.54358835503,7.01195189738,-1.0291360321,-0.0,-0.0,-0.0,-6.30740104459,6.93100350819,-0.863684542742,map_000000563.png
-6.54357921647,7.01194274627,-1.02913453036,-0.0,-0.0,-0.0,-6.30740104459,6.93100350819,-0.863684542742,map_000000564.png
-6.54358834012,7.01195187799,-1.0291359254,-0.0,-0.0,-0.0,-6.30740104459,6.93100350819,-0.863684542742,map_000000565.png
-6.54359157394,7.01195512802,-1.02913660544,-0.0,-0.0,-0.0,-6.30740104459,6.93100350819,-0.863684542742,map_000000566.png
-6.5435791907,7.01194271433,-1.02913442254,-0.0,-0.0,-0.0,-6.30740104459,6.93100350819,-0.863684542742,map_000000567.png
-6.54358832483,7.01195186427,-1.0291362047,-0.0,-0.0,0.167683944106,-6.30740104459,6.93100350819,-0.863684542742,map_000000568.png
-6.54358826285,7.01195180412,-1.02913554974,-0.0,-0.0,0.167683944106,-6.30740104459,6.93100350819,-0.863684542742,map_000000569.png
-6.54370720076,7.01187914424,-1.01462589941,-0.0,-0.0,0.0853221192956,-6.30740104459,6.93100350819,-0.863684542742,map_000000570.png
-6.54379658458,7.011822937,-1.00363261754,-0.0,-0.0,0.0853221192956,-6.30740104459,6.93100350819,-0.863684542742,map_000000571.png
-6.54386296996,7.01178023948,-0.995242029614,-0.0,-0.0,0.0853221192956,-6.30740104459,6.93100350819,-0.863684542742,map_000000572.png
-6.5439250938,7.01172417867,-0.986516179679,-0.0,-0.0,0.0853221192956,-6.30740104459,6.93100350819,-0.863684542742,map_000000573.png
-6.54401374857,7.01169674763,-0.977792968608,-0.0,-0.0,0.103633224964,-6.30740104459,6.93100350819,-0.863684542742,map_000000574.png
-6.54407061149,7.01164172502,-0.969401904884,-0.0,-0.0,0.103633224964,-6.30740104459,6.93100350819,-0.863684542742,map_000000575.png
-6.5441440059,7.01159085938,-0.960100212733,-0.0,-0.0,-0.0,-6.30740104459,6.93100350819,-0.863684542742,map_000000576.png
-6.54416329874,7.01158288989,-0.958062502032,-0.0,-0.0,-0.0,-6.30740104459,6.93100350819,-0.863684542742,map_000000577.png
-6.54415090809,7.0115704818,-0.958061303544,-0.0,-0.0,-0.0,-6.30740104459,6.93100350819,-0.863684542742,map_000000578.png
-6.54415995389,7.01157953734,-0.958062025058,-0.0,-0.0,-0.0,-6.30740104459,6.93100350819,-0.863684542742,map_000000579.png
-6.54415997253,7.0115795594,-0.958062006895,-0.0,-0.0,-0.0,-6.30740104459,6.93100350819,-0.863684542742,map_000000580.png
-6.5441599709,7.01157954441,-0.958062128863,0.297223567963,-0.29718542099,-0.0,-6.30740104459,6.93100350819,-0.863684542742,map_000000581.png
-6.54415996894,7.01157954224,-0.958062199609,0.297223567963,-0.29718542099,-0.0,-6.30740104459,6.93100350819,-0.863684542742,map_000000582.png
-6.55050304093,6.97514998226,-0.958058851208,0.379985958338,-0.41306039691,-0.0,-6.30740104459,6.93100350819,-0.863684542742,map_000000583.png
-6.56141380346,6.92244585783,-0.958056818046,0.410733371973,-0.41306039691,-0.0,-6.30740104459,6.93100350819,-0.863684542742,map_000000584.png
-6.57249502343,6.86641723932,-0.958052264271,0.410733371973,-0.41306039691,-0.0,-6.30740104459,6.93100350819,-0.863684542742,map_000000585.png
-6.5830668286,6.80679007503,-0.958047791346,0.410733371973,-0.41306039691,-0.0,-6.30740104459,6.93100350819,-0.863684542742,map_000000586.png
-6.59363825276,6.74716445403,-0.958043110727,0.410733371973,-0.41306039691,-0.0,-6.30740104459,6.93100350819,-0.863684542742,map_000000587.png
-6.6037940091,6.6898213503,-0.958038720096,0.410733371973,-0.41306039691,-0.0,-6.30740104459,6.93100350819,-0.863684542742,map_000000588.png
-6.61437415614,6.63020399428,-0.958036053158,0.365813940763,-0.384678184986,-0.0,-6.30740104459,6.93100350819,-0.863684542742,map_000000589.png
-6.62514765412,6.57481402624,-0.958031265618,-0.0,-0.0,-0.0,-6.30740104459,6.93100350819,-0.863684542742,map_000000590.png
-6.62973238734,6.55191926723,-0.958029084217,-0.0,0.419736325741,-0.0,-6.30740104459,6.93100350819,-0.863684542742,map_000000591.png
-6.62973238734,6.55191926723,-0.958029084217,-0.0,0.5,-0.0,-6.30740104459,6.93100350819,-0.863684542742,map_000000592.png
-6.61601267285,6.56158038237,-0.958031222597,-0.0,0.5,-0.0,-6.30740104459,6.93100350819,-0.863684542742,map_000000593.png
-6.57874116024,6.58778361682,-0.958034185585,-0.0,0.5,-0.0,-6.30740104459,6.93100350819,-0.863684542742,map_000000594.png
-6.53785533524,6.61652788748,-0.958037289672,-0.0,0.5,-0.0,-6.30740104459,6.93100350819,-0.863684542742,map_000000595.png
-6.49532386764,6.64641330898,-0.958039385703,-0.0,0.5,-0.0,-6.30740104459,6.93100350819,-0.863684542742,map_000000596.png
-6.45281106842,6.67631647476,-0.958043530951,-0.0,0.5,-0.0,-6.30740104459,6.93100350819,-0.863684542742,map_000000597.png
-6.41028185997,6.70620408072,-0.958046043901,-0.0,0.5,-0.0,-6.30740104459,6.93100350819,-0.863684542742,map_000000598.png
-6.36939291269,6.7349455286,-0.958049074709,-0.0,0.5,-0.0,-6.30740104459,6.93100350819,-0.863684542742,map_000000599.png
-6.32687984683,6.76484830733,-0.958052949898,-0.0,0.5,-0.0,-6.30740104459,6.93100350819,-0.863684542742,map_000000600.png
-6.28435693102,6.79474209641,-0.958056229383,-0.0,0.164353623986,-0.0,-6.30740104459,6.93100350819,-0.863684542742,map_000000601.png
-6.24347047056,6.82348546179,-0.958059423357,-0.0,0.164353623986,-0.0,-6.30740104459,6.93100350819,-0.863684542742,map_000000602.png
-6.2272875799,6.83484647873,-0.958059624947,-0.0,-0.0,-0.0,-6.30740104459,6.93100350819,-0.863684542742,map_000000603.png

