-2.60077752534,2.21315996989,-2.97956355494,-0.0,-0.0,-0.0,-1.13346843139,0.719942605219,-1.61302577649,map_000000073.png
-2.60077958898,2.2131620138,-2.97956462005,-0.178506582975,-0.0,-0.0,-1.13346843139,0.719942605219,-1.61302577649,map_000000074.png
-2.58949767091,2.21499240792,-2.97955836831,-0.497730195522,-0.0,-0.0,-1.13346843139,0.719942605219,-1.61302577649,map_000000075.png
-2.55804401895,2.22014775833,-2.97956462905,-0.5,-0.0,-0.0,-1.13346843139,0.719942605219,-1.61302577649,map_000000076.png
-2.50690556671,2.2284932061,-2.97955881126,-0.5,-0.0,-0.0,-1.13346843139,0.719942605219,-1.61302577649,map_000000077.png
-2.45561868876,2.23688814316,-2.97956351064,-0.5,-0.0,-0.0,-1.13346843139,0.719942605219,-1.61302577649,map_000000078.png
-2.40628468368,2.24494104403,-2.97955877247,-0.5,-0.0,-0.0,-1.13346843139,0.719942605219,-1.61302577649,map_000000079.png
-2.35499780584,2.25333598086,-2.97956351491,-0.5,-0.0,-0.0,-1.13346843139,0.719942605219,-1.61302577649,map_000000080.png
-2.30370254375,2.26172329349,-2.97956462268,-0.5,-0.0,-0.0,-1.13346843139,0.719942605219,-1.61302577649,map_000000081.png
-2.25437692287,2.26978381804,-2.97956347618,-0.5,-0.0,-0.0,-1.13346843139,0.719942605219,-1.61302577649,map_000000082.png
-2.20308166078,2.27817113031,-2.97956466816,-0.5,-0.0,-0.0,-1.13346843139,0.719942605219,-1.61302577649,map_000000083.png
-2.15177303869,2.28654439563,-2.97955880286,-0.5,-0.0,-0.0,-1.13346843139,0.719942605219,-1.61302577649,map_000000084.png
-2.1024607779,2.29461896686,-2.97956464386,-0.5,-0.0,-0.0,-1.13346843139,0.719942605219,-1.61302577649,map_000000085.png
-2.1024607779,2.29461896686,-2.97956464386,-0.5,-0.0,-0.0,-1.13346843139,0.719942605219,-1.61302577649,map_000000086.png
-2.05115215579,2.30299223141,-2.9795588315,-0.5,-0.0,-0.0,-1.13346843139,0.719942605219,-1.61302577649,map_000000087.png
-1.9505312724,2.31944006624,-2.97955881356,-0.5,-0.0,-0.0,-1.13346843139,0.719942605219,-1.61302577649,map_000000088.png
-1.9505312724,2.31944006624,-2.97955881356,-0.5,-0.0,-0.0,-1.13346843139,0.719942605219,-1.61302577649,map_000000089.png
-1.89924439461,2.32783500379,-2.97956347184,-0.5,-0.0,-0.0,-1.13346843139,0.719942605219,-1.61302577649,map_000000090.png
-1.84794913251,2.33622231557,-2.97956466507,-0.5,-0.0,-0.0,-1.13346843139,0.719942605219,-1.61302577649,map_000000091.png
-1.79862351143,2.34428283875,-2.97956356808,-0.5,-0.0,-0.0,-1.13346843139,0.719942605219,-1.61302577649,map_000000092.png
-1.74732824929,2.35267014936,-2.97956464078,-0.5,-0.0,-0.0,-1.13346843139,0.719942605219,-1.61302577649,map_000000093.png
-1.69601962682,2.36104341382,-2.97955879342,-0.5,-0.0,-0.0,-1.13346843139,0.719942605219,-1.61302577649,map_000000094.png
-1.64670736623,2.36911798459,-2.97956465744,-0.5,-0.0,-0.0,-1.13346843139,0.719942605219,-1.61302577649,map_000000095.png
-1.59539874365,2.37749124948,-2.97955874158,-0.5,-0.0,-0.0,-1.13346843139,0.719942605219,-1.61302577649,map_000000096.png
-1.54411186585,2.38588618428,-2.97956362709,-0.5,-0.0,-0.0,-1.13346843139,0.719942605219,-1.61302577649,map_000000097.png
-1.49477786081,2.39393908303,-2.97955883493,-0.5,-0.0,-0.0,-1.13346843139,0.719942605219,-1.61302577649,map_000000098.png
-1.44349098265,2.40233401778,-2.97956358109,-0.5,-0.0,-0.0,-1.13346843139,0.719942605219,-1.61302577649,map_000000099.png
-1.39219572072,2.41072132958,-2.97956466999,-0.5,-0.0,-0.0,-1.13346843139,0.719942605219,-1.61302577649,map_000000100.png
-1.34287009969,2.41878185259,-2.97956354014,-0.5,-0.0,-0.0,-1.13346843139,0.719942605219,-1.61302577649,map_000000101.png
-1.29353609462,2.42683475068,-2.97955881187,-0.5,-0.0,-0.0,-1.13346843139,0.719942605219,-1.61302577649,map_000000102.png
-1.24224921649,2.43522968603,-2.9795635006,-0.5,-0.0,-0.0,-1.13346843139,0.719942605219,-1.61302577649,map_000000103.png
-1.19291521104,2.44328258389,-2.97955875425,-0.5,-0.0,-0.0,-1.13346843139,0.719942605219,-1.61302577649,map_000000104.png
-1.14162833328,2.45167751873,-2.97956353721,-0.5,-0.0,-0.0,-1.13346843139,0.719942605219,-1.61302577649,map_000000105.png
-1.09033307126,2.46006483059,-2.97956467002,-0.5,-0.0,-0.0,-1.13346843139,0.719942605219,-1.61302577649,map_000000106.png
-1.04100745024,2.46812535287,-2.97956347084,-0.0,-0.0,-0.0,-1.13346843139,0.719942605219,-1.61302577649,map_000000107.png
-1.02127971294,2.47135248685,-2.97956520253,-0.0,-0.0,-0.0,-1.13346843139,0.719942605219,-1.61302577649,map_000000108.png
-1.0212678213,2.47134063919,-2.97955882773,-0.0,-0.0,-0.0,-1.13346843139,0.719942605219,-1.61302577649,map_000000109.png
-1.02127973116,2.47135249059,-2.97956521765,-0.0,-0.0,-0.0,-1.13346843139,0.719942605219,-1.61302577649,map_000000110.png
-1.0212678394,2.47134064325,-2.97955879049,-0.0,-0.0,-0.0,-1.13346843139,0.719942605219,-1.61302577649,map_000000111.png
-1.02127769541,2.47135045269,-2.97956414429,-0.0,-0.0,-0.0,-1.13346843139,0.719942605219,-1.61302577649,map_000000112.png
-1.02126785793,2.47134064666,-2.97955888564,-0.0,-0.0,-0.0,-1.13346843139,0.719942605219,-1.61302577649,map_000000113.png
-1.02127771373,2.47135045717,-2.97956408021,-0.0,-0.0,-0.0,-1.13346843139,0.719942605219,-1.61302577649,map_000000114.png
-1.02127977729,2.47135250054,-2.97956520274,-0.0,-0.0,0.620654940605,-1.13346843139,0.719942605219,-1.61302577649,map_000000115.png
-1.02131164331,2.47154679128,-2.9575870231,-0.0,-0.0,1.0,-1.13346843139,0.719942605219,-1.61302577649,map_000000116.png
-1.02145225423,2.47218963868,-2.88814167488,-0.0,-0.0,1.0,-1.13346843139,0.719942605219,-1.61302577649,map_000000117.png
-1.02173419439,2.47311077095,-2.78586099374,-0.0,-0.0,1.0,-1.13346843139,0.719942605219,-1.61302577649,map_000000118.png
-1.02210778897,2.47399675292,-2.68753042112,-0.0,-0.0,1.0,-1.13346843139,0.719942605219,-1.61302577649,map_000000119.png
-1.02257490418,2.47485768181,-2.58525652769,-0.0,-0.0,1.0,-1.13346843139,0.719942605219,-1.61302577649,map_000000120.png
-1.02313618519,2.47566681789,-2.48298482067,-0.0,-0.0,1.0,-1.13346843139,0.719942605219,-1.61302577649,map_000000121.png
-1.02372874405,2.47636622987,-2.38463248193,-0.0,-0.0,1.0,-1.13346843139,0.719942605219,-1.61302577649,map_000000122.png
-1.02443529593,2.47704720264,-2.28235933553,-0.0,-0.0,1.0,-1.13346843139,0.719942605219,-1.61302577649,map_000000123.png
-1.02521106105,2.47765582049,-2.18008843651,-0.0,-0.0,1.0,-1.13346843139,0.719942605219,-1.61302577649,map_000000124.png
-1.02602616283,2.47817133255,-2.08175921155,-0.0,-0.0,1.0,-1.13346843139,0.719942605219,-1.61302577649,map_000000125.png
-1.02690149244,2.47861863562,-1.97948706129,-0.0,-0.0,1.0,-1.13346843139,0.719942605219,-1.61302577649,map_000000126.png
-1.02690149244,2.47861863562,-1.97948706129,-0.0,-0.0,1.0,-1.13346843139,0.719942605219,-1.61302577649,map_000000127.png
-1.02782424453,2.47895650586,-1.87721533336,-0.0,-0.0,1.0,-1.13346843139,0.719942605219,-1.61302577649,map_000000128.png
-1.02871618421,2.47919389037,-1.77886713717,-0.0,-0.0,1.0,-1.13346843139,0.719942605219,-1.61302577649,map_000000129.png
-1.02969910255,2.47935028482,-1.67660371082,-0.0,-0.0,0.744178593159,-1.13346843139,0.719942605219,-1.61302577649,map_000000130.png
-1.03061497916,2.47942254299,-1.58137930277,-0.0,-0.0,0.368991672993,-1.13346843139,0.719942605219,-1.61302577649,map_000000131.png
-1.03131681884,2.47940524239,-1.50968361606,-0.0,-0.0,-0.0,-1.13346843139,0.719942605219,-1.61302577649,map_000000132.png
-1.03167630299,2.47937465664,-1.47194727276,-0.0,-0.0,-0.0,-1.13346843139,0.719942605219,-1.61302577649,map_000000133.png
-1.03173322758,2.47937041627,-1.46614222502,-0.0,-0.0,-0.0,-1.13346843139,0.719942605219,-1.61302577649,map_000000134.png
-1.03173321924,2.4793704025,-1.46614224783,-0.0,-0.0,-0.0,-1.13346843139,0.719942605219,-1.61302577649,map_000000135.png
-1.03172395889,2.47936110454,-1.46613834811,-0.0,-0.0,-0.0,-1.13346843139,0.719942605219,-1.61302577649,map_000000136.png
-1.03173316039,2.47937034115,-1.46614227129,-0.0,-0.0,-0.0,-1.13346843139,0.719942605219,-1.61302577649,map_000000137.png
-1.03173315248,2.47937032772,-1.46614225663,-0.0,-0.0,-0.0,-1.13346843139,0.719942605219,-1.61302577649,map_000000138.png
-1.03174298954,2.47938020333,-1.46614636141,-0.0,-0.0,-0.0,-1.13346843139,0.719942605219,-1.61302577649,map_000000139.png
-1.03173125727,2.47936841428,-1.46614141457,-0.0,-0.0,-0.0,-1.13346843139,0.719942605219,-1.61302577649,map_000000140.png
-1.03173124925,2.47936840086,-1.46614141141,-0.0,-0.0,-0.0,-1.13346843139,0.719942605219,-1.61302577649,map_000000141.png
-1.03173124053,2.47936838751,-1.46614148303,-0.0,-0.0,-0.0,-1.13346843139,0.719942605219,-1.61302577649,map_000000142.png
-1.03173315294,2.47937029245,-1.46614227813,-0.0,-0.0,-0.0,-1.13346843139,0.719942605219,-1.61302577649,map_000000143.png
-1.03173314336,2.47937027918,-1.46614243875,0.252304136753,-0.0,-0.0,-1.13346843139,0.719942605219,-1.61302577649,map_000000144.png
-1.03172388742,2.47936098012,-1.46613801791,0.5,-0.0,-0.0,-1.13346843139,0.719942605219,-1.61302577649,map_000000145.png
-1.02899315762,2.45328510515,-1.46614259179,0.5,-0.0,-0.0,-1.13346843139,0.719942605219,-1.61302577649,map_000000146.png
-1.02428946866,2.40850415963,-1.46614266572,0.5,-0.0,-0.0,-1.13346843139,0.719942605219,-1.61302577649,map_000000147.png
-1.01886950758,2.35681994597,-1.46614736942,0.5,-0.0,-0.0,-1.13346843139,0.719942605219,-1.61302577649,map_000000148.png
-1.01342799863,2.30511405956,-1.46614248607,0.5,-0.0,-0.0,-1.13346843139,0.719942605219,-1.61302577649,map_000000149.png
-1.00820705796,2.25540835319,-1.46614268267,0.5,-0.0,-0.0,-1.13346843139,0.719942605219,-1.61302577649,map_000000150.png
-1.00277922324,2.2037167483,-1.46614375675,0.5,-0.0,-0.0,-1.13346843139,0.719942605219,-1.61302577649,map_000000151.png
-0.997340220758,2.15201335482,-1.46613961971,0.5,-0.0,-0.0,-1.13346843139,0.719942605219,-1.61302577649,map_000000152.png
-0.992119316866,2.10230764405,-1.46613972566,0.5,-0.0,-0.0,-1.13346843139,0.719942605219,-1.61302577649,map_000000153.png
-0.98669877795,2.05062306501,-1.46614437714,0.5,-0.0,-0.0,-1.13346843139,0.719942605219,-1.61302577649,map_000000154.png
-0.981278900521,1.99893884377,-1.46614937428,0.5,-0.0,-0.0,-1.13346843139,0.719942605219,-1.61302577649,map_000000155.png
-0.976058032316,1.9492331293,-1.46614939224,0.5,-0.0,-0.0,-1.13346843139,0.719942605219,-1.61302577649,map_000000156.png
-0.970616622864,1.89752723193,-1.466144342,0.5,-0.0,-0.0,-1.13346843139,0.719942605219,-1.61302577649,map_000000157.png
-0.965188874868,1.84583561777,-1.46614529835,0.5,-0.0,-0.0,-1.13346843139,0.719942605219,-1.61302577649,map_000000158.png
-0.959968037311,1.79612990036,-1.46614576727,0.5,-0.0,-0.0,-1.13346843139,0.719942605219,-1.61302577649,map_000000159.png
-0.954529137523,1.74442649523,-1.46614118133,0.5,-0.0,-0.0,-1.13346843139,0.719942605219,-1.61302577649,map_000000160.png
-0.949108680973,1.69274190788,-1.46614615342,0.5,-0.0,-0.0,-1.13346843139,0.719942605219,-1.61302577649,map_000000161.png
-0.943887883229,1.64303618638,-1.46614619379,0.5,-0.0,-0.0,-1.13346843139,0.719942605219,-1.61302577649,map_000000162.png
-0.93846810468,1.59135195367,-1.46615101146,0.38944670558,-0.0,-0.0,-1.13346843139,0.719942605219,-1.61302577649,map_000000163.png
-0.933119126315,1.54052534572,-1.46614601407,0.0796838253736,-0.0,-0.0,-1.13346843139,0.719942605219,-1.61302577649,map_000000164.png
-0.929052704582,1.50180988121,-1.46614615423,0.0796838253736,-0.0,-0.0,-1.13346843139,0.719942605219,-1.61302577649,map_000000165.png
-0.929052704582,1.50180988121,-1.46614615423,-0.0,-0.0,-0.0,-1.13346843139,0.719942605219,-1.61302577649,map_000000166.png
-0.927801188538,1.48987845023,-1.46614714761,-0.0,-0.0,-0.0,-1.13346843139,0.719942605219,-1.61302577649,map_000000167.png
-0.927525671884,1.48733422294,-1.4661428756,-0.0,-0.0,-0.0,-1.13346843139,0.719942605219,-1.61302577649,map_000000168.png
-0.927525671884,1.48733422294,-1.4661428756,-0.0,-0.0,-0.0,-1.13346843139,0.719942605219,-1.61302577649,map_000000169.png
-0.927534870632,1.48734346045,-1.46614714814,-0.0,-0.0,-0.0,-1.13346843139,0.719942605219,-1.61302577649,map_000000170.png
-0.927544709111,1.48735333595,-1.46615110263,-0.0,-0.0,-0.0270699188113,-1.13346843139,0.719942605219,-1.61302577649,map_000000171.png
-0.92754470106,1.48735332253,-1.46615110265,-0.0,-0.0,-0.0270699188113,-1.13346843139,0.719942605219,-1.61302577649,map_000000172.png
-0.927509450706,1.48734611828,-1.46880886547,-0.0,-0.0,-1.0,-1.13346843139,0.719942605219,-1.61302577649,map_000000173.png
-0.926712967255,1.48739607705,-1.55194374032,-0.0,-0.0,-1.0,-1.13346843139,0.719942605219,-1.61302577649,map_000000174.png
-0.925797218522,1.48738098953,-1.65029464668,-0.0,-0.0,-1.0,-1.13346843139,0.719942605219,-1.61302577649,map_000000175.png
-0.924817733479,1.48725243315,-1.75256440288,-0.0,-0.0,-0.0,-1.13346843139,0.719942605219,-1.61302577649,map_000000176.png
-0.924091956396,1.48708839549,-1.827289062,-0.0,-0.0,-0.0,-1.13346843139,0.719942605219,-1.61302577649,map_000000177.png
-0.924092042132,1.48708829238,-1.8272890308,-0.0,-0.0,-0.0,-1.13346843139,0.719942605219,-1.61302577649,map_000000178.png
-0.924091982905,1.48708823319,-1.8272890038,-0.0,-0.0,-0.0,-1.13346843139,0.719942605219,-1.61302577649,map_000000179.png
-0.924092025173,1.48708826738,-1.82728899008,-0.0,-0.0,-0.0,-1.13346843139,0.719942605219,-1.61302577649,map_000000180.png
-0.924082606862,1.4870788155,-1.82728383802,-0.0,-0.0,-0.0,-1.13346843139,0.719942605219,-1.61302577649,map_000000181.png
-0.924091957795,1.4870881971,-1.82728898686,-0.0,-0.0,-0.0,-1.13346843139,0.719942605219,-1.61302577649,map_000000182.png
-0.924091999755,1.48708823123,-1.82728900489,-0.0,-0.0,-0.0,-1.13346843139,0.719942605219,-1.61302577649,map_000000183.png
-0.92408258033,1.48707877953,-1.82728404439,0.169541761279,-0.0,-0.0,-1.13346843139,0.719942605219,-1.61302577649,map_000000184.png
-0.924091913719,1.48708812703,-1.82728872962,0.169541761279,-0.0,-0.0,-1.13346843139,0.719942605219,-1.61302577649,map_000000185.png
-0.928210112123,1.47134088721,-1.82728349309,0.450922429562,-0.0,-0.0,-1.13346843139,0.719942605219,-1.61302577649,map_000000186.png
-0.937941984313,1.43427923932,-1.82728823652,0.5,-0.0,-0.0,-1.13346843139,0.719942605219,-1.61302577649,map_000000187.png
-0.95058142215,1.38608643272,-1.82728760946,0.5,-0.0,-0.0,-1.13346843139,0.719942605219,-1.61302577649,map_000000188.png
-0.963768253299,1.33580579236,-1.82728677681,0.5,-0.0,-0.0,-1.13346843139,0.719942605219,-1.61302577649,map_000000189.png
-0.976448120756,1.28745817853,-1.82728590647,0.5,-0.0,-0.0,-1.13346843139,0.719942605219,-1.61302577649,map_000000190.png
-0.989625529661,1.23716853099,-1.82727983787,0.441480755806,-0.0,-0.0,-1.13346843139,0.719942605219,-1.61302577649,map_000000191.png
-1.00282178306,1.18689663302,-1.82728441851,0.441480755806,-0.0,-0.0,-1.13346843139,0.719942605219,-1.61302577649,map_000000192.png
-1.01425476095,1.14330337876,-1.82728383227,-0.0,-0.0,-0.0,-1.13346843139,0.719942605219,-1.61302577649,map_000000193.png
-1.01828513498,1.12793540914,-1.82728308458,-0.0,-0.0,-0.0,-1.13346843139,0.719942605219,-1.61302577649,map_000000194.png
-1.01828517711,1.12793544326,-1.82728308737,-0.0,-0.0,-0.0,-1.13346843139,0.719942605219,-1.61302577649,map_000000195.png
-1.01827575735,1.12792599144,-1.827278165,-0.0,-0.0,-0.0,-1.13346843139,0.719942605219,-1.61302577649,map_000000196.png
-1.01828509,1.12793533881,-1.82728303342,-0.0,-0.0,-0.0,-1.13346843139,0.719942605219,-1.61302577649,map_000000197.png
-1.01827574214,1.12792596673,-1.82727786554,-0.0,-0.0,-0.0,-1.13346843139,0.719942605219,-1.61302577649,map_000000198.png
-1.01828509309,1.12793534835,-1.82728301806,0.110431224108,-0.0,-0.0,-1.13346843139,0.719942605219,-1.61302577649,map_000000199.png
-1.02052548354,1.11939296839,-1.82728289825,0.408368170261,-0.0,-0.0,-1.13346843139,0.719942605219,-1.61302577649,map_000000200.png
-1.02797099271,1.09100302009,-1.82728239559,0.5,-0.0,-0.0,-1.13346843139,0.719942605219,-1.61302577649,map_000000201.png
-1.03925642618,1.04797153449,-1.82728150223,0.5,-0.0,-0.0,-1.13346843139,0.719942605219,-1.61302577649,map_000000202.png
-1.05243362541,0.99768183097,-1.82727538733,0.5,-0.0,-0.0,-1.13346843139,0.719942605219,-1.61302577649,map_000000203.png
-1.06562966606,0.947409877242,-1.8272804232,0.5,-0.0,-0.0,-1.13346843139,0.719942605219,-1.61302577649,map_000000204.png
-1.07830898492,0.899063536317,-1.827279544,0.5,-0.0,-0.0,-1.13346843139,0.719942605219,-1.61302577649,map_000000205.png
-1.09149541252,0.84878279014,-1.82727871084,0.5,-0.0,-0.0,-1.13346843139,0.719942605219,-1.61302577649,map_000000206.png
-1.09149541252,0.84878279014,-1.82727871084,0.5,-0.0,-0.0,-1.13346843139,0.719942605219,-1.61302577649,map_000000207.png
-1.10468199401,0.798501818985,-1.8272780135,0.12462233007,-0.0,-0.0,-1.13346843139,0.719942605219,-1.61302577649,map_000000208.png
-1.11675151416,0.752434622425,-1.82727161404,0.12462233007,-0.0,-0.0,-1.13346843139,0.719942605219,-1.61302577649,map_000000209.png
-1.12624493328,0.716280322725,-1.82727635358,-0.0,-0.0,-0.0,-1.13346843139,0.719942605219,-1.61302577649,map_000000210.png
