-2.83080716492,5.21856429347,2.83765719828,-0.0,-0.0,-0.0,6.15651537178,6.00134305469,0.374386424953,map_000000087.png
-2.830808939,5.21856605275,2.83765658118,-0.0,-0.0,-0.232955411077,6.15651537178,6.00134305469,0.374386424953,map_000000088.png
-2.83080717862,5.21856429851,2.83765715394,-0.0,-0.0,-0.232955411077,6.15651537178,6.00134305469,0.374386424953,map_000000089.png
-2.83086697,5.21838039374,2.81749902531,-0.0,-0.0,-0.548669397831,6.15651537178,6.00134305469,0.374386424953,map_000000090.png
-2.83101738264,5.21796387921,2.77132284564,-0.0,-0.0,-0.782021522522,6.15651537178,6.00134305469,0.374386424953,map_000000091.png
-2.8312539593,5.21738363543,2.70635693062,-0.0,-0.0,-1.0,6.15651537178,6.00134305469,0.374386424953,map_000000092.png
-2.83161130968,5.21668854428,2.61949591493,-0.0,-0.0,-1.0,6.15651537178,6.00134305469,0.374386424953,map_000000093.png
-2.83214301914,5.2158587347,2.51722446838,-0.0,-0.0,-1.0,6.15651537178,6.00134305469,0.374386424953,map_000000094.png
-2.83274074215,5.21510468169,2.41889363842,-0.0,-0.0,-1.0,6.15651537178,6.00134305469,0.374386424953,map_000000095.png
-2.83342452581,5.21440165379,2.3166201944,-0.0,-0.0,-1.0,6.15651537178,6.00134305469,0.374386424953,map_000000096.png
-2.83417902444,5.21376970464,2.21434843082,-0.0,-0.0,-1.0,6.15651537178,6.00134305469,0.374386424953,map_000000097.png
-2.83494198856,5.21324156072,2.11600136944,-0.0,-0.0,-1.0,6.15651537178,6.00134305469,0.374386424953,map_000000098.png
-2.83580645238,5.21277894474,2.0137282251,-0.0,-0.0,-1.0,6.15651537178,6.00134305469,0.374386424953,map_000000099.png
-2.83670729704,5.21239018794,1.91145549456,-0.0,-0.0,-1.0,6.15651537178,6.00134305469,0.374386424953,map_000000100.png
-2.83763487287,5.21211759664,1.81312745506,-0.0,-0.0,-1.0,6.15651537178,6.00134305469,0.374386424953,map_000000101.png
-2.83860754505,5.21191827654,1.71086130852,-0.0,-0.0,-1.0,6.15651537178,6.00134305469,0.374386424953,map_000000102.png
-2.83958165465,5.21182122726,1.60858993755,-0.0,-0.0,-1.0,6.15651537178,6.00134305469,0.374386424953,map_000000103.png
-2.84052979044,5.21183416402,1.51025390221,-0.0,-0.0,-1.0,6.15651537178,6.00134305469,0.374386424953,map_000000104.png
-2.84148550626,5.21193647403,1.40797206751,-0.0,-0.0,-1.0,6.15651537178,6.00134305469,0.374386424953,map_000000105.png
-2.84148550626,5.21193647403,1.40797206751,-0.0,-0.0,-1.0,6.15651537178,6.00134305469,0.374386424953,map_000000106.png
-2.84243777968,5.21213199203,1.3056951125,-0.0,-0.0,-1.0,6.15651537178,6.00134305469,0.374386424953,map_000000107.png
-2.84334722928,5.21241896116,1.20736093653,-0.0,-0.0,-1.0,6.15651537178,6.00134305469,0.374386424953,map_000000108.png
-2.84424960913,5.21282155189,1.10509092791,-0.0,-0.0,-1.0,6.15651537178,6.00134305469,0.374386424953,map_000000109.png
-2.84510397954,5.21329797244,1.00281641156,-0.0,-0.0,-1.0,6.15651537178,6.00134305469,0.374386424953,map_000000110.png
-2.84585692361,5.21382743808,0.904465718431,-0.0,-0.0,-1.0,6.15651537178,6.00134305469,0.374386424953,map_000000111.png
-2.84660834684,5.21447687368,0.802197964924,-0.0,-0.0,-1.0,6.15651537178,6.00134305469,0.374386424953,map_000000112.png
-2.8472826552,5.21519012641,0.699924680236,-0.0,-0.0,-1.0,6.15651537178,6.00134305469,0.374386424953,map_000000113.png
-2.84786084314,5.2159513416,0.601591241128,-0.0,-0.0,-0.0,6.15651537178,6.00134305469,0.374386424953,map_000000114.png
-2.84837257939,5.21676474001,0.503259834568,-0.0,-0.0,-0.0,6.15651537178,6.00134305469,0.374386424953,map_000000115.png
-2.84837767408,5.21677309552,0.503264447042,-0.0,-0.0,-0.0,6.15651537178,6.00134305469,0.374386424953,map_000000116.png
-2.84837766538,5.21677309055,0.503264451456,-0.0,-0.0,-0.0,6.15651537178,6.00134305469,0.374386424953,map_000000117.png
-2.84837694043,5.21677315019,0.503264242062,-0.0,-0.0,-0.0,6.15651537178,6.00134305469,0.374386424953,map_000000118.png
-2.84836738555,5.21676362577,0.503258138709,-0.0,-0.0,-0.0,6.15651537178,6.00134305469,0.374386424953,map_000000119.png
-2.84836737773,5.21676361903,0.503258404399,-0.0,-0.0,-0.0,6.15651537178,6.00134305469,0.374386424953,map_000000120.png
-2.8483768665,5.21677308713,0.503264295838,-0.0,-0.0,-0.0,6.15651537178,6.00134305469,0.374386424953,map_000000121.png
-2.84837765081,5.21677305808,0.503264726942,-0.0,-0.0,-0.0,6.15651537178,6.00134305469,0.374386424953,map_000000122.png
-2.84837764387,5.21677305532,0.503264408476,-0.0,-0.0,-0.0,6.15651537178,6.00134305469,0.374386424953,map_000000123.png
-2.84837763588,5.21677304797,0.503264630433,-0.0,-0.0,-0.0,6.15651537178,6.00134305469,0.374386424953,map_000000124.png
-2.84837760309,5.216773045,0.503264552869,-0.0,-0.0,-0.0,6.15651537178,6.00134305469,0.374386424953,map_000000125.png
-2.84837759575,5.21677304035,0.503264496693,-0.0,-0.0,-0.0,6.15651537178,6.00134305469,0.374386424953,map_000000126.png
-2.84837687021,5.2167730984,0.503264434045,-0.0,-0.0,-0.0,6.15651537178,6.00134305469,0.374386424953,map_000000127.png
-2.84836731564,5.21676357401,0.503258403415,-0.0,-0.0,-0.0,6.15651537178,6.00134305469,0.374386424953,map_000000128.png
-2.848367308,5.21676356828,0.503258458263,-0.0,-0.0,-0.0,6.15651537178,6.00134305469,0.374386424953,map_000000129.png
-2.84837679677,5.21677303627,0.503264379471,-0.0,-0.0,-0.0,6.15651537178,6.00134305469,0.374386424953,map_000000130.png
-2.84837758168,5.21677300989,0.503264493942,-0.0,-0.0,-0.0,6.15651537178,6.00134305469,0.374386424953,map_000000131.png
-2.84837757362,5.21677300181,0.503264800343,0.0442251339555,-0.0,-0.0,6.15651537178,6.00134305469,0.374386424953,map_000000132.png
-2.84744801453,5.21728475056,0.503264583749,0.242843404412,-0.0914716050029,-0.0,6.15651537178,6.00134305469,0.374386424953,map_000000133.png
-2.84167530416,5.21962748709,0.503264162125,0.5,-0.174233987927,-0.0,6.15651537178,6.00134305469,0.374386424953,map_000000134.png
-2.81599940633,5.22332514319,0.503262860701,0.5,-0.174233987927,-0.0,6.15651537178,6.00134305469,0.374386424953,map_000000135.png
-2.76595887741,5.23169340586,0.503253865498,0.5,-0.174233987927,-0.0,6.15651537178,6.00134305469,0.374386424953,map_000000136.png
-2.7116958534,5.24090451663,0.50325699493,0.5,-0.174233987927,-0.0,6.15651537178,6.00134305469,0.374386424953,map_000000137.png
-2.65951047143,5.24975216639,0.503254171615,0.5,-0.174233987927,-0.0,6.15651537178,6.00134305469,0.374386424953,map_000000138.png
-2.60523841529,5.25895355532,0.503251693388,0.5,-0.174233987927,-0.0,6.15651537178,6.00134305469,0.374386424953,map_000000139.png
-2.55096480226,5.2681549281,0.503248791824,0.5,-0.174233987927,-0.0,6.15651537178,6.00134305469,0.374386424953,map_000000140.png
-2.49877934273,5.27700212717,0.503245951113,0.5,-0.174233987927,-0.0,6.15651537178,6.00134305469,0.374386424953,map_000000141.png
-2.44450628136,5.28620302634,0.503242965048,0.5,-0.174233987927,-0.0,6.15651537178,6.00134305469,0.374386424953,map_000000142.png
-2.3902237538,5.29539431442,0.503233436986,0.5,-0.174233987927,-0.0,6.15651537178,6.00134305469,0.374386424953,map_000000143.png
-2.33803821936,5.30424106267,0.503230954226,0.5,-0.174233987927,-0.0,6.15651537178,6.00134305469,0.374386424953,map_000000144.png
-2.28377498406,5.31345092891,0.503234056428,0.5,-0.174233987927,-0.0,6.15651537178,6.00134305469,0.374386424953,map_000000145.png
-2.28377498406,5.31345092891,0.503234056428,0.5,-0.174233987927,-0.0,6.15651537178,6.00134305469,0.374386424953,map_000000146.png
-2.22950274397,5.32265122705,0.503231526606,0.5,-0.160042881966,-0.0,6.15651537178,6.00134305469,0.374386424953,map_000000147.png
-2.17734449811,5.33154723889,0.503228655235,0.5,-0.160042881966,-0.0,6.15651537178,6.00134305469,0.374386424953,map_000000148.png
-2.12378217858,5.34203984066,0.503225944452,0.5,-0.160042881966,-0.0,6.15651537178,6.00134305469,0.374386424953,map_000000149.png
-2.07022041752,5.35253209417,0.503222940336,0.5,-0.126949369907,-0.0,6.15651537178,6.00134305469,0.374386424953,map_000000150.png
-2.01980370788,5.36459140796,0.50322030603,0.5,-0.126949369907,-0.0,6.15651537178,6.00134305469,0.374386424953,map_000000151.png
-1.96789163222,5.37808794273,0.503211114479,0.5,-0.126949369907,-0.0,6.15651537178,6.00134305469,0.374386424953,map_000000152.png
-1.91599885421,5.39160320632,0.503214626087,0.5,-0.126949369907,-0.0,6.15651537178,6.00134305469,0.374386424953,map_000000153.png
-1.86609255423,5.40458949714,0.503212052679,0.5,-0.126949369907,-0.0,6.15651537178,6.00134305469,0.374386424953,map_000000154.png
-1.81419073748,5.4180950995,0.503209764654,0.5,-0.126949369907,-0.0,6.15651537178,6.00134305469,0.374386424953,map_000000155.png
-1.7622873845,5.43160075347,0.503207113413,0.5,-0.126949369907,-0.0,6.15651537178,6.00134305469,0.374386424953,map_000000156.png
-1.71238098246,5.44458664879,0.503204476134,0.5,-0.110393077135,-0.0,6.15651537178,6.00134305469,0.374386424953,map_000000157.png
-1.66095697627,5.45896169363,0.503201739393,0.5,-0.103297524154,-0.0,6.15651537178,6.00134305469,0.374386424953,map_000000158.png
-1.61002518927,5.47423856563,0.503192717406,0.5,-0.103297524154,-0.0,6.15651537178,6.00134305469,0.374386424953,map_000000159.png
-1.56125884036,5.48929534677,0.503190405723,0.5,-0.103297524154,-0.0,6.15651537178,6.00134305469,0.374386424953,map_000000160.png
-1.5105515317,5.50496364793,0.503193759229,0.5,-0.103297524154,-0.0,6.15651537178,6.00134305469,0.374386424953,map_000000161.png
-1.45983521978,5.52062243967,0.503191541539,0.5,-0.103297524154,-0.0,6.15651537178,6.00134305469,0.374386424953,map_000000162.png
-1.41106875669,5.53567884873,0.50318921451,0.5,-0.103297524154,-0.0,6.15651537178,6.00134305469,0.374386424953,map_000000163.png
-1.36230225546,5.55073513616,0.503186698627,0.5,-0.103297524154,-0.0,6.15651537178,6.00134305469,0.374386424953,map_000000164.png
-1.31158434281,5.56639376772,0.50318404176,0.5,-0.103297524154,-0.0,6.15651537178,6.00134305469,0.374386424953,map_000000165.png
-1.2628177654,5.58144980831,0.503181603429,0.5,-0.103297524154,-0.0,6.15651537178,6.00134305469,0.374386424953,map_000000166.png
-1.21210029328,5.59710785876,0.503178809844,0.5,-0.103297524154,-0.0,6.15651537178,6.00134305469,0.374386424953,map_000000167.png
-1.16137337672,5.61275639794,0.503169890821,0.5,-0.103297524154,-0.0,6.15651537178,6.00134305469,0.374386424953,map_000000168.png
-1.11260668565,5.62781206972,0.503167127162,0.5,-0.103297524154,-0.0,6.15651537178,6.00134305469,0.374386424953,map_000000169.png
-1.06189901795,5.6434792077,0.503170962397,0.5,-0.103297524154,-0.0,6.15651537178,6.00134305469,0.374386424953,map_000000170.png
-1.01118234866,5.65913684135,0.503168859823,0.5,-0.103297524154,-0.0,6.15651537178,6.00134305469,0.374386424953,map_000000171.png
-0.962415541698,5.67419213756,0.503166259397,0.5,-0.0536477230489,-0.0,6.15651537178,6.00134305469,0.374386424953,map_000000172.png
-0.912080256801,5.69054548055,0.503163717057,0.5,-0.0536477230489,-0.0,6.15651537178,6.00134305469,0.374386424953,map_000000173.png
-0.863851464307,5.71072459903,0.503161249713,0.5,-0.0536477230489,-0.0,6.15651537178,6.00134305469,0.374386424953,map_000000174.png
-0.817477791585,5.73012764204,0.503158938999,0.5,-0.0536477230489,-0.0,6.15651537178,6.00134305469,0.374386424953,map_000000175.png
-0.769239529363,5.75029721591,0.503149842956,0.5,-0.0536477230489,-0.0,6.15651537178,6.00134305469,0.374386424953,map_000000176.png
-0.721020536618,5.77048550821,0.503154004042,0.5,-0.0536477230489,-0.0,6.15651537178,6.00134305469,0.374386424953,map_000000177.png
-0.674646727335,5.78988822615,0.503151712251,0.5,-0.0536477230489,-0.0,6.15651537178,6.00134305469,0.374386424953,map_000000178.png
-0.62641869099,5.81006694503,0.503149908951,0.5,-0.0536477230489,-0.0,6.15651537178,6.00134305469,0.374386424953,map_000000179.png
-0.578189156665,5.83024582759,0.503147435795,0.5,-0.0536477230489,-0.0,6.15651537178,6.00134305469,0.374386424953,map_000000180.png
-0.531815213595,5.84964822526,0.503145161987,0.5,-0.0536477230489,-0.0,6.15651537178,6.00134305469,0.374386424953,map_000000181.png
-0.483586046437,5.86982644739,0.503142684795,0.5,-0.0536477230489,-0.0,6.15651537178,6.00134305469,0.374386424953,map_000000182.png
-0.435347456551,5.88999523637,0.503133700612,0.5,-0.0536477230489,-0.0,6.15651537178,6.00134305469,0.374386424953,map_000000183.png
-0.388973377163,5.90939730791,0.503131473048,0.5,-0.0938367843628,-0.0,6.15651537178,6.00134305469,0.374386424953,map_000000184.png
-0.388973377163,5.90939730791,0.503131473048,0.5,-0.115123450756,-0.0,6.15651537178,6.00134305469,0.374386424953,map_000000185.png
-0.339979158333,5.92817685795,0.503135380727,0.5,-0.115123450756,-0.0,6.15651537178,6.00134305469,0.374386424953,map_000000186.png
-0.289530978895,5.94432152654,0.503133357249,0.5,-0.136410102248,-0.0,6.15651537178,6.00134305469,0.374386424953,map_000000187.png
-0.240193627323,5.95833941381,0.503130649892,0.5,-0.136410102248,-0.0,6.15651537178,6.00134305469,0.374386424953,map_000000188.png
-0.187897039438,5.97112840979,0.503127981883,0.5,-0.136410102248,-0.0,6.15651537178,6.00134305469,0.374386424953,map_000000189.png
-0.135518892304,5.98376787393,0.503125081264,0.5,-0.136410102248,-0.0,6.15651537178,6.00134305469,0.374386424953,map_000000190.png
-0.0851554269878,5.99592113547,0.503122487889,0.5,-0.136410102248,-0.0,6.15651537178,6.00134305469,0.374386424953,map_000000191.png
-0.0327677922241,6.00855090598,0.503113353958,0.5,-0.136410102248,-0.0,6.15651537178,6.00134305469,0.374386424953,map_000000192.png
0.0196005414008,6.02119940216,0.503116739542,0.5,-0.136410102248,-0.0,6.15651537178,6.00134305469,0.374386424953,map_000000193.png
0.0699641059758,6.03335226023,0.503114028814,0.5,-0.136410102248,-0.0,6.15651537178,6.00134305469,0.374386424953,map_000000194.png
0.122341478716,6.04599108051,0.503111906505,0.5,-0.136410102248,-0.0,6.15651537178,6.00134305469,0.374386424953,map_000000195.png
0.174720389698,6.05862994617,0.503109009072,0.5,-0.136410102248,-0.0,6.15651537178,6.00134305469,0.374386424953,map_000000196.png
0.225084052854,6.07078239358,0.50310643532,0.5,-0.136410102248,-0.0,6.15651537178,6.00134305469,0.374386424953,map_000000197.png
0.277462472424,6.08342072847,0.503103485234,0.5,-0.136410102248,-0.0,6.15651537178,6.00134305469,0.374386424953,map_000000198.png
0.329850347153,6.09604950426,0.503094441482,0.5,-0.136410102248,-0.0,6.15651537178,6.00134305469,0.374386424953,map_000000199.png
0.380214109283,6.10820154617,0.503091709964,0.5,-0.136410102248,-0.0,6.15651537178,6.00134305469,0.374386424953,map_000000200.png
0.432582715275,6.12084891314,0.503095148822,0.5,-0.136410102248,-0.0,6.15651537178,6.00134305469,0.374386424953,map_000000201.png
0.484960326262,6.13348674569,0.503092921304,0.5,-0.136410102248,-0.0,6.15651537178,6.00134305469,0.374386424953,map_000000202.png
0.535324186814,6.14563837788,0.503090130992,0.5,-0.136410102248,-0.0,6.15651537178,6.00134305469,0.374386424953,map_000000203.png
0.585688078864,6.15778987867,0.503087563125,0.5,-0.136410102248,-0.0,6.15651537178,6.00134305469,0.374386424953,map_000000204.png
0.638067296786,6.17042747321,0.503084852079,0.5,-0.136410102248,-0.0,6.15651537178,6.00134305469,0.374386424953,map_000000205.png
0.68843125425,6.18257870437,0.50308219267,0.5,-0.136410102248,-0.0,6.15651537178,6.00134305469,0.374386424953,map_000000206.png
0.740809980334,6.19521577033,0.503079338994,0.5,-0.136410102248,-0.0,6.15651537178,6.00134305469,0.374386424953,map_000000207.png
0.793198160925,6.20784328218,0.503070154028,0.5,-0.136410102248,-0.0,6.15651537178,6.00134305469,0.374386424953,map_000000208.png
0.843562216444,6.21999410216,0.503067758773,0.5,-0.136410102248,-0.0,6.15651537178,6.00134305469,0.374386424953,map_000000209.png
0.89593112858,6.23264020456,0.503070948784,0.5,-0.136410102248,-0.0,6.15651537178,6.00134305469,0.374386424953,map_000000210.png
0.948309044717,6.24527677028,0.503068493344,0.5,-0.136410102248,-0.0,6.15651537178,6.00134305469,0.374386424953,map_000000211.png
0.998673199673,6.25742718376,0.50306600868,0.5,-0.136410102248,-0.0,6.15651537178,6.00134305469,0.374386424953,map_000000212.png
1.05105269035,6.27006364897,0.503063303566,0.5,-0.136410102248,-0.0,6.15651537178,6.00134305469,0.374386424953,map_000000213.png
1.10343165603,6.28269972461,0.503060463674,0.5,-0.136410102248,-0.0,6.15651537178,6.00134305469,0.374386424953,map_000000214.png
1.15379590826,6.29484973016,0.503057805847,0.5,-0.136410102248,-0.0,6.15651537178,6.00134305469,0.374386424953,map_000000215.png
1.20618436076,6.30747611249,0.503048680077,0.5,-0.136410102248,-0.0,6.15651537178,6.00134305469,0.374386424953,map_000000216.png
1.25855351168,6.32012122118,0.503052021141,0.5,-0.136410102248,-0.0,6.15651537178,6.00134305469,0.374386424953,map_000000217.png
1.30891786252,6.33227082053,0.503049357011,0.5,-0.136410102248,-0.0,6.15651537178,6.00134305469,0.374386424953,map_000000218.png
1.36129605179,6.3449062561,0.503047077526,0.5,-0.136410102248,-0.0,6.15651537178,6.00134305469,0.374386424953,map_000000219.png
1.41367578178,6.35754173169,0.503044336803,0.5,-0.136410102248,-0.0,6.15651537178,6.00134305469,0.374386424953,map_000000220.png
1.46404023105,6.36969091973,0.503041774999,0.5,-0.136410102248,-0.0,6.15651537178,6.00134305469,0.374386424953,map_000000221.png
1.51641946867,6.3823258663,0.503038924753,0.5,-0.136410102248,-0.0,6.15651537178,6.00134305469,0.374386424953,map_000000222.png
1.56880815933,6.39495125671,0.503029500945,0.5,-0.136410102248,-0.0,6.15651537178,6.00134305469,0.374386424953,map_000000223.png
1.61917270692,6.40710003899,0.503027089569,0.5,-0.136410102248,-0.0591143518686,6.15651537178,6.00134305469,0.374386424953,map_000000224.png
1.61917270692,6.40710003899,0.503027089569,0.5,-0.136410102248,-0.498351991177,6.15651537178,6.00134305469,0.374386424953,map_000000225.png
1.67153633352,6.41974652761,0.501170585553,0.5,-0.136410102248,-0.498351991177,6.15651537178,6.00134305469,0.374386424953,map_000000226.png
1.72392474887,6.43221508525,0.489939764977,0.5,-0.136410102248,-0.928434073925,6.15651537178,6.00134305469,0.374386424953,map_000000227.png
1.77449045406,6.44292301961,0.440930179146,0.5,-0.136410102248,-0.928434073925,6.15651537178,6.00134305469,0.374386424953,map_000000228.png
1.82755387294,6.45082163262,0.349363425241,0.5,-0.136410102248,-1.0,6.15651537178,6.00134305469,0.374386424953,map_000000229.png
1.8811035229,6.45363956274,0.248784593035,0.5,-0.136410102248,-0.0,6.15651537178,6.00134305469,0.374386424953,map_000000230.png
1.93274088007,6.45145390433,0.205528294023,0.5,-0.136410102248,-0.0,6.15651537178,6.00134305469,0.374386424953,map_000000231.png
1.98651752298,6.44817954181,0.205525476002,0.5,-0.136410102248,-0.0,6.15651537178,6.00134305469,0.374386424953,map_000000232.png
2.04028384801,6.44489521065,0.205519096792,0.5,-0.136410102248,-0.0,6.15651537178,6.00134305469,0.374386424953,map_000000233.png
2.09200386586,6.44175819301,0.205521502337,0.5,-0.136410102248,-0.0,6.15651537178,6.00134305469,0.374386424953,map_000000234.png
2.14578769386,6.43847241464,0.205513000174,0.5,-0.136410102248,-0.0,6.15651537178,6.00134305469,0.374386424953,map_000000235.png
2.19955425671,6.43520691413,0.20551581238,0.5,-0.136410102248,-0.0,6.15651537178,6.00134305469,0.374386424953,map_000000236.png
2.25125260283,6.43204797744,0.205509332632,0.5,-0.136410102248,-0.0,6.15651537178,6.00134305469,0.374386424953,map_000000237.png
2.30503873052,6.42878277987,0.205511185681,0.5,-0.136410102248,-0.0,6.15651537178,6.00134305469,0.374386424953,map_000000238.png
2.35881530065,6.42550749305,0.205508342962,0.5,-0.136410102248,-0.0,6.15651537178,6.00134305469,0.374386424953,map_000000239.png
2.41052291854,6.4223581361,0.205506017476,0.5,-0.136410102248,-0.0,6.15651537178,6.00134305469,0.374386424953,map_000000240.png
2.46430153292,6.4190843375,0.205504476321,0.5,-0.136410102248,-0.0,6.15651537178,6.00134305469,0.374386424953,map_000000241.png
2.51808530618,6.41579763907,0.205495893171,0.5,-0.136410102248,-0.0,6.15651537178,6.00134305469,0.374386424953,map_000000242.png
2.5697838707,6.41265716918,0.205498653274,0.5,-0.136410102248,-0.0,6.15651537178,6.00134305469,0.374386424953,map_000000243.png
2.62149145863,6.40950730854,0.205496485061,0.5,-0.136410102248,-0.0,6.15651537178,6.00134305469,0.374386424953,map_000000244.png
2.67527003975,6.40623299003,0.205494741527,0.5,-0.136410102248,-0.0591143518686,6.15651537178,6.00134305469,0.374386424953,map_000000245.png
2.7269751297,6.40308579839,0.204560805291,0.5,-0.136410102248,-1.0,6.15651537178,6.00134305469,0.374386424953,map_000000246.png
2.7807191089,6.39965078802,0.198510178247,0.5,-0.136410102248,-1.0,6.15651537178,6.00134305469,0.374386424953,map_000000247.png
2.83409566712,6.39431157194,0.096232278843,0.5,-0.136410102248,-1.0,6.15651537178,6.00134305469,0.374386424953,map_000000248.png
2.88462459223,6.38408736777,-0.002100180823,0.5,-0.136410102248,-0.0,6.15651537178,6.00134305469,0.374386424953,map_000000249.png
2.93610035128,6.36860164632,-0.0414212961895,0.5,-0.136410102248,-0.0,6.15651537178,6.00134305469,0.374386424953,map_000000250.png
2.98744735077,6.35228291354,-0.0414226326525,0.5,-0.136410102248,-0.0,6.15651537178,6.00134305469,0.374386424953,map_000000251.png
3.03681474643,6.3365882699,-0.0414258223757,0.5,-0.136410102248,-0.0,6.15651537178,6.00134305469,0.374386424953,map_000000252.png
3.08815945806,6.32026747144,-0.041428539327,0.5,-0.136410102248,-0.0,6.15651537178,6.00134305469,0.374386424953,map_000000253.png
3.13949389377,6.3039368446,-0.0414361775069,0.5,-0.136410102248,-0.0,6.15651537178,6.00134305469,0.374386424953,map_000000254.png
3.18887558648,6.28825529721,-0.0414320589275,0.5,-0.136410102248,-0.0,6.15651537178,6.00134305469,0.374386424953,map_000000255.png
3.24022715311,6.27192314775,-0.0414394715939,0.5,-0.136410102248,-0.0,6.15651537178,6.00134305469,0.374386424953,map_000000256.png
3.29156181878,6.25561131278,-0.0414379424308,0.5,-0.136410102248,-0.0,6.15651537178,6.00134305469,0.374386424953,map_000000257.png
3.34092167834,6.23990780853,-0.0414455129204,0.5,-0.136410102248,-0.0,6.15651537178,6.00134305469,0.374386424953,map_000000258.png
3.39227567685,6.22359627569,-0.0414423170097,0.5,-0.136410102248,0.0715887919068,6.15651537178,6.00134305469,0.374386424953,map_000000259.png
3.44362012047,6.20727463198,-0.041445001971,0.5,-0.136410102248,0.950064063072,6.15651537178,6.00134305469,0.374386424953,map_000000260.png
3.49304166452,6.19167945144,-0.0344095692113,0.5,-0.136410102248,0.950064063072,6.15651537178,6.00134305469,0.374386424953,map_000000261.png
3.54496255365,6.17658774812,0.045475670269,0.5,-0.136410102248,1.0,6.15651537178,6.00134305469,0.374386424953,map_000000262.png
3.59811018646,6.16636271737,0.145787338176,0.5,-0.136410102248,-0.0,6.15651537178,6.00134305469,0.374386424953,map_000000263.png
3.64984415412,6.16156818699,0.200837438758,0.5,-0.136410102248,-0.0,6.15651537178,6.00134305469,0.374386424953,map_000000264.png
3.64984415412,6.16156818699,0.200837438758,0.5,-0.136410102248,-0.0,6.15651537178,6.00134305469,0.374386424953,map_000000265.png
3.70359456712,6.15803179325,0.200830955487,0.5,-0.136410102248,-0.0,6.15651537178,6.00134305469,0.374386424953,map_000000266.png
3.75736478409,6.1545150484,0.200832805266,0.5,-0.136410102248,-0.0,6.15651537178,6.00134305469,0.374386424953,map_000000267.png
3.80906713962,6.15111455467,0.200824968387,0.5,-0.136410102248,-0.0,6.15651537178,6.00134305469,0.374386424953,map_000000268.png
3.8628177623,6.14759698395,0.200827836098,0.5,-0.136410102248,-0.0,6.15651537178,6.00134305469,0.374386424953,map_000000269.png
3.91658046578,6.14407164069,0.200826019507,0.5,-0.136410102248,-0.0,6.15651537178,6.00134305469,0.374386424953,map_000000270.png
3.96827096024,6.14067840606,0.200823123855,0.5,-0.136410102248,-0.0,6.15651537178,6.00134305469,0.374386424953,map_000000271.png
4.02203158469,6.13715104965,0.200820293297,0.5,-0.136410102248,-0.178060248494,6.15651537178,6.00134305469,0.374386424953,map_000000272.png
4.07578672095,6.13364127039,0.198017052159,0.5,-0.136410102248,-1.0,6.15651537178,6.00134305469,0.374386424953,map_000000273.png
4.12742269513,6.12982422879,0.180501559434,0.5,-0.136410102248,-0.0,6.15651537178,6.00134305469,0.374386424953,map_000000274.png
4.1810226838,6.12491541546,0.162296778397,0.5,-0.136410102248,-0.0,6.15651537178,6.00134305469,0.374386424953,map_000000275.png
4.23450732889,6.11870459227,0.145855233253,0.5,-0.136410102248,-0.0,6.15651537178,6.00134305469,0.374386424953,map_000000276.png
4.28592455665,6.112487725,0.145854753441,0.5,-0.136410102248,-0.0,6.15651537178,6.00134305469,0.374386424953,map_000000277.png
4.33940851896,6.10601214479,0.14584882742,0.5,-0.136410102248,-0.0,6.15651537178,6.00134305469,0.374386424953,map_000000278.png
4.39289244433,6.09953624967,0.145842928616,0.5,-0.136410102248,-0.0,6.15651537178,6.00134305469,0.374386424953,map_000000279.png
4.44432895944,6.09329977459,0.145832228045,0.5,-0.136410102248,-0.0,6.15651537178,6.00134305469,0.374386424953,map_000000280.png
4.49781280972,6.08682325952,0.145826542375,0.5,-0.136410102248,-0.0,6.15651537178,6.00134305469,0.374386424953,map_000000281.png
4.55129662317,6.08034643684,0.145820055014,0.5,-0.136410102248,-0.0,6.15651537178,6.00134305469,0.374386424953,map_000000282.png
4.60271362942,6.07412777258,0.145819840995,0.5,-0.136410102248,-0.0,6.15651537178,6.00134305469,0.374386424953,map_000000283.png
4.65414999981,6.06789010661,0.145809344192,0.5,-0.136410102248,-0.0,6.15651537178,6.00134305469,0.374386424953,map_000000284.png
4.7076337013,6.06141236004,0.145803117575,0.5,-0.136410102248,-0.0,6.15651537178,6.00134305469,0.374386424953,map_000000285.png
4.75905060093,6.05519281307,0.145802597793,0.5,-0.136410102248,-0.0,6.15651537178,6.00134305469,0.374386424953,map_000000286.png
4.81253422676,6.04871444605,0.145796696964,0.5,-0.136410102248,-0.0,6.15651537178,6.00134305469,0.374386424953,map_000000287.png
4.86601781504,6.04223576386,0.145790855998,0.5,-0.136410102248,-0.0,6.15651537178,6.00134305469,0.374386424953,map_000000288.png
4.91745400431,6.03599660696,0.145780357398,0.446192055941,-0.136410102248,-0.0,6.15651537178,6.00134305469,0.374386424953,map_000000289.png
4.96795767158,6.02907980429,0.145774827858,-0.0,-0.0,-0.0,6.15651537178,6.00134305469,0.374386424953,map_000000290.png
4.99746507888,6.02459237884,0.145771339527,-0.0,-0.0,-0.0,6.15651537178,6.00134305469,0.374386424953,map_000000291.png
4.99745572833,6.0246016871,0.145776261358,-0.0,-0.0,-0.0,6.15651537178,6.00134305469,0.374386424953,map_000000292.png
4.99745576935,6.0246016508,0.145776253953,-0.0,-0.0,-0.0,6.15651537178,6.00134305469,0.374386424953,map_000000293.png
4.99745581042,6.02460161412,0.145776282926,-0.0,-0.0,-0.0,6.15651537178,6.00134305469,0.374386424953,map_000000294.png
4.99746523988,6.02459223622,0.145771323581,-0.0,-0.0,-0.0,6.15651537178,6.00134305469,0.374386424953,map_000000295.png
4.99746528055,6.02459219752,0.145771651727,-0.0,-0.0,-0.0,6.15651537178,6.00134305469,0.374386424953,map_000000296.png
4.99746532193,6.02459216355,0.145771313305,-0.0,-0.0,-0.0,6.15651537178,6.00134305469,0.374386424953,map_000000297.png
4.99745597138,6.02460147156,0.145776264508,-0.0,-0.0,-0.0,6.15651537178,6.00134305469,0.374386424953,map_000000298.png
4.99745601233,6.0246014356,0.145776225622,-0.0,-0.0,-0.0,6.15651537178,6.00134305469,0.374386424953,map_000000299.png
4.99745605341,6.02460139889,0.145776257478,-0.0,-0.0,-0.0,6.15651537178,6.00134305469,0.374386424953,map_000000300.png
4.9974654829,6.02459202072,0.145771324714,-0.0,-0.0,-0.0,6.15651537178,6.00134305469,0.374386424953,map_000000301.png
4.99746552388,6.02459198471,0.145771287781,0.0371295809746,-0.0,-0.0,6.15651537178,6.00134305469,0.374386424953,map_000000302.png
4.99952177699,6.02489383743,0.145770704015,0.245208591223,-0.214442119002,-0.0,6.15651537178,6.00134305469,0.374386424953,map_000000303.png
5.01171271999,6.01889555147,0.145775048241,0.252304136753,-0.467440575361,-0.0,6.15651537178,6.00134305469,0.374386424953,map_000000304.png
5.04086975172,5.9965565658,0.145773460695,0.259399712086,-0.467440575361,-0.0,6.15651537178,6.00134305469,0.374386424953,map_000000305.png
5.04086975172,5.9965565658,0.145773460695,0.259399712086,-0.467440575361,-0.0,6.15651537178,6.00134305469,0.374386424953,map_000000306.png
5.07387664643,5.95229106702,0.145773322932,0.259399712086,-0.467440575361,-0.0,6.15651537178,6.00134305469,0.374386424953,map_000000307.png
5.10632530511,5.90982151457,0.145768247809,0.259399712086,-0.467440575361,-0.0,6.15651537178,6.00134305469,0.374386424953,map_000000308.png
5.14006194294,5.86566314085,0.145768000186,-0.0,-0.0,-0.841494500637,6.15651537178,6.00134305469,0.374386424953,map_000000309.png
5.15296931791,5.84917713493,0.0928067263971,-0.0,-0.0,-1.0,6.15651537178,6.00134305469,0.374386424953,map_000000310.png
5.1529296686,5.85002784502,0.00319616990845,-0.0,-0.0,-1.0,6.15651537178,6.00134305469,0.374386424953,map_000000311.png
5.15298572667,5.85101197759,-0.099071012809,-0.0,-0.0,-0.0,6.15651537178,6.00134305469,0.374386424953,map_000000312.png
5.15311045493,5.85191849856,-0.193471536174,-0.0,-0.0,-0.0,6.15651537178,6.00134305469,0.374386424953,map_000000313.png
5.15310149948,5.85192761227,-0.193468308331,-0.0,-0.0,-0.0,6.15651537178,6.00134305469,0.374386424953,map_000000314.png
5.15309166693,5.85191780906,-0.193473716337,-0.0,-0.0,-0.0,6.15651537178,6.00134305469,0.374386424953,map_000000315.png
5.15310149216,5.85192763228,-0.193468254303,-0.0,-0.0,-0.0,6.15651537178,6.00134305469,0.374386424953,map_000000316.png
5.15311074131,5.8519184312,-0.193471855909,-0.0,-0.0,-0.0,6.15651537178,6.00134305469,0.374386424953,map_000000317.png
5.15310155925,5.85192761223,-0.193468129661,-0.0,-0.0,-0.0,6.15651537178,6.00134305469,0.374386424953,map_000000318.png
5.15310361816,5.85192964695,-0.193467149828,-0.0,-0.0,-0.0,6.15651537178,6.00134305469,0.374386424953,map_000000319.png
5.15310153762,5.85192761491,-0.193468234739,-0.0,-0.0,-0.0,6.15651537178,6.00134305469,0.374386424953,map_000000320.png
5.15310158051,5.85192758122,-0.19346824764,0.183732867241,-0.5,-0.0,6.15651537178,6.00134305469,0.374386424953,map_000000321.png
5.15982246627,5.80985730158,-0.193475532233,0.231017485261,-0.5,-0.0,6.15651537178,6.00134305469,0.374386424953,map_000000322.png
5.17084514349,5.75678420976,-0.19347016367,0.280686348677,-0.495822787285,-0.0,6.15651537178,6.00134305469,0.374386424953,map_000000323.png
5.18567712335,5.70310191107,-0.19347329944,0.304319143295,-0.474536120892,-0.0,6.15651537178,6.00134305469,0.374386424953,map_000000324.png
5.20494635634,5.647237899,-0.193475607232,-0.0,-0.0,-0.0,6.15651537178,6.00134305469,0.374386424953,map_000000325.png
5.22567684837,5.59484272871,-0.193477657531,-0.0,-0.0,-0.0,6.15651537178,6.00134305469,0.374386424953,map_000000326.png
5.22567890701,5.59484476213,-0.193476529816,-0.0,-0.0,-0.0,6.15651537178,6.00134305469,0.374386424953,map_000000327.png
5.22568606361,5.59483353074,-0.193480900676,-0.0,-0.0,-0.0,6.15651537178,6.00134305469,0.374386424953,map_000000328.png
5.22567686941,5.59484269681,-0.193477674241,-0.0,-0.0,-0.0,6.15651537178,6.00134305469,0.374386424953,map_000000329.png
5.22566703582,5.59483289384,-0.193483125189,-0.0,-0.0,-0.0,6.15651537178,6.00134305469,0.374386424953,map_000000330.png
5.22567686135,5.59484271746,-0.193477674022,-0.0,-0.0,-0.0,6.15651537178,6.00134305469,0.374386424953,map_000000331.png
5.22568610949,5.59483351405,-0.19348098133,-0.0,-0.0,-0.0,6.15651537178,6.00134305469,0.374386424953,map_000000332.png
5.22567692853,5.59484269787,-0.19347759896,-0.0,-0.0,-0.0,6.15651537178,6.00134305469,0.374386424953,map_000000333.png
5.22567898736,5.59484473232,-0.193476593751,-0.0,-0.0,-0.0,6.15651537178,6.00134305469,0.374386424953,map_000000334.png
5.22567690676,5.59484269981,-0.193477625891,-0.0,-0.0,-0.0,6.15651537178,6.00134305469,0.374386424953,map_000000335.png
5.22567694961,5.5948426659,-0.193477614096,-0.0,-0.0,-0.0,6.15651537178,6.00134305469,0.374386424953,map_000000336.png
5.22566711642,5.59483286287,-0.193483005714,-0.0,-0.0,-0.0,6.15651537178,6.00134305469,0.374386424953,map_000000337.png
5.22567903263,5.59484471357,-0.193476422258,-0.0,-0.0,-0.0,6.15651537178,6.00134305469,0.374386424953,map_000000338.png
5.2256861892,5.59483348205,-0.193480781338,-0.0,-0.0,-0.0,6.15651537178,6.00134305469,0.374386424953,map_000000339.png
5.22567700902,5.59484266841,-0.193477694969,-0.0,-0.0,-0.0,6.15651537178,6.00134305469,0.374386424953,map_000000340.png
5.22566716181,5.59483284542,-0.193482985456,0.0323992110789,-0.377582639456,-0.0,6.15651537178,6.00134305469,0.374386424953,map_000000341.png
5.22306668888,5.57074071571,-0.193478183367,0.0962401181459,-0.5,-0.0,6.15651537178,6.00134305469,0.374386424953,map_000000342.png
5.22085780261,5.5246925085,-0.193479427741,0.0205732900649,-0.0347262471914,-0.0,6.15651537178,6.00134305469,0.374386424953,map_000000343.png
5.22111409261,5.48698415454,-0.193480455179,-0.0,-0.0,-0.0,6.15651537178,6.00134305469,0.374386424953,map_000000344.png
5.22111409261,5.48698415454,-0.193480455179,-0.0,-0.0,-0.0,6.15651537178,6.00134305469,0.374386424953,map_000000345.png
5.2223587322,5.48348861847,-0.19347937199,-0.0,-0.0,-0.0,6.15651537178,6.00134305469,0.374386424953,map_000000346.png
5.22236588919,5.4834773883,-0.193483892435,-0.0,-0.0,-0.0,6.15651537178,6.00134305469,0.374386424953,map_000000347.png
5.22235669471,5.48348655391,-0.193480599068,-0.0,-0.0,-0.0,6.15651537178,6.00134305469,0.374386424953,map_000000348.png
5.22234686125,5.48347675095,-0.193486034597,-0.0,-0.0,-0.0,6.15651537178,6.00134305469,0.374386424953,map_000000349.png
5.22235668663,5.48348657442,-0.193480584659,-0.0,-0.0,-0.0,6.15651537178,6.00134305469,0.374386424953,map_000000350.png
5.22236593525,5.4834773719,-0.193484011614,-0.0,-0.0,-0.0,6.15651537178,6.00134305469,0.374386424953,map_000000351.png
5.22235675375,5.48348655449,-0.193480472762,-0.0,-0.0,-0.0,6.15651537178,6.00134305469,0.374386424953,map_000000352.png
5.22235881245,5.48348858796,-0.193479358052,-0.0,-0.0,-0.0,6.15651537178,6.00134305469,0.374386424953,map_000000353.png
5.22235673201,5.48348655667,-0.193480526362,-0.0,-0.0,-0.0,6.15651537178,6.00134305469,0.374386424953,map_000000354.png
5.22235677494,5.4834865232,-0.193480559972,-0.0,-0.5,-0.0,6.15651537178,6.00134305469,0.374386424953,map_000000355.png
5.21581256978,5.45012659993,-0.193486981173,-0.0,-0.5,-0.0,6.15651537178,6.00134305469,0.374386424953,map_000000356.png
5.2062149113,5.40109350034,-0.193481079308,-0.0,-0.5,-0.0,6.15651537178,6.00134305469,0.374386424953,map_000000357.png
5.19622807642,5.35007586614,-0.193486161123,0.0371295809746,-0.5,-0.0,6.15651537178,6.00134305469,0.374386424953,map_000000358.png
5.18666200346,5.29899335927,-0.193484399088,0.202654346824,-0.5,-0.0,6.15651537178,6.00134305469,0.374386424953,map_000000359.png
5.18068447281,5.24922501508,-0.193491366545,0.202654346824,-0.5,-0.0,6.15651537178,6.00134305469,0.374386424953,map_000000360.png
5.18942506328,5.19455954102,-0.193487281189,0.209749907255,-0.183694720268,-0.0,6.15651537178,6.00134305469,0.374386424953,map_000000361.png
5.20525348778,5.16297831288,-0.193488440086,-0.0,-0.0,-0.0,6.15651537178,6.00134305469,0.374386424953,map_000000362.png
5.21275274004,5.15327638428,-0.193488614074,-0.0,-0.0,-0.0,6.15651537178,6.00134305469,0.374386424953,map_000000363.png
5.2127428929,5.15326656345,-0.193494182742,-0.0,-0.0,-0.0,6.15651537178,6.00134305469,0.374386424953,map_000000364.png
5.21275271845,5.15327638724,-0.193488747295,-0.0,-0.0,-0.0,6.15651537178,6.00134305469,0.374386424953,map_000000365.png
5.21276196677,5.15326718417,-0.193492099965,-0.0,-0.0,-0.0,6.15651537178,6.00134305469,0.374386424953,map_000000366.png
5.21275278564,5.15327636758,-0.193488666732,-0.0,-0.0,-0.0,6.15651537178,6.00134305469,0.374386424953,map_000000367.png
5.21275484441,5.1532784016,-0.193487611403,-0.0,-0.0,-0.0,6.15651537178,6.00134305469,0.374386424953,map_000000368.png
5.21275276386,5.15327636952,-0.193488694189,-0.0,-0.0,-0.0,6.15651537178,6.00134305469,0.374386424953,map_000000369.png
5.21275280676,5.15327633594,-0.193488715429,-0.0,-0.0,-0.0,6.15651537178,6.00134305469,0.374386424953,map_000000370.png
5.21274297349,5.15326653249,-0.193494063217,-0.0,-0.0,-0.0,6.15651537178,6.00134305469,0.374386424953,map_000000371.png
5.21275488993,5.15327838407,-0.193487564658,-0.0,-0.0,-0.0,6.15651537178,6.00134305469,0.374386424953,map_000000372.png
5.21276204729,5.15326715396,-0.193492131133,-0.0,-0.0,-0.0,6.15651537178,6.00134305469,0.374386424953,map_000000373.png
5.21275286612,5.15327633812,-0.193488763105,-0.0,-0.0,-0.0,6.15651537178,6.00134305469,0.374386424953,map_000000374.png
5.21274301892,5.15326651515,-0.193494054713,-0.0,-0.0,-0.0,6.15651537178,6.00134305469,0.374386424953,map_000000375.png
5.21275284407,5.1532763386,-0.193488633924,-0.0,-0.0,-0.0,6.15651537178,6.00134305469,0.374386424953,map_000000376.png
5.21275288693,5.15327630484,-0.193488637343,-0.0,-0.0,-0.0,6.15651537178,6.00134305469,0.374386424953,map_000000377.png
5.21275291132,5.15327631944,-0.193488604125,-0.0,-0.0,-0.0,6.15651537178,6.00134305469,0.374386424953,map_000000378.png
5.21275497002,5.15327835248,-0.193487431416,-0.0,-0.0,-0.0,6.15651537178,6.00134305469,0.374386424953,map_000000379.png
5.212762127,5.15326712198,-0.193491933665,-0.0,-0.0,-0.0,6.15651537178,6.00134305469,0.374386424953,map_000000380.png
5.21275293238,5.15327628738,-0.193488609744,-0.0,-0.0,-0.0,6.15651537178,6.00134305469,0.374386424953,map_000000381.png
5.21274309887,5.15326648419,-0.193494021041,-0.0,-0.0,0.126522108912,6.15651537178,6.00134305469,0.374386424953,map_000000382.png
5.21274202428,5.15322006208,-0.187516875487,-0.0,-0.0,0.675550103188,6.15651537178,6.00134305469,0.374386424953,map_000000383.png
5.21270142833,5.15299257267,-0.162112855507,-0.0,-0.0,1.0,6.15651537178,6.00134305469,0.374386424953,map_000000384.png
5.21270142833,5.15299257267,-0.162112855507,-0.0,-0.0,1.0,6.15651537178,6.00134305469,0.374386424953,map_000000385.png
5.21261371537,5.15229621408,-0.0904807792567,-0.0,-0.0,1.0,6.15651537178,6.00134305469,0.374386424953,map_000000386.png
5.2125594656,5.15132806181,0.0117945636969,-0.0,-0.0,1.0,6.15651537178,6.00134305469,0.374386424953,map_000000387.png
5.21261623805,5.1503836095,0.110131622125,-0.0,-0.0,1.0,6.15651537178,6.00134305469,0.374386424953,map_000000388.png
5.21277058971,5.14941450187,0.212404203819,-0.0,-0.0,1.0,6.15651537178,6.00134305469,0.374386424953,map_000000389.png
5.2130151228,5.1484744199,0.314681346545,-0.0,-0.0,1.0,6.15651537178,6.00134305469,0.374386424953,map_000000390.png
5.21335101883,5.1476070544,0.413027128923,-0.0,-0.0,0.739600837231,6.15651537178,6.00134305469,0.374386424953,map_000000391.png
5.21376722695,5.14675218291,0.511198900755,-0.0,-0.0,0.108211003244,6.15651537178,6.00134305469,0.374386424953,map_000000392.png
5.21416710929,5.14610453837,0.586821796304,-0.0,-0.0,-0.0,6.15651537178,6.00134305469,0.374386424953,map_000000393.png
5.21423256527,5.14601162505,0.597456781384,-0.0,-0.0,-0.0,6.15651537178,6.00134305469,0.374386424953,map_000000394.png
5.21424047612,5.14599729479,0.600014301251,-0.0,-0.0,-0.0,6.15651537178,6.00134305469,0.374386424953,map_000000395.png
5.21423802915,5.1459997379,0.600015974845,-0.0,-0.0,0.0624332390726,6.15651537178,6.00134305469,0.374386424953,map_000000396.png
5.21425266676,5.14597837821,0.602717302721,-0.0,-0.0,0.506248652935,6.15651537178,6.00134305469,0.374386424953,map_000000397.png
5.21433164084,5.14585926302,0.619584924951,-0.0,-0.0,0.556604206562,6.15651537178,6.00134305469,0.374386424953,map_000000398.png
5.21464197815,5.14544515693,0.671745588556,-0.0,-0.0,-0.0,6.15651537178,6.00134305469,0.374386424953,map_000000399.png
5.214983348,5.14504245593,0.726478049119,-0.0,-0.0,-0.0,6.15651537178,6.00134305469,0.374386424953,map_000000400.png
5.21504208243,5.14497728455,0.73523350536,-0.0,-0.0,-0.0,6.15651537178,6.00134305469,0.374386424953,map_000000401.png
5.21503952251,5.14497984486,0.735235276288,-0.0,-0.0,-0.0,6.15651537178,6.00134305469,0.374386424953,map_000000402.png
5.21503953885,5.14497983713,0.735235409126,-0.0,-0.0,-0.0,6.15651537178,6.00134305469,0.374386424953,map_000000403.png
5.21503955385,5.14497983088,0.735235335099,-0.0,-0.0,-0.0,6.15651537178,6.00134305469,0.374386424953,map_000000404.png
5.21504921395,5.14497019116,0.735229012878,-0.0,-0.0,-0.0,6.15651537178,6.00134305469,0.374386424953,map_000000405.png
5.21504922898,5.14497018504,0.7352287447,-0.0,-0.0,-0.0,6.15651537178,6.00134305469,0.374386424953,map_000000406.png
5.21503963908,5.14497977895,0.735235256317,-0.0,-0.0,-0.0,6.15651537178,6.00134305469,0.374386424953,map_000000407.png
5.21503001862,5.14498940519,0.735241660869,-0.0,-0.0,-0.0865428596735,6.15651537178,6.00134305469,0.374386424953,map_000000408.png
5.21500945669,5.14501379213,0.730469717932,-0.0,-0.0,-0.260422080755,6.15651537178,6.00134305469,0.374386424953,map_000000409.png
5.21490943114,5.14512677822,0.714780231323,-0.0,-0.0,-0.0,6.15651537178,6.00134305469,0.374386424953,map_000000410.png
5.21477234194,5.1452862752,0.694300142573,-0.0,-0.0,-0.0,6.15651537178,6.00134305469,0.374386424953,map_000000411.png
5.21477236752,5.14528626703,0.694299862146,-0.0,-0.0,-0.0,6.15651537178,6.00134305469,0.374386424953,map_000000412.png
5.21478454415,5.14527411027,0.694292039909,-0.0,-0.0,-0.0,6.15651537178,6.00134305469,0.374386424953,map_000000413.png
5.21478201693,5.14527663579,0.694293710982,-0.0,-0.0,-0.0,6.15651537178,6.00134305469,0.374386424953,map_000000414.png
5.21478203296,5.14527662834,0.6942938114,0.1742721349,-0.0,-0.0,6.15651537178,6.00134305469,0.374386424953,map_000000415.png
5.22121752382,5.15061704442,0.694286544949,0.5,-0.0583780929446,-0.0,6.15651537178,6.00134305469,0.374386424953,map_000000416.png
5.24433234246,5.16744973736,0.694292093919,0.5,-0.0678197592497,-0.0,6.15651537178,6.00134305469,0.374386424953,map_000000417.png
5.28652370985,5.19488587666,0.694290021148,0.5,-0.0678197592497,-0.0,6.15651537178,6.00134305469,0.374386424953,map_000000418.png
5.33097107419,5.22273515693,0.694294792559,0.5,-0.0678197592497,-0.0,6.15651537178,6.00134305469,0.374386424953,map_000000419.png
5.37544030613,5.25056255644,0.694284041822,0.5,-0.0678197592497,-0.0,6.15651537178,6.00134305469,0.374386424953,map_000000420.png
5.41818740382,5.27733114185,0.694281862961,0.5,-0.0678197592497,-0.0,6.15651537178,6.00134305469,0.374386424953,map_000000421.png
5.462641532,5.30517265152,0.694281502654,0.5,-0.0678197592497,-0.0,6.15651537178,6.00134305469,0.374386424953,map_000000422.png
5.50710842144,5.33300228337,0.694272073213,0.5,-0.0678197592497,-0.0,6.15651537178,6.00134305469,0.374386424953,map_000000423.png
5.54985569723,5.35977058474,0.694270177677,0.5,-0.0678197592497,-0.0,6.15651537178,6.00134305469,0.374386424953,map_000000424.png
5.54985569723,5.35977058474,0.694270177677,0.5,-0.0678197592497,-0.0,6.15651537178,6.00134305469,0.374386424953,map_000000425.png
5.59430323756,5.38761901667,0.694274553313,0.5,-0.0678197592497,-0.0,6.15651537178,6.00134305469,0.374386424953,map_000000426.png
5.63875103403,5.41546760754,0.694279420405,0.5,-0.0678197592497,-0.0,6.15651537178,6.00134305469,0.374386424953,map_000000427.png
5.68149848719,5.44223562541,0.694277322794,0.5,-0.0678197592497,-0.0,6.15651537178,6.00134305469,0.374386424953,map_000000428.png
5.72596821014,5.47006224001,0.694266409563,0.5,-0.0,-0.0,6.15651537178,6.00134305469,0.374386424953,map_000000429.png
5.76816730208,5.50061221927,0.694266069951,0.5,-0.0,-0.0,6.15651537178,6.00134305469,0.374386424953,map_000000430.png
5.80657748871,5.53258990529,0.694264348908,0.5,-0.0,-0.0,6.15651537178,6.00134305469,0.374386424953,map_000000431.png
5.84653391427,5.56583714217,0.694255592532,0.5,-0.0,-0.0,6.15651537178,6.00134305469,0.374386424953,map_000000432.png
5.88647095201,5.59910327641,0.694260401772,0.5,-0.0,-0.0,6.15651537178,6.00134305469,0.374386424953,map_000000433.png
5.92488131225,5.63108075349,0.694258524554,0.5,-0.0,-0.0,6.15651537178,6.00134305469,0.374386424953,map_000000434.png
5.9648186419,5.66434702585,0.694263816998,0.5,-0.0,-0.0,6.15651537178,6.00134305469,0.374386424953,map_000000435.png
6.00477783539,5.69759144394,0.69425339242,0.5,-0.0,-0.0,6.15651537178,6.00134305469,0.374386424953,map_000000436.png
6.0431883717,5.7295687097,0.694251601735,0.5,-0.0,-0.0,6.15651537178,6.00134305469,0.374386424953,map_000000437.png
6.0831325073,5.76282723274,0.694251551052,0.5,-0.0,-0.0,6.15651537178,6.00134305469,0.374386424953,map_000000438.png
6.12308935863,5.7960739584,0.694242805619,0.5,-0.0,-0.0,6.15651537178,6.00134305469,0.374386424953,map_000000439.png
6.16150006917,5.82805101565,0.694240618838,0.5,-0.0,-0.0,6.15651537178,6.00134305469,0.374386424953,map_000000440.png
6.20143759265,5.86131656618,0.694245826137,-0.0,-0.0,-0.0,6.15651537178,6.00134305469,0.374386424953,map_000000441.png
6.21525592795,5.87283800214,0.694251272608,-0.0,-0.0,-0.0,6.15651537178,6.00134305469,0.374386424953,map_000000442.png
6.21525594292,5.87283799621,0.694251023059,-0.0,-0.0,-0.0,6.15651537178,6.00134305469,0.374386424953,map_000000443.png
6.21525595872,5.87283798894,0.694251153224,-0.0,-0.0,-0.0,6.15651537178,6.00134305469,0.374386424953,map_000000444.png
6.21526815032,5.87282582606,0.694243199365,-0.0,-0.0,-0.0,6.15651537178,6.00134305469,0.374386424953,map_000000445.png
6.21526815032,5.87282582606,0.694243199365,-0.0,-0.0,-0.0,6.15651537178,6.00134305469,0.374386424953,map_000000446.png
6.21526562382,5.87282835071,0.694244981915,-0.0,-0.0,-0.0,6.15651537178,6.00134305469,0.374386424953,map_000000447.png
6.21527526704,5.87281873185,0.694238302049,-0.0,-0.0,-0.0,6.15651537178,6.00134305469,0.374386424953,map_000000448.png
6.21527528282,5.8728187243,0.694238647685,-0.0,-0.0,-0.0,6.15651537178,6.00134305469,0.374386424953,map_000000449.png
6.21526570865,5.87282829935,0.694244846693,-0.0,-0.0,-0.0,6.15651537178,6.00134305469,0.374386424953,map_000000450.png
6.21525607011,5.87283794015,0.694251214476,-0.0,-0.0,-0.0,6.15651537178,6.00134305469,0.374386424953,map_000000451.png
6.21525608575,5.87283793291,0.69425142867,-0.0,-0.0,-0.0,6.15651537178,6.00134305469,0.374386424953,map_000000452.png
6.21526826168,5.87282577729,0.694243261367,-0.0,-0.0,-0.0,6.15651537178,6.00134305469,0.374386424953,map_000000453.png
6.21526573477,5.87282830245,0.694244970719,-0.0,-0.0,-0.0,6.15651537178,6.00134305469,0.374386424953,map_000000454.png
6.2152657498,5.87282829621,0.69424490722,-0.0,-0.0,-0.0,6.15651537178,6.00134305469,0.374386424953,map_000000455.png
6.21527539424,5.87281867563,0.694238595632,-0.0,-0.0,0.0670110136271,6.15651537178,6.00134305469,0.374386424953,map_000000456.png
6.21527552644,5.87281660665,0.695826335951,-0.0,-0.0,0.0670110136271,6.15651537178,6.00134305469,0.374386424953,map_000000457.png
6.21531618311,5.87276819533,0.702415741351,-0.0,-0.0,-0.0,6.15651537178,6.00134305469,0.374386424953,map_000000458.png
6.21535730818,5.87271810876,0.709269091229,-0.0,-0.0,-0.0,6.15651537178,6.00134305469,0.374386424953,map_000000459.png
6.21536792703,5.87270793237,0.710321283241,-0.0,-0.0,-0.0,6.15651537178,6.00134305469,0.374386424953,map_000000460.png
6.21536794286,5.87270792519,0.710321308918,-0.0,-0.0,-0.0,6.15651537178,6.00134305469,0.374386424953,map_000000461.png
6.21536540278,5.87271046382,0.710323065509,0.00401699868962,0.400814831257,-0.0,6.15651537178,6.00134305469,0.374386424953,map_000000462.png
6.2071123997,5.88250460253,0.710316935009,0.00401699868962,0.485942423344,-0.0,6.15651537178,6.00134305469,0.374386424953,map_000000463.png
6.18062560795,5.91391566176,0.71031951227,-0.0,-0.0,-0.0,6.15651537178,6.00134305469,0.374386424953,map_000000464.png
