1.14212500761,4.01137263159,-2.81736958768,-0.0,-0.0,-0.0,3.47790993972,2.59534995492,-2.26641396716,map_000000030.png
1.14209591714,4.01131694121,-2.8174888363,-0.0,-0.0,-0.0591143518686,3.47790993972,2.59534995492,-2.26641396716,map_000000031.png
1.14206072639,4.01125910809,-2.81761166019,-0.0,-0.0,-0.146053954959,3.47790993972,2.59534995492,-2.26641396716,map_000000032.png
1.1414551527,4.01087878155,-2.8215196555,-0.0,-0.0,-0.146053954959,3.47790993972,2.59534995492,-2.26641396716,map_000000033.png
1.14023965073,4.01022609259,-2.83109789696,-0.0,-0.0,-0.64476454258,3.47790993972,2.59534995492,-2.26641396716,map_000000034.png
1.13608578796,4.0084598728,-2.86956056041,-0.0,-0.0,-0.95586258173,3.47790993972,2.59534995492,-2.26641396716,map_000000035.png
1.12912396662,4.00593241116,-2.93396301115,-0.0,-0.0,-1.0,3.47790993972,2.59534995492,-2.26641396716,map_000000036.png
1.11992283864,4.00316293298,-3.01623533998,-0.0,-0.0,-1.0,3.47790993972,2.59534995492,-2.26641396716,map_000000037.png
1.11059431872,4.00106126977,-3.09840351947,-0.0,-0.0,-1.0,3.47790993972,2.59534995492,-2.26641396716,map_000000038.png
1.1012837427,4.0003117275,3.10193044335,-0.0,-0.0,-1.0,3.47790993972,2.59534995492,-2.26641396716,map_000000039.png
1.09170519808,4.00102838943,3.01502080566,-0.0,-0.0,-1.0,3.47790993972,2.59534995492,-2.26641396716,map_000000040.png
1.08254447875,4.00247748006,2.93151687591,-0.0,-0.0,-1.0,3.47790993972,2.59534995492,-2.26641396716,map_000000041.png
1.07351860166,4.00461349481,2.84839805218,-0.0,-0.0,-1.0,3.47790993972,2.59534995492,-2.26641396716,map_000000042.png
1.06430398267,4.00760259348,2.76204164291,-0.0,-0.0,-1.0,3.47790993972,2.59534995492,-2.26641396716,map_000000043.png
1.05566468888,4.01119294758,2.67910924043,-0.0,-0.0,-1.0,3.47790993972,2.59534995492,-2.26641396716,map_000000044.png
1.04732578344,4.01541506112,2.5964741909,-0.0,-0.0,-1.0,3.47790993972,2.59534995492,-2.26641396716,map_000000045.png
1.03899200229,4.02049613912,2.51061396396,-0.0,-0.0,-1.0,3.47790993972,2.59534995492,-2.26641396716,map_000000046.png
1.03134124451,4.02602267792,2.42824100211,-0.0,-0.0,-1.0,3.47790993972,2.59534995492,-2.26641396716,map_000000047.png
1.02382737422,4.03237403934,2.3429067671,-0.0,-0.0,-1.0,3.47790993972,2.59534995492,-2.26641396716,map_000000048.png
1.01708290044,4.03901047955,2.26100994722,-0.0,-0.0,-1.0,3.47790993972,2.59534995492,-2.26641396716,map_000000049.png
1.0108045919,4.04616128109,2.17911852699,-0.0,-0.0,-1.0,3.47790993972,2.59534995492,-2.26641396716,map_000000050.png
1.00484900687,4.0540622932,2.09406727264,-0.0,-0.0,-1.0,3.47790993972,2.59534995492,-2.26641396716,map_000000051.png
0.999709428975,4.06206103611,2.0123586719,-0.0,-0.0,-1.0,3.47790993972,2.59534995492,-2.26641396716,map_000000052.png
0.995117573981,4.07044196187,1.93060427256,-0.0,-0.0,-1.0,3.47790993972,2.59534995492,-2.26641396716,map_000000053.png
0.991006233453,4.07947667906,1.8455888274,-0.0,-0.0,-1.0,3.47790993972,2.59534995492,-2.26641396716,map_000000054.png
0.987718053464,4.08841859739,1.7638111815,-0.0,-0.0,-1.0,3.47790993972,2.59534995492,-2.26641396716,map_000000055.png
0.985028940775,4.09759903242,1.68189135742,-0.0,-0.0,-0.521202743053,3.47790993972,2.59534995492,-2.26641396716,map_000000056.png
0.982957646444,4.10730361308,1.59658025668,-0.0,-0.0,-0.521202743053,3.47790993972,2.59534995492,-2.26641396716,map_000000057.png
0.982337464405,4.11283669937,1.54975218682,-0.0,-0.0,-0.0,3.47790993972,2.59534995492,-2.26641396716,map_000000058.png
0.982137468445,4.11443859236,1.53620893391,-0.0,-0.0,-0.0,3.47790993972,2.59534995492,-2.26641396716,map_000000059.png
0.981936479624,4.11445048671,1.53623084683,-0.0,-0.0,-0.0,3.47790993972,2.59534995492,-2.26641396716,map_000000060.png
0.981735485717,4.11446236214,1.5362528165,-0.0,-0.0,-0.0,3.47790993972,2.59534995492,-2.26641396716,map_000000061.png
0.981534695618,4.11447430422,1.53630394772,-0.0,-0.0,-0.00421918416396,3.47790993972,2.59534995492,-2.26641396716,map_000000062.png
0.981333706211,4.11448616813,1.53632589719,-0.0,-0.0,-0.00421918416396,3.47790993972,2.59534995492,-2.26641396716,map_000000063.png
0.981133917365,4.11454865539,1.53615816337,-0.0,-0.0,-0.90554523468,3.47790993972,2.59534995492,-2.26641396716,map_000000064.png
0.981369937369,4.12058663932,1.48169831253,-0.0,-0.0,-1.0,3.47790993972,2.59534995492,-2.26641396716,map_000000065.png
0.982397763906,4.12933795079,1.40242725611,-0.0,-0.0,-1.0,3.47790993972,2.59534995492,-2.26641396716,map_000000066.png
0.98413120285,4.1384292946,1.31930409051,-0.0,-0.0,-1.0,3.47790993972,2.59534995492,-2.26641396716,map_000000067.png
0.986710505133,4.14774572425,1.23297208915,-0.0,-0.0,-1.0,3.47790993972,2.59534995492,-2.26641396716,map_000000068.png
0.989917725944,4.15651391872,1.15008926651,-0.0,-0.0,-1.0,3.47790993972,2.59534995492,-2.26641396716,map_000000069.png
0.993952022081,4.1653566953,1.0641221283,-0.0,-0.0,-1.0,3.47790993972,2.59534995492,-2.26641396716,map_000000070.png
0.998478525961,4.17353971594,0.981644334079,-0.0,-0.0,-0.0,3.47790993972,2.59534995492,-2.26641396716,map_000000071.png
1.00083139753,4.17740100526,0.942050134236,-0.0,-0.0,-0.0,3.47790993972,2.59534995492,-2.26641396716,map_000000072.png
1.00075586401,4.17745538407,0.942155201061,-0.0,-0.0,-0.0,3.47790993972,2.59534995492,-2.26641396716,map_000000073.png
1.00067694261,4.17751301538,0.942151940894,-0.0,-0.0,-0.0,3.47790993972,2.59534995492,-2.26641396716,map_000000074.png
1.00059744021,4.17757037689,0.942167503385,-0.0,-0.0,-0.0,3.47790993972,2.59534995492,-2.26641396716,map_000000075.png
1.00049257914,4.17764496093,0.942010824535,-0.0,-0.0,-0.0,3.47790993972,2.59534995492,-2.26641396716,map_000000076.png
1.00041689278,4.17769922565,0.942122282306,-0.0,-0.0,-0.0,3.47790993972,2.59534995492,-2.26641396716,map_000000077.png
1.00033721702,4.17775668872,0.942105911112,0.0442251339555,-0.0134395882487,-0.0,3.47790993972,2.59534995492,-2.26641396716,map_000000078.png
1.00145757256,4.17880570383,0.941504130586,0.252304136753,-0.249900817871,-0.0,3.47790993972,2.59534995492,-2.26641396716,map_000000079.png
1.00843294829,4.18192320277,0.939466937287,0.443826854229,-0.327932834625,-0.0,3.47790993972,2.59534995492,-2.26641396716,map_000000080.png
1.04476310072,4.18764891896,0.938345897344,0.443826854229,-0.327932834625,-0.0,3.47790993972,2.59534995492,-2.26641396716,map_000000081.png
1.09662000104,4.20351052527,0.937343306451,0.479304641485,-0.337393552065,-0.0,3.47790993972,2.59534995492,-2.26641396716,map_000000082.png
1.15125021457,4.22139551293,0.936197405419,0.479304641485,-0.337393552065,-0.0,3.47790993972,2.59534995492,-2.26641396716,map_000000083.png
1.2089261639,4.24060567208,0.935080634824,0.479304641485,-0.337393552065,-0.0,3.47790993972,2.59534995492,-2.26641396716,map_000000084.png
1.2644096589,4.25901968717,0.934079004841,0.479304641485,-0.337393552065,-0.0,3.47790993972,2.59534995492,-2.26641396716,map_000000085.png
1.31990242163,4.27736679866,0.932934063674,0.479304641485,-0.337393552065,-0.0,3.47790993972,2.59534995492,-2.26641396716,map_000000086.png
1.37764162854,4.29638820624,0.93181840317,0.479304641485,-0.337393552065,-0.0,3.47790993972,2.59534995492,-2.26641396716,map_000000087.png
1.43318570561,4.3146207226,0.930817887728,0.479304641485,-0.337393552065,-0.0,3.47790993972,2.59534995492,-2.26641396716,map_000000088.png
1.48873887933,4.33278633016,0.929673963177,0.479304641485,-0.337393552065,-0.0,3.47790993972,2.59534995492,-2.26641396716,map_000000089.png
1.48873887933,4.33278633016,0.929673963177,0.479304641485,-0.337393552065,-0.0,3.47790993972,2.59534995492,-2.26641396716,map_000000090.png
1.60214467179,4.3696699717,0.927560030155,0.479304641485,-0.337393552065,-0.0,3.47790993972,2.59534995492,-2.26641396716,map_000000091.png
1.60214467179,4.3696699717,0.927560030155,0.479304641485,-0.337393552065,-0.0,3.47790993972,2.59534995492,-2.26641396716,map_000000092.png
1.71562128772,4.40629791931,0.925303721593,0.479304641485,-0.337393552065,-0.0,3.47790993972,2.59534995492,-2.26641396716,map_000000093.png
1.71562128772,4.40629791931,0.925303721593,0.479304641485,-0.337393552065,-0.0,3.47790993972,2.59534995492,-2.26641396716,map_000000094.png
1.77128457091,4.42416739812,0.924305468494,0.479304641485,-0.337393552065,-0.0,3.47790993972,2.59534995492,-2.26641396716,map_000000095.png
1.82918940133,4.44268456576,0.923192818618,0.387081503868,-0.337393552065,-0.0,3.47790993972,2.59534995492,-2.26641396716,map_000000096.png
1.88154052457,4.45601522256,0.92205103907,0.0655117928982,-0.0418218038976,-0.0,3.47790993972,2.59534995492,-2.26641396716,map_000000097.png
1.91793422431,4.46388534955,0.921055192598,-0.0,-0.0,-0.0,3.47790993972,2.59534995492,-2.26641396716,map_000000098.png
1.92392928445,4.46607084933,0.920084393621,-0.0,-0.0,-0.0,3.47790993972,2.59534995492,-2.26641396716,map_000000099.png
1.92385258335,4.46612957585,0.920082796611,-0.0,-0.0,-0.0,3.47790993972,2.59534995492,-2.26641396716,map_000000100.png
1.92377575291,4.46618805811,0.920101638988,-0.0,-0.0,-0.0,3.47790993972,2.59534995492,-2.26641396716,map_000000101.png
1.92367429179,4.46626424314,0.919944824324,-0.0,-0.0,-0.0,3.47790993972,2.59534995492,-2.26641396716,map_000000102.png
1.92360133016,4.46631955711,0.920062455512,-0.0,-0.0,-0.0,3.47790993972,2.59534995492,-2.26641396716,map_000000103.png
1.92352429045,4.46637811168,0.920048356107,-0.0,-0.0,-0.0,3.47790993972,2.59534995492,-2.26641396716,map_000000104.png
1.92344832854,4.46643680332,0.920073767312,-0.0,-0.0,-0.0,3.47790993972,2.59534995492,-2.26641396716,map_000000105.png
1.9233682466,4.46649785107,0.920048638333,-0.0,-0.0,-0.0,3.47790993972,2.59534995492,-2.26641396716,map_000000106.png
1.92327389683,4.46656832693,0.920034629366,-0.0,-0.0,-0.0,3.47790993972,2.59534995492,-2.26641396716,map_000000107.png
1.92319688904,4.46662683783,0.920020308049,0.0229384750128,-0.0,-0.0,3.47790993972,2.59534995492,-2.26641396716,map_000000108.png
1.92384651714,4.46783014666,0.919050150038,0.155350655317,-0.0512825399637,-0.0,3.47790993972,2.59534995492,-2.26641396716,map_000000109.png
1.93085897382,4.47321884049,0.917761394033,0.420194089413,-0.0938367843628,-0.0,3.47790993972,2.59534995492,-2.26641396716,map_000000110.png
1.94893013895,4.48676707077,0.916775798131,0.5,-0.167138427496,-0.0,3.47790993972,2.59534995492,-2.26641396716,map_000000111.png
1.98224763087,4.51436139476,0.915643682379,0.5,-0.19552063942,-0.0,3.47790993972,2.59534995492,-2.26641396716,map_000000112.png
2.0275913403,4.5448791539,0.914539421514,0.5,-0.19552063942,-0.0,3.47790993972,2.59534995492,-2.26641396716,map_000000113.png
2.07320593447,4.57265454214,0.913549206254,0.5,-0.228614151478,-0.0,3.47790993972,2.59534995492,-2.26641396716,map_000000114.png
2.1207848451,4.59887099458,0.912414705964,0.5,-0.247535631061,-0.0,3.47790993972,2.59534995492,-2.26641396716,map_000000115.png
2.17199970178,4.62477170472,0.911309395033,0.398907423019,-0.323202461004,-0.0,3.47790993972,2.59534995492,-2.26641396716,map_000000116.png
2.22201908207,4.64546733038,0.910318140435,-0.0,-0.0,-0.0,3.47790993972,2.59534995492,-2.26641396716,map_000000117.png
2.26986859837,4.65657438217,0.9091390449,-0.0,-0.0,-0.0,3.47790993972,2.59534995492,-2.26641396716,map_000000118.png
2.26979678842,4.65662995513,0.90926001697,-0.0,-0.0,-0.0,3.47790993972,2.59534995492,-2.26641396716,map_000000119.png
2.26972108364,4.65668914014,0.909247936079,-0.0,-0.0,-0.0,3.47790993972,2.59534995492,-2.26641396716,map_000000120.png
2.26964635957,4.65674838874,0.909275118122,-0.0,-0.0,-0.0,3.47790993972,2.59534995492,-2.26641396716,map_000000121.png
2.26956756012,4.65681002281,0.909250988978,-0.0,-0.0,-0.0,3.47790993972,2.59534995492,-2.26641396716,map_000000122.png
2.2694706692,4.65688446833,0.909112220422,-0.0,-0.0,-0.0,3.47790993972,2.59534995492,-2.26641396716,map_000000123.png
2.2694706692,4.65688446833,0.909112220422,-0.0,-0.0,-0.0,3.47790993972,2.59534995492,-2.26641396716,map_000000124.png
2.26932415187,4.65699966473,0.909227762998,-0.0,-0.0,-0.0,3.47790993972,2.59534995492,-2.26641396716,map_000000125.png
2.26924874302,4.65705879083,0.909249522235,-0.0,-0.0,-0.0,3.47790993972,2.59534995492,-2.26641396716,map_000000126.png
2.26914884159,4.65713578614,0.90909173333,-0.0,-0.0,-0.0,3.47790993972,2.59534995492,-2.26641396716,map_000000127.png
2.26907710868,4.65719156009,0.909212379486,-0.0,-0.0,-0.0,3.47790993972,2.59534995492,-2.26641396716,map_000000128.png
2.26900224806,4.65725098388,0.909207083585,-0.0,-0.0,-0.0,3.47790993972,2.59534995492,-2.26641396716,map_000000129.png
2.26892677211,4.65731001366,0.909228007075,-0.0,-0.0,-0.0,3.47790993972,2.59534995492,-2.26641396716,map_000000130.png
2.26884794972,4.6573716905,0.909203971714,-0.0,-0.0,-0.0,3.47790993972,2.59534995492,-2.26641396716,map_000000131.png
2.26875529664,4.65744288942,0.909192197138,-0.0,-0.0,-0.0,3.47790993972,2.59534995492,-2.26641396716,map_000000132.png
2.26867958174,4.65750208522,0.909179985674,-0.0,-0.0,-0.0,3.47790993972,2.59534995492,-2.26641396716,map_000000133.png
2.26860455624,4.65756129925,0.909180533379,-0.0,-0.103297524154,-0.0,3.47790993972,2.59534995492,-2.26641396716,map_000000134.png
2.27119291999,4.65558321993,0.909353333516,-0.126491591334,-0.372852265835,-0.0,3.47790993972,2.59534995492,-2.26641396716,map_000000135.png
2.2801201346,4.64682473227,0.90974889348,-0.239982292056,-0.495822787285,-0.0,3.47790993972,2.59534995492,-2.26641396716,map_000000136.png
2.3009795067,4.61469941485,0.910396863424,-0.239982292056,-0.495822787285,-0.0,3.47790993972,2.59534995492,-2.26641396716,map_000000137.png
2.32530129491,4.56548832147,0.910952638873,-0.239982292056,-0.495822787285,-0.0,3.47790993972,2.59534995492,-2.26641396716,map_000000138.png
2.34889441086,4.51694181709,0.911374141184,-0.239982292056,-0.495822787285,-0.0,3.47790993972,2.59534995492,-2.26641396716,map_000000139.png
2.37349201794,4.46643778223,0.911935167273,-0.239982292056,-0.495822787285,-0.0,3.47790993972,2.59534995492,-2.26641396716,map_000000140.png
2.39720212628,4.41786124844,0.912592291627,-0.154854729772,-0.335028380156,-0.0,3.47790993972,2.59534995492,-2.26641396716,map_000000141.png
2.42057512755,4.37001683882,0.913021569114,-0.0,-0.0,-0.0,3.47790993972,2.59534995492,-2.26641396716,map_000000142.png
2.43743252791,4.33677744292,0.913590597875,-0.0,-0.0,-0.0,3.47790993972,2.59534995492,-2.26641396716,map_000000143.png
2.43933738666,4.33297001488,0.913765187312,-0.0,-0.0,-0.0,3.47790993972,2.59534995492,-2.26641396716,map_000000144.png
2.43926130701,4.33302877864,0.913785201902,-0.0,-0.0,-0.0,3.47790993972,2.59534995492,-2.26641396716,map_000000145.png
2.43916080341,4.33310543415,0.913626514351,-0.0,-0.0,-0.0,3.47790993972,2.59534995492,-2.26641396716,map_000000146.png
2.4390885407,4.33316098194,0.913746968299,-0.0,-0.0489173568785,-0.0,3.47790993972,2.59534995492,-2.26641396716,map_000000147.png
2.43924944893,4.3330461435,0.913650675813,-0.0153469955549,-0.441423535347,-0.0,3.47790993972,2.59534995492,-2.26641396716,map_000000148.png
2.4424378302,4.33070044133,0.914200199449,-0.0153469955549,-0.441423535347,-0.0,3.47790993972,2.59534995492,-2.26641396716,map_000000149.png
2.47324246303,4.30530547976,0.914863724112,-0.0673619806767,-0.5,-0.0,3.47790993972,2.59534995492,-2.26641396716,map_000000150.png
2.50883130211,4.27131011757,0.915442031427,-0.0673619806767,-0.5,-0.0,3.47790993972,2.59534995492,-2.26641396716,map_000000151.png
2.54349225869,4.23630333459,0.915885778721,-0.0673619806767,-0.5,-0.0,3.47790993972,2.59534995492,-2.26641396716,map_000000152.png
2.5782360558,4.20125965103,0.916561793012,-0.0673619806767,-0.5,-0.0,3.47790993972,2.59534995492,-2.26641396716,map_000000153.png
2.61435814121,4.16486454511,0.917148111375,-0.0673619806767,-0.5,-0.0,3.47790993972,2.59534995492,-2.26641396716,map_000000154.png
2.6490799624,4.12991771242,0.917599937749,-0.0673619806767,-0.5,-0.0,3.47790993972,2.59534995492,-2.26641396716,map_000000155.png
2.68388489542,4.09493434953,0.918283475869,-0.0673619806767,-0.5,-0.0,3.47790993972,2.59534995492,-2.26641396716,map_000000156.png
2.7200708071,4.05860227194,0.918877960739,-0.0673619806767,-0.5,-0.0,3.47790993972,2.59534995492,-2.26641396716,map_000000157.png
2.75485424105,4.02371633107,0.919337975642,-0.0673619806767,-0.5,-0.0,3.47790993972,2.59534995492,-2.26641396716,map_000000158.png
2.78972105691,3.98879423377,0.920029135724,-0.0673619806767,-0.5,-0.0,3.47790993972,2.59534995492,-2.26641396716,map_000000159.png
2.82597157817,3.95252617435,0.920631896719,-0.0673619806767,-0.5,-0.0,3.47790993972,2.59534995492,-2.26641396716,map_000000160.png
2.86081737608,3.91770207807,0.921100210392,-0.0673619806767,-0.5,-0.0,3.47790993972,2.59534995492,-2.26641396716,map_000000161.png
2.89711168907,3.88147752728,0.921708692092,-0.0673619806767,-0.5,-0.0,3.47790993972,2.59534995492,-2.26641396716,map_000000162.png
2.89711168907,3.88147752728,0.921708692092,-0.0673619806767,-0.5,-0.0,3.47790993972,2.59534995492,-2.26641396716,map_000000163.png
2.9320627449,3.84663916782,0.922410238648,-0.0673619806767,-0.5,-0.0,3.47790993972,2.59534995492,-2.26641396716,map_000000164.png
2.96697166715,3.8118778877,0.922886962688,-0.0673619806767,-0.5,-0.0,3.47790993972,2.59534995492,-2.26641396716,map_000000165.png
3.0033319092,3.77571904172,0.923503906707,-0.0673619806767,-0.5,-0.0,3.47790993972,2.59534995492,-2.26641396716,map_000000166.png
3.03834662802,3.74094422594,0.924213310481,-0.0673619806767,-0.5,-0.0,3.47790993972,2.59534995492,-2.26641396716,map_000000167.png
3.07331943978,3.70624674693,0.924698558199,-0.0673619806767,-0.5,-0.0,3.47790993972,2.59534995492,-2.26641396716,map_000000168.png
3.10974640892,3.67015463756,0.925324076681,-0.0673619806767,-0.5,-0.0,3.47790993972,2.59534995492,-2.26641396716,map_000000169.png
3.14482556006,3.63544435816,0.926041439823,-0.0673619806767,-0.5,-0.0,3.47790993972,2.59534995492,-2.26641396716,map_000000170.png
3.17986303591,3.60081168451,0.92653532557,-0.0673619806767,-0.5,-0.0,3.47790993972,2.59534995492,-2.26641396716,map_000000171.png
3.21635753814,3.56478735941,0.927169531839,-0.0673619806767,-0.5,-0.0,3.47790993972,2.59534995492,-2.26641396716,map_000000172.png
3.25150190053,3.53014263376,0.92789495745,-0.0673619806767,-0.5,-0.0,3.47790993972,2.59534995492,-2.26641396716,map_000000173.png
3.28660481833,3.49557578207,0.92839759716,-0.0673619806767,-0.5,-0.0,3.47790993972,2.59534995492,-2.26641396716,map_000000174.png
3.32316766837,3.45962030685,0.929040605531,-0.0673619806767,-0.5,-0.0,3.47790993972,2.59534995492,-2.26641396716,map_000000175.png
3.35837802517,3.42504216516,0.929774198377,-0.0673619806767,-0.5,-0.0,3.47790993972,2.59534995492,-2.26641396716,map_000000176.png
3.39498720335,3.38913351144,0.930423062865,-0.0673619806767,-0.5,-0.0,3.47790993972,2.59534995492,-2.26641396716,map_000000177.png
3.43017918839,3.35465662944,0.930937634981,-0.0673619806767,-0.5,-0.0,3.47790993972,2.59534995492,-2.26641396716,map_000000178.png
3.46545632986,3.32014611949,0.931679501631,-0.0673619806767,-0.5,-0.0,3.47790993972,2.59534995492,-2.26641396716,map_000000179.png
3.50213523035,3.28430813574,0.932337359869,-0.0673619806767,-0.5,-0.0,3.47790993972,2.59534995492,-2.26641396716,map_000000180.png
3.5373945112,3.24989952836,0.932860961896,-0.0673619806767,-0.5,-0.0,3.47790993972,2.59534995492,-2.26641396716,map_000000181.png
3.57273923643,3.21545771673,0.933611208493,-0.0673619806767,-0.5,-0.0,3.47790993972,2.59534995492,-2.26641396716,map_000000182.png
3.60948869017,3.17969151572,0.934278179275,-0.0673619806767,-0.5,-0.0,3.47790993972,2.59534995492,-2.26641396716,map_000000183.png
3.64481606774,3.14535225778,0.934810930835,-0.0673619806767,-0.5,-0.0,3.47790993972,2.59534995492,-2.26641396716,map_000000184.png
3.6802291797,3.11098022326,0.935569665678,-0.0,-0.0,-0.0,3.47790993972,2.59534995492,-2.26641396716,map_000000185.png
3.71560434072,3.07668521951,0.936242483841,-0.0,-0.0,-0.0,3.47790993972,2.59534995492,-2.26641396716,map_000000186.png
3.7155038635,3.07675678103,0.936105053369,-0.0,-0.0,-0.0,3.47790993972,2.59534995492,-2.26641396716,map_000000187.png
3.7154289804,3.07681134281,0.93621520542,-0.0,-0.0,-0.0,3.47790993972,2.59534995492,-2.26641396716,map_000000188.png
3.71535079541,3.07686923107,0.936212847242,-0.0,-0.0,-0.0,3.47790993972,2.59534995492,-2.26641396716,map_000000189.png
3.71527199705,3.0769267482,0.936229406885,-0.0,-0.0,-0.0,3.47790993972,2.59534995492,-2.26641396716,map_000000190.png
3.71516800786,3.07700167861,0.936066606002,-0.0,-0.0867412313819,-0.0,3.47790993972,2.59534995492,-2.26641396716,map_000000191.png
3.71536303222,3.07685877506,0.936191593535,-0.076822720468,-0.5,-0.0,3.47790993972,2.59534995492,-2.26641396716,map_000000192.png
3.72153661455,3.07243978134,0.936677369666,-0.076822720468,-0.5,-0.0,3.47790993972,2.59534995492,-2.26641396716,map_000000193.png
3.75322225758,3.04090443405,0.93736020178,-0.076822720468,-0.5,-0.0,3.47790993972,2.59534995492,-2.26641396716,map_000000194.png
3.78816495783,3.00586120874,0.938130290484,-0.076822720468,-0.5,-0.0,3.47790993972,2.59534995492,-2.26641396716,map_000000195.png
3.82306797643,2.97089697283,0.938680876906,-0.0862834528089,-0.5,-0.0,3.47790993972,2.59534995492,-2.26641396716,map_000000196.png
3.85926866543,2.93431624014,0.939372339981,-0.0,-0.0,-0.0,3.47790993972,2.59534995492,-2.26641396716,map_000000197.png
3.89095327255,2.90144694756,0.940093837924,-0.0,-0.0,-0.0,3.47790993972,2.59534995492,-2.26641396716,map_000000198.png
3.89087404585,2.90150467947,0.94008461286,-0.0,-0.0,-0.0,3.47790993972,2.59534995492,-2.26641396716,map_000000199.png
3.89079476744,2.90156206514,0.940101094864,-0.0,-0.0,-0.0,3.47790993972,2.59534995492,-2.26641396716,map_000000200.png
3.89071209213,2.90162194023,0.940072270515,-0.0,-0.0,-0.0,3.47790993972,2.59534995492,-2.26641396716,map_000000201.png
3.89061478685,2.90169101092,0.940054848309,-0.0,-0.0,-0.0,3.47790993972,2.59534995492,-2.26641396716,map_000000202.png
3.89053533653,2.90174849858,0.940038048293,-0.0,-0.0,-0.0,3.47790993972,2.59534995492,-2.26641396716,map_000000203.png
3.89045657642,2.90180603736,0.940033808284,-0.0,-0.0,-0.0,3.47790993972,2.59534995492,-2.26641396716,map_000000204.png
3.89037423214,2.9018659245,0.940031661976,-0.0,-0.0,-0.0,3.47790993972,2.59534995492,-2.26641396716,map_000000205.png
3.89027279311,2.90193809138,0.939886952162,-0.0,-0.0,-0.0,3.47790993972,2.59534995492,-2.26641396716,map_000000206.png
3.89019731926,2.90199231611,0.940003620222,-0.0,-0.0,-0.0,3.47790993972,2.59534995492,-2.26641396716,map_000000207.png
3.89011874721,2.90205012364,0.939993786284,-0.0,-0.0,-0.315317243338,3.47790993972,2.59534995492,-2.26641396716,map_000000208.png
3.89070528061,2.90302078566,0.931087770689,-0.0,-0.0,-0.800332665443,3.47790993972,2.59534995492,-2.26641396716,map_000000209.png
3.89288745357,2.90615628993,0.897744481359,-0.0,-0.0,-1.0,3.47790993972,2.59534995492,-2.26641396716,map_000000210.png
3.89736410313,2.91205634901,0.830984974396,-0.0,-0.0,-1.0,3.47790993972,2.59534995492,-2.26641396716,map_000000211.png
3.9022084475,2.9176713235,0.764283917962,-0.0,-0.0,-1.0,3.47790993972,2.59534995492,-2.26641396716,map_000000212.png
3.90893938402,2.9244290604,0.678090557223,-0.0,-0.0,-1.0,3.47790993972,2.59534995492,-2.26641396716,map_000000213.png
3.91597060208,2.93044432498,0.594628229603,-0.0,-0.0,-1.0,3.47790993972,2.59534995492,-2.26641396716,map_000000214.png
3.92345791436,2.93589954556,0.511218496824,-0.0,-0.0,-1.0,3.47790993972,2.59534995492,-2.26641396716,map_000000215.png
3.93167732708,2.94094419944,0.424513227995,-0.0,-0.0,-1.0,3.47790993972,2.59534995492,-2.26641396716,map_000000216.png
3.93994505182,2.94516095839,0.341165521184,-0.0,-0.0,-1.0,3.47790993972,2.59534995492,-2.26641396716,map_000000217.png
3.94864782665,2.94895048951,0.259140915579,-0.0,-0.0,-1.0,3.47790993972,2.59534995492,-2.26641396716,map_000000218.png
3.95800134757,2.95227502874,0.174116542678,-0.0,-0.0,-1.0,3.47790993972,2.59534995492,-2.26641396716,map_000000219.png
3.96721627842,2.9548358234,0.092245562518,-0.0,-0.0,-1.0,3.47790993972,2.59534995492,-2.26641396716,map_000000220.png
3.97693593378,2.95669551482,0.00688329672491,-0.0,-0.0,-1.0,3.47790993972,2.59534995492,-2.26641396716,map_000000221.png
3.98616049329,2.95665974623,-0.0763652190296,-0.0,-0.0,-1.0,3.47790993972,2.59534995492,-2.26641396716,map_000000222.png
3.99535677307,2.95571716638,-0.159771474999,-0.0,-0.0,-1.0,3.47790993972,2.59534995492,-2.26641396716,map_000000223.png
4.00483075757,2.95398412324,-0.246239164096,-0.0,-0.0,-1.0,3.47790993972,2.59534995492,-2.26641396716,map_000000224.png
4.01379469282,2.95160489682,-0.329150611497,-0.0,-0.0,-1.0,3.47790993972,2.59534995492,-2.26641396716,map_000000225.png
4.0225891468,2.94849346858,-0.411977966464,-0.0,-0.0,-1.0,3.47790993972,2.59534995492,-2.26641396716,map_000000226.png
4.03146737332,2.94455605385,-0.497899885775,-0.0,-0.0,-1.0,3.47790993972,2.59534995492,-2.26641396716,map_000000227.png
4.03969226789,2.94011929152,-0.58034464022,-0.0,-0.0,-1.0,3.47790993972,2.59534995492,-2.26641396716,map_000000228.png
4.04759607542,2.93502850238,-0.66269243099,-0.0,-0.0,-1.0,3.47790993972,2.59534995492,-2.26641396716,map_000000229.png
4.05541078459,2.92909829535,-0.747971494481,-0.0,-0.0,-1.0,3.47790993972,2.59534995492,-2.26641396716,map_000000230.png
4.06247765901,2.92283803051,-0.829803352849,-0.0,-0.0,-1.0,3.47790993972,2.59534995492,-2.26641396716,map_000000231.png
4.06247765901,2.92283803051,-0.829803352849,-0.0,-0.0,-0.699659705162,3.47790993972,2.59534995492,-2.26641396716,map_000000232.png
4.0693432306,2.91576574442,-0.914818123668,-0.0,-0.0,-0.699659705162,3.47790993972,2.59534995492,-2.26641396716,map_000000233.png
4.07478548964,2.90933085413,-0.986304594816,-0.0,-0.0,-0.0270699188113,3.47790993972,2.59534995492,-2.26641396716,map_000000234.png
4.07830206349,2.90478316005,-1.03370013546,-0.0,-0.0,-0.0,3.47790993972,2.59534995492,-2.26641396716,map_000000235.png
4.07882242043,2.90463031538,-1.03512003174,-0.0,-0.0,-0.0,3.47790993972,2.59534995492,-2.26641396716,map_000000236.png
4.07894356796,2.90468872728,-1.03516722513,-0.0,-0.0,-0.0,3.47790993972,2.59534995492,-2.26641396716,map_000000237.png
4.07903670374,2.90473154476,-1.0349840507,-0.0,-0.0,-0.0,3.47790993972,2.59534995492,-2.26641396716,map_000000238.png
4.07913322508,2.90477693764,-1.03491523164,-0.0,-0.0,-0.0,3.47790993972,2.59534995492,-2.26641396716,map_000000239.png
4.07922999376,2.90482255314,-1.03482614792,-0.0,-0.0,-0.0,3.47790993972,2.59534995492,-2.26641396716,map_000000240.png
4.07933088292,2.90487012103,-1.03477627564,-0.0,-0.0,-0.0,3.47790993972,2.59534995492,-2.26641396716,map_000000241.png
4.07944878136,2.90492570486,-1.03470620533,-0.0,-0.0,-0.0,3.47790993972,2.59534995492,-2.26641396716,map_000000242.png
4.07954562917,2.90497149506,-1.03464403872,-0.0,-0.0,-0.0,3.47790993972,2.59534995492,-2.26641396716,map_000000243.png
4.07964214096,2.90501686167,-1.03457262621,-0.0,-0.0,-0.0,3.47790993972,2.59534995492,-2.26641396716,map_000000244.png
4.07974278859,2.90506437632,-1.03449903134,-0.0,-0.0,-0.0,3.47790993972,2.59534995492,-2.26641396716,map_000000245.png
4.07986451102,2.905122799,-1.03454674991,-0.0,-0.0,-0.0,3.47790993972,2.59534995492,-2.26641396716,map_000000246.png
4.07995747876,2.90516573331,-1.03436637584,-0.0,-0.0,-0.0,3.47790993972,2.59534995492,-2.26641396716,map_000000247.png
4.08005395873,2.90521107479,-1.03429463609,-0.0,-0.0,-0.0,3.47790993972,2.59534995492,-2.26641396716,map_000000248.png
4.08015063809,2.90525672611,-1.03420557475,-0.0,-0.0,-0.0,3.47790993972,2.59534995492,-2.26641396716,map_000000249.png
4.08027618092,2.90531712681,-1.03426976696,-0.0,-0.0,-0.937589645386,3.47790993972,2.59534995492,-2.26641396716,map_000000250.png
4.08356191264,2.90061347157,-1.08306031651,-0.0,-0.0,-1.0,3.47790993972,2.59534995492,-2.26641396716,map_000000251.png
4.08833744448,2.89279025494,-1.16146610017,-0.0,-0.0,-1.0,3.47790993972,2.59534995492,-2.26641396716,map_000000252.png
4.0928834409,2.88398012045,-1.24630827582,-0.0,-0.0,-1.0,3.47790993972,2.59534995492,-2.26641396716,map_000000253.png
4.09665074976,2.87519459603,-1.32791738663,-0.0,-0.0,-1.0,3.47790993972,2.59534995492,-2.26641396716,map_000000254.png
4.09973974646,2.86618822037,-1.4096064682,-0.0,-0.0,-1.0,3.47790993972,2.59534995492,-2.26641396716,map_000000255.png
4.10228587985,2.85660067517,-1.49467291113,-0.0,-0.0,-1.0,3.47790993972,2.59534995492,-2.26641396716,map_000000256.png
4.10388585132,2.84724657016,-1.57682335203,-0.0,-0.0,-1.0,3.47790993972,2.59534995492,-2.26641396716,map_000000257.png
4.10362816479,2.83766683095,-1.66345264457,-0.0,-0.0,-1.0,3.47790993972,2.59534995492,-2.26641396716,map_000000258.png
4.10261574346,2.8285044173,-1.74662025325,-0.0,-0.0,-1.0,3.47790993972,2.59534995492,-2.26641396716,map_000000259.png
4.1008419645,2.81940475439,-1.82968464477,-0.0,-0.0,-1.0,3.47790993972,2.59534995492,-2.26641396716,map_000000260.png
4.09825973955,2.81009984726,-1.91583660248,-0.0,-0.0,-1.0,3.47790993972,2.59534995492,-2.26641396716,map_000000261.png
4.09508384808,2.8013627961,-1.99848573468,-0.0,-0.0,-1.0,3.47790993972,2.59534995492,-2.26641396716,map_000000262.png
4.09120180065,2.79285488095,-2.08100815659,-0.0,-0.0,-1.0,3.47790993972,2.59534995492,-2.26641396716,map_000000263.png
4.08649371498,2.78433641361,-2.1666608262,-0.0,-0.0,-0.0362254716456,3.47790993972,2.59534995492,-2.26641396716,map_000000264.png
4.0821673451,2.77765154314,-2.23587911663,-0.0,-0.0,-0.0,3.47790993972,2.59534995492,-2.26641396716,map_000000265.png
4.08190656537,2.77729900632,-2.23792618934,-0.0,-0.0,-0.0,3.47790993972,2.59534995492,-2.26641396716,map_000000266.png
4.0820054305,2.77722041066,-2.23804936071,-0.0,-0.0,-0.0,3.47790993972,2.59534995492,-2.26641396716,map_000000267.png
4.08207628241,2.77716367111,-2.23795400913,-0.0,-0.0,-0.0,3.47790993972,2.59534995492,-2.26641396716,map_000000268.png
4.08215043916,2.7771035439,-2.2379564255,-0.0,-0.0,-0.0,3.47790993972,2.59534995492,-2.26641396716,map_000000269.png
4.08222505474,2.77704360008,-2.23793737054,-0.0,-0.0,-1.0,3.47790993972,2.59534995492,-2.26641396716,map_000000270.png
4.08097027415,2.77515534428,-2.25762927174,-0.0,-0.0,-1.0,3.47790993972,2.59534995492,-2.26641396716,map_000000271.png
4.07489294242,2.76745115337,-2.34276835445,-0.0,-0.0,-1.0,3.47790993972,2.59534995492,-2.26641396716,map_000000272.png
4.06848035451,2.76047684842,-2.4245076298,-0.0,-0.0,-1.0,3.47790993972,2.59534995492,-2.26641396716,map_000000273.png
4.06158413506,2.75400508476,-2.50616554953,-0.0,-0.0,-1.0,3.47790993972,2.59534995492,-2.26641396716,map_000000274.png
4.05390400705,2.74780252989,-2.59100563671,-0.0,-0.0,-0.210104674101,3.47790993972,2.59534995492,-2.26641396716,map_000000275.png
4.04897261326,2.7442105245,-2.64041677516,-0.0,-0.0,-0.0,3.47790993972,2.59534995492,-2.26641396716,map_000000276.png
4.04755631896,2.74311298606,-2.65153304305,-0.0,-0.0,-0.0,3.47790993972,2.59534995492,-2.26641396716,map_000000277.png
4.04761179672,2.74298638776,-2.6514742577,-0.0,-0.0,-0.0,3.47790993972,2.59534995492,-2.26641396716,map_000000278.png
4.04765726962,2.74288201394,-2.65142115316,-0.0,-0.0,-0.0,3.47790993972,2.59534995492,-2.26641396716,map_000000279.png
4.04770242354,2.74277807743,-2.65134078125,-0.0,-0.0,-0.0,3.47790993972,2.59534995492,-2.26641396716,map_000000280.png
4.04774980202,2.74266961153,-2.65129945636,-0.0,-0.0,-0.0,3.47790993972,2.59534995492,-2.26641396716,map_000000281.png
4.04780796133,2.74253951533,-2.65134433085,-0.0,-0.0,-0.0,3.47790993972,2.59534995492,-2.26641396716,map_000000282.png
4.04785100009,2.74243882138,-2.65118842946,-0.0,-0.0,-0.0,3.47790993972,2.59534995492,-2.26641396716,map_000000283.png
4.04789609103,2.74233470148,-2.65112735491,-0.0,-0.0,-0.0,3.47790993972,2.59534995492,-2.26641396716,map_000000284.png
4.04794166815,2.74223060298,-2.65105239223,-0.0,-0.0,-0.0,3.47790993972,2.59534995492,-2.26641396716,map_000000285.png
4.048001614,2.74209630097,-2.65111046591,-0.0,-0.0,-0.0,3.47790993972,2.59534995492,-2.26641396716,map_000000286.png
4.04804460093,2.74199563522,-2.65095133411,0.261764883995,-0.0,-0.0,3.47790993972,2.59534995492,-2.26641396716,map_000000287.png
4.0370760059,2.73615388429,-2.65189597608,0.5,-0.0,-0.0,3.47790993972,2.59534995492,-2.26641396716,map_000000288.png
4.00651384592,2.72008250703,-2.65400301981,0.5,-0.0,-0.0,3.47790993972,2.59534995492,-2.26641396716,map_000000289.png
3.96252265086,2.69697932753,-2.65618272794,0.5,-0.0,-0.0,3.47790993972,2.59534995492,-2.26641396716,map_000000290.png
3.91671760346,2.67304594793,-2.65835075316,0.5,-0.0,-0.0,3.47790993972,2.59534995492,-2.26641396716,map_000000291.png
3.8726146423,2.65011269451,-2.66025758803,-0.0,-0.0,-0.0,3.47790993972,2.59534995492,-2.26641396716,map_000000292.png
3.8585330879,2.64270607897,-2.66093999348,-0.0,-0.0,-0.0,3.47790993972,2.59534995492,-2.26641396716,map_000000293.png
3.85857993785,2.64259615657,-2.66087809427,-0.0,-0.0,-0.0,3.47790993972,2.59534995492,-2.26641396716,map_000000294.png
3.8586374829,2.64246415095,-2.66092417349,-0.0,-0.0,-0.0,3.47790993972,2.59534995492,-2.26641396716,map_000000295.png
3.85867996253,2.64236178604,-2.66076259349,-0.0,-0.0,-0.0,3.47790993972,2.59534995492,-2.26641396716,map_000000296.png
3.85872472282,2.64225616101,-2.66070485351,-0.0,-0.0,-0.0,3.47790993972,2.59534995492,-2.26641396716,map_000000297.png
3.85876972102,2.64215049412,-2.66062849233,0.361083567142,-0.0,-0.0,3.47790993972,2.59534995492,-2.26641396716,map_000000298.png
3.83581262391,2.63021628456,-2.66148526174,0.5,-0.0,-0.0,3.47790993972,2.59534995492,-2.26641396716,map_000000299.png
3.79568544487,2.60941229443,-2.66235798484,0.5,-0.0,-0.0,3.47790993972,2.59534995492,-2.26641396716,map_000000300.png
3.75139235321,2.58648236857,-2.66314070594,0.5,-0.0,-0.0,3.47790993972,2.59534995492,-2.26641396716,map_000000301.png
3.75139235321,2.58648236857,-2.66314070594,0.5,-0.0,-0.0,3.47790993972,2.59534995492,-2.26641396716,map_000000302.png
3.70531045767,2.56267909962,-2.66401234708,0.5,-0.0,-0.0,3.47790993972,2.59534995492,-2.26641396716,map_000000303.png
3.6609845594,2.5398335064,-2.66490587448,-0.0,-0.0,-0.0,3.47790993972,2.59534995492,-2.26641396716,map_000000304.png
3.61663281086,2.51701680908,-2.66568713614,-0.0,-0.0,-0.0,3.47790993972,2.59534995492,-2.26641396716,map_000000305.png
3.60424866037,2.51055930134,-2.66591668739,-0.0,-0.0,-0.0,3.47790993972,2.59534995492,-2.26641396716,map_000000306.png
3.60429521584,2.51044831729,-2.66587492738,-0.0,-0.0,-0.0,3.47790993972,2.59534995492,-2.26641396716,map_000000307.png
3.60435240076,2.51031533631,-2.66592180585,-0.0,-0.0,-0.0,3.47790993972,2.59534995492,-2.26641396716,map_000000308.png
3.60439481439,2.51021217557,-2.66576267303,-0.0,-0.0,-0.0,3.47790993972,2.59534995492,-2.26641396716,map_000000309.png
3.6044392258,2.51010570226,-2.66570149007,-0.0,-0.0,-0.0,3.47790993972,2.59534995492,-2.26641396716,map_000000310.png
3.604484005,2.5099991524,-2.66562479441,-0.0,-0.0,-0.0,3.47790993972,2.59534995492,-2.26641396716,map_000000311.png
3.60454299089,2.50986196138,-2.66568594382,-0.0,-0.0,-0.0,3.47790993972,2.59534995492,-2.26641396716,map_000000312.png
3.60458536139,2.50975881625,-2.66552376551,-0.0,-0.0,-0.0,3.47790993972,2.59534995492,-2.26641396716,map_000000313.png
3.60463020536,2.50965223985,-2.66547093158,-0.0,-0.0,-0.0,3.47790993972,2.59534995492,-2.26641396716,map_000000314.png
3.60467455252,2.5095459586,-2.66538848133,0.498226106167,-0.0,-0.0,3.47790993972,2.59534995492,-2.26641396716,map_000000315.png
3.6047211859,2.50943505775,-2.66534696628,0.38944670558,-0.0,-0.0,3.47790993972,2.59534995492,-2.26641396716,map_000000316.png
3.55885793419,2.48601205069,-2.66750513006,0.38944670558,-0.0,-0.0,3.47790993972,2.59534995492,-2.26641396716,map_000000317.png
3.52244677491,2.46753122534,-2.66946883453,-0.0,-0.0,-0.0,3.47790993972,2.59534995492,-2.26641396716,map_000000318.png
3.50869098261,2.46047262384,-2.67027662863,-0.0,-0.0,-0.0,3.47790993972,2.59534995492,-2.26641396716,map_000000319.png
3.50873518304,2.46036539829,-2.67021780097,-0.0,-0.0,-0.0,3.47790993972,2.59534995492,-2.26641396716,map_000000320.png
3.50877959622,2.46025807731,-2.67013978787,-0.0,-0.0,-0.0,3.47790993972,2.59534995492,-2.26641396716,map_000000321.png
3.50882604805,2.46014639647,-2.67009890786,-0.0,-0.0,-0.0,3.47790993972,2.59534995492,-2.26641396716,map_000000322.png
3.50888047017,2.46001605963,-2.67003896945,-0.0,-0.0,-0.0,3.47790993972,2.59534995492,-2.26641396716,map_000000323.png
3.50892514931,2.45990871841,-2.66998632683,-0.0,-0.0,-0.0,3.47790993972,2.59534995492,-2.26641396716,map_000000324.png
3.50896937074,2.45980152295,-2.66992502765,-0.0,-0.0,-0.0,3.47790993972,2.59534995492,-2.26641396716,map_000000325.png
3.50901569885,2.45969001799,-2.66986229465,-0.0,-0.0,-0.0,3.47790993972,2.59534995492,-2.26641396716,map_000000326.png
3.50907262017,2.45955624848,-2.66991031758,-0.0,-0.0,0.0761665701866,3.47790993972,2.59534995492,-2.26641396716,map_000000327.png
3.50913809076,2.45946653397,-2.66949079337,-0.0,-0.0,0.419347196817,3.47790993972,2.59534995492,-2.26641396716,map_000000328.png
3.51003472333,2.45989950635,-2.66518906102,-0.0,-0.0,0.419347196817,3.47790993972,2.59534995492,-2.26641396716,map_000000329.png
3.51299320203,2.4618666806,-2.63612351354,-0.0,-0.0,0.684705674648,3.47790993972,2.59534995492,-2.26641396716,map_000000330.png
3.51774765873,2.46527910031,-2.58588142444,-0.0,-0.0,0.854007065296,3.47790993972,2.59534995492,-2.26641396716,map_000000331.png
3.5232873351,2.46966261968,-2.52283506441,-0.0,-0.0,1.0,3.47790993972,2.59534995492,-2.26641396716,map_000000332.png
3.52939826023,2.47515591029,-2.44879838473,-0.0,-0.0,1.0,3.47790993972,2.59534995492,-2.26641396716,map_000000333.png
3.53603484869,2.48209598491,-2.36220432295,-0.0,-0.0,1.0,3.47790993972,2.59534995492,-2.26641396716,map_000000334.png
3.54184093968,2.48924165931,-2.27858243006,-0.0,-0.0,1.0,3.47790993972,2.59534995492,-2.26641396716,map_000000335.png
3.54707112164,2.49682464734,-2.19514006368,-0.0,-0.0,1.0,3.47790993972,2.59534995492,-2.26641396716,map_000000336.png
3.55189979694,2.5051445605,-2.10872254627,-0.0,-0.0,0.423886835575,3.47790993972,2.59534995492,-2.26641396716,map_000000337.png
3.55494430606,2.51120356736,-2.04906242807,-0.0,-0.0,-0.0,3.47790993972,2.59534995492,-2.26641396716,map_000000338.png

