
-5.95783269842,0.46547696041,0.651137476299,-0.0,-0.0,-0.0,-5.13307879415,4.36839076665,-1.59423493524,map_000000022.png
-5.95784225471,0.465486513549,0.651143916505,0.186098054051,-0.209711745381,-0.0,-5.13307879415,4.36839076665,-1.59423493524,map_000000023.png
-5.94355119508,0.462688824745,0.651149172849,0.304319143295,-0.472170948982,-0.0,-5.13307879415,4.36839076665,-1.59423493524,map_000000024.png
-5.90896599766,0.453452730259,0.65114712298,0.311414688826,-0.472170948982,-0.0,-5.13307879415,4.36839076665,-1.59423493524,map_000000025.png
-5.85401781055,0.433589946801,0.651135084659,0.311414688826,-0.472170948982,-0.0,-5.13307879415,4.36839076665,-1.59423493524,map_000000026.png
-5.82682761738,0.423151311612,0.64992636534,0.311414688826,-0.472170948982,-0.0,-5.13307879415,4.36839076665,-1.59423493524,map_000000027.png
-5.80037078115,0.413046664144,0.649099099891,0.311414688826,-0.472170948982,-0.0,-5.13307879415,4.36839076665,-1.59423493524,map_000000028.png
-5.77171241991,0.402399298926,0.648635810003,0.311414688826,-0.472170948982,-0.0,-5.13307879415,4.36839076665,-1.59423493524,map_000000029.png
-5.74536203569,0.391906923877,0.647673098167,0.351622819901,-0.460345000029,-0.0,-5.13307879415,4.36839076665,-1.59423493524,map_000000030.png
-5.71830622235,0.382832848042,0.646725275964,0.479304641485,-0.351584672928,-0.0,-5.13307879415,4.36839076665,-1.59423493524,map_000000031.png
-5.68826197313,0.378680834046,0.644536530812,0.486400187016,-0.299550622702,-0.0,-5.13307879415,4.36839076665,-1.59423493524,map_000000032.png
-5.68826197313,0.378680834046,0.644536530812,0.5,-0.129314556718,-0.0,-5.13307879415,4.36839076665,-1.59423493524,map_000000033.png
-5.65384341388,0.386680263744,0.640864047565,0.5,-0.129314556718,-0.0,-5.13307879415,4.36839076665,-1.59423493524,map_000000034.png
-5.62306559182,0.399694549412,0.637118160983,0.5,-0.129314556718,-0.0,-5.13307879415,4.36839076665,-1.59423493524,map_000000035.png
-5.59163505579,0.423829291557,0.633231465084,0.5,-0.00397885078564,-0.0,-5.13307879415,4.36839076665,-1.59423493524,map_000000036.png
-5.56099556836,0.456417854775,0.630946549533,0.5,-0.00397885078564,-0.0,-5.13307879415,4.36839076665,-1.59423493524,map_000000037.png
-5.53055144321,0.490241119737,0.628275784221,0.5,-0.00397885078564,-0.0,-5.13307879415,4.36839076665,-1.59423493524,map_000000038.png
-5.49626474052,0.524972662107,0.625963601165,0.5,-0.0323610641062,-0.0,-5.13307879415,4.36839076665,-1.59423493524,map_000000039.png
-5.4589731402,0.558377480552,0.62441338067,0.5,-0.0323610641062,-0.0,-5.13307879415,4.36839076665,-1.59423493524,map_000000040.png
-5.42083823896,0.588773663701,0.623203542796,0.5,-0.0323610641062,-0.0,-5.13307879415,4.36839076665,-1.59423493524,map_000000041.png
-5.37792192256,0.617878861014,0.622887276938,0.5,-0.0323610641062,-0.0,-5.13307879415,4.36839076665,-1.59423493524,map_000000042.png
-5.33373351236,0.645459947192,0.62287886336,0.5,-0.0323610641062,-0.0,-5.13307879415,4.36839076665,-1.59423493524,map_000000043.png
-5.29125340398,0.671989533789,0.622876898513,0.5,-0.0323610641062,-0.0,-5.13307879415,4.36839076665,-1.59423493524,map_000000044.png
-5.24708369218,0.699589673155,0.622881462508,0.5,-0.0323610641062,-0.0,-5.13307879415,4.36839076665,-1.59423493524,map_000000045.png
-5.20291379028,0.727190035281,0.622886402996,0.5,-0.0323610641062,-0.0,-5.13307879415,4.36839076665,-1.59423493524,map_000000046.png
-5.16043351591,0.753719354803,0.622884240974,0.5,-0.0323610641062,-0.0,-5.13307879415,4.36839076665,-1.59423493524,map_000000047.png
-5.11624415026,0.766063682552,0.623641437536,0.5,-0.0323610641062,-0.0,-5.13307879415,4.36839076665,-1.59423493524,map_000000048.png
-5.07208610316,0.766057388532,0.625032736271,0.5,-0.0323610641062,-0.0,-5.13307879415,4.36839076665,-1.59423493524,map_000000049.png
-5.02796658156,0.766050122384,0.626425140674,0.5,-0.0323610641062,-0.0,-5.13307879415,4.36839076665,-1.59423493524,map_000000050.png
-4.98361058655,0.76652036729,0.627809487767,0.5,-0.0158047731966,-0.0,-5.13307879415,4.36839076665,-1.59423493524,map_000000051.png
-4.93824414528,0.773609448692,0.628952150634,0.5,-0.0158047731966,-0.0,-5.13307879415,4.36839076665,-1.59423493524,map_000000052.png
-4.89140354499,0.792930748179,0.629613272184,0.5,-0.0,-0.0,-5.13307879415,4.36839076665,-1.59423493524,map_000000053.png
-4.84791384867,0.821353791279,0.629673820736,0.5,-0.0,-0.0,-5.13307879415,4.36839076665,-1.59423493524,map_000000054.png
-4.80658200284,0.849497258907,0.62965965813,0.5,0.0059244055301,-0.0,-5.13307879415,4.36839076665,-1.59423493524,map_000000055.png
-4.76481610846,0.880435538294,0.629650685042,0.5,0.0508629120886,-0.0,-5.13307879415,4.36839076665,-1.59423493524,map_000000056.png
-4.72486362723,0.913862803654,0.629642221384,0.5,0.0508629120886,-0.0,-5.13307879415,4.36839076665,-1.59423493524,map_000000057.png
-4.68747464508,0.947409735592,0.629640758442,0.5,0.0508629120886,-0.0,-5.13307879415,4.36839076665,-1.59423493524,map_000000058.png
-4.64857958662,0.982288490599,0.629632311958,0.5,0.0508629120886,-0.0,-5.13307879415,4.36839076665,-1.59423493524,map_000000059.png
-4.60968423335,1.01716691748,0.629623894921,0.5,0.143066957593,-0.0,-5.13307879415,4.36839076665,-1.59423493524,map_000000060.png
-4.57227474397,1.05069419953,0.629609217794,0.5,0.143066957593,-0.0,-5.13307879415,4.36839076665,-1.59423493524,map_000000061.png
-4.53837133434,1.09242499625,0.629601075018,0.5,0.178544729948,-0.0,-5.13307879415,4.36839076665,-1.59423493524,map_000000062.png
-4.5066220937,1.13711297095,0.629592412671,0.5,0.178544729948,-0.0,-5.13307879415,4.36839076665,-1.59423493524,map_000000063.png
-4.47674587474,1.18097312463,0.62959100202,0.5,0.270767837763,-0.0,-5.13307879415,4.36839076665,-1.59423493524,map_000000064.png
-4.44761792693,1.22925991453,0.629582668055,0.469843894243,0.284939885139,-0.0,-5.13307879415,4.36839076665,-1.59423493524,map_000000065.png
-4.42283436255,1.28248695715,0.629574361419,0.469843894243,0.284939885139,-0.0,-5.13307879415,4.36839076665,-1.59423493524,map_000000066.png
-4.40163530805,1.33314868127,0.629560579615,0.469843894243,0.284939885139,-0.0,-5.13307879415,4.36839076665,-1.59423493524,map_000000067.png
-4.37959802051,1.38584634163,0.629552769188,0.469843894243,0.284939885139,-0.0,-5.13307879415,4.36839076665,-1.59423493524,map_000000068.png
-4.35756032022,1.43854382916,0.629544939211,0.450922429562,0.301496177912,-0.0,-5.13307879415,4.36839076665,-1.59423493524,map_000000069.png
-4.33798150404,1.48936700452,0.629543997694,0.441480755806,0.332243561745,-0.0,-5.13307879415,4.36839076665,-1.59423493524,map_000000070.png
-4.33798150404,1.48936700452,0.629543997694,0.398907423019,0.358241528273,-0.0,-5.13307879415,4.36839076665,-1.59423493524,map_000000071.png
-4.31978081264,1.54322289664,0.629536534868,0.398907423019,0.358241528273,-0.0,-5.13307879415,4.36839076665,-1.59423493524,map_000000072.png
-4.30441160594,1.59804523431,0.629529402041,0.379985958338,0.365337073803,-0.0,-5.13307879415,4.36839076665,-1.59423493524,map_000000073.png
-4.29333293854,1.65043214403,0.62951629756,0.379985958338,0.365337073803,-0.0,-5.13307879415,4.36839076665,-1.59423493524,map_000000074.png
-4.28376397959,1.70438473944,0.629510577789,0.379985958338,0.365337073803,-0.0,-5.13307879415,4.36839076665,-1.59423493524,map_000000075.png
-4.27419468607,1.75833727942,0.629503999023,0.370525211096,0.391354113817,-0.0,-5.13307879415,4.36839076665,-1.59423493524,map_000000076.png
-4.26665545291,1.81133651845,0.629504683534,0.358718365431,0.391354113817,-0.0,-5.13307879415,4.36839076665,-1.59423493524,map_000000077.png
-4.26000686815,1.86650695456,0.62949870723,0.330336153507,0.398449659348,-0.0,-5.13307879415,4.36839076665,-1.59423493524,map_000000078.png
-4.2549000952,1.92090510713,0.629492985684,0.283051550388,0.443369090557,-0.0,-5.13307879415,4.36839076665,-1.59423493524,map_000000079.png
-4.2526820804,1.97266221441,0.629481368911,0.273590803146,0.452829837799,-0.0,-5.13307879415,4.36839076665,-1.59423493524,map_000000080.png
-4.25603168788,2.02723899706,0.62947658387,0.273590803146,0.452829837799,-0.0,-5.13307879415,4.36839076665,-1.59423493524,map_000000081.png
-4.26075497225,2.08203176669,0.629472641579,0.273590803146,0.452829837799,-0.0,-5.13307879415,4.36839076665,-1.59423493524,map_000000082.png
-4.26530595354,2.13472640896,0.629474611239,0.273590803146,0.452829837799,-0.0,-5.13307879415,4.36839076665,-1.59423493524,map_000000083.png
-4.27002876554,2.18951922106,0.629470215369,0.273590803146,0.452829837799,-0.0,-5.13307879415,4.36839076665,-1.59423493524,map_000000084.png
-4.27475133559,2.24431205315,0.629465796017,0.273590803146,0.452829837799,-0.0,-5.13307879415,4.36839076665,-1.59423493524,map_000000085.png
-4.27947366208,2.29910490796,0.629461311535,0.273590803146,0.452829837799,-0.0,-5.13307879415,4.36839076665,-1.59423493524,map_000000086.png
-4.28419574723,2.35389778268,0.629456892312,0.273590803146,0.452829837799,-0.0,-5.13307879415,4.36839076665,-1.59423493524,map_000000087.png
-4.28872639776,2.40657399358,0.629446436648,0.273590803146,0.452829837799,-0.0,-5.13307879415,4.36839076665,-1.59423493524,map_000000088.png
-4.29344800591,2.46136691002,0.629442019663,0.273590803146,0.452829837799,-0.0,-5.13307879415,4.36839076665,-1.59423493524,map_000000089.png
-4.29816937391,2.51615985033,0.629436979383,0.273590803146,0.452829837799,-0.0,-5.13307879415,4.36839076665,-1.59423493524,map_000000090.png
-4.30271850509,2.5688546483,0.629439554022,0.273590803146,0.452829837799,-0.0,-5.13307879415,4.36839076665,-1.59423493524,map_000000091.png
-4.30743939615,2.623647626,0.629435132916,0.394177079201,0.365337073803,-0.0,-5.13307879415,4.36839076665,-1.59423493524,map_000000092.png
-4.30918191242,2.67844584264,0.629430355198,0.394177079201,0.355876326561,-0.0,-5.13307879415,4.36839076665,-1.59423493524,map_000000093.png
-4.29881989603,2.73114823452,0.62941752719,0.401272624731,0.355876326561,-0.0,-5.13307879415,4.36839076665,-1.59423493524,map_000000094.png
-4.28747418542,2.7851732922,0.629411021459,0.401272624731,0.355876326561,-0.0,-5.13307879415,4.36839076665,-1.59423493524,map_000000095.png
-4.27564653645,2.83954897028,0.629404707068,0.401272624731,0.355876326561,-0.0,-5.13307879415,4.36839076665,-1.59423493524,map_000000096.png
-4.26417289473,2.89192274655,0.629404672241,0.401272624731,0.355876326561,-0.0,-5.13307879415,4.36839076665,-1.59423493524,map_000000097.png
-4.25222988131,2.94638176669,0.629398030775,0.408368170261,0.355876326561,-0.0,-5.13307879415,4.36839076665,-1.59423493524,map_000000098.png
-4.24010304522,3.00097430141,0.629391374116,0.377620786428,0.355876326561,-0.0,-5.13307879415,4.36839076665,-1.59423493524,map_000000099.png
-4.22823443228,3.05360209083,0.629377999361,0.358718365431,0.381893366575,-0.0,-5.13307879415,4.36839076665,-1.59423493524,map_000000100.png
-4.21827787325,3.10661362868,0.629372402785,0.358718365431,0.381893366575,-0.0,-5.13307879415,4.36839076665,-1.59423493524,map_000000101.png
-4.2112567201,3.16057557003,0.629366460732,0.297223567963,0.40791040659,-0.0,-5.13307879415,4.36839076665,-1.59423493524,map_000000102.png
-4.20942989356,3.21145603247,0.629367792668,0.287781924009,0.424466699362,-0.0,-5.13307879415,4.36839076665,-1.59423493524,map_000000103.png
-4.21038508263,3.26435873549,0.629363084836,0.287781924009,0.424466699362,-0.0,-5.13307879415,4.36839076665,-1.59423493524,map_000000104.png
-4.21217377043,3.31763693759,0.629358352086,0.287781924009,0.424466699362,-0.0,-5.13307879415,4.36839076665,-1.59423493524,map_000000105.png
-4.21388382581,3.36885671429,0.629347333137,0.287781924009,0.424466699362,-0.0,-5.13307879415,4.36839076665,-1.59423493524,map_000000106.png
-4.21567202574,3.42213493228,0.62934263679,0.287781924009,0.424466699362,-0.0,-5.13307879415,4.36839076665,-1.59423493524,map_000000107.png
-4.21567202574,3.42213493228,0.62934263679,0.287781924009,0.424466699362,-0.0,-5.13307879415,4.36839076665,-1.59423493524,map_000000108.png
-4.21745997533,3.47541315675,0.629338305367,0.287781924009,0.424466699362,-0.0,-5.13307879415,4.36839076665,-1.59423493524,map_000000109.png
-4.21918852633,3.5266515024,0.629340011618,0.287781924009,0.424466699362,-0.0,-5.13307879415,4.36839076665,-1.59423493524,map_000000110.png
-4.22097598825,3.5799297454,0.629335347773,0.259399712086,0.431543171406,-0.0,-5.13307879415,4.36839076665,-1.59423493524,map_000000111.png
-4.2240638591,3.63268096577,0.629330893561,0.249938964844,0.455195009708,-0.0,-5.13307879415,4.36839076665,-1.59423493524,map_000000112.png
-4.22899965563,3.68312790216,0.629320670077,0.193193614483,0.493037968874,-0.0,-5.13307879415,4.36839076665,-1.59423493524,map_000000113.png
-4.23639162422,3.73665059549,0.629316426988,0.141178622842,0.5,-0.0,-5.13307879415,4.36839076665,-1.59423493524,map_000000114.png
-4.25032252804,3.78990400399,0.629313035156,0.141178622842,0.5,-0.0,-5.13307879415,4.36839076665,-1.59423493524,map_000000115.png
-4.26778611242,3.83892068741,0.629317654912,0.0631466135383,0.5,-0.0,-5.13307879415,4.36839076665,-1.59423493524,map_000000116.png
-4.29130588498,3.88608784296,0.629316376623,0.0536858737469,0.5,-0.0,-5.13307879415,4.36839076665,-1.59423493524,map_000000117.png
-4.31701924385,3.93165791117,0.629315663235,0.0536858737469,0.5,-0.0,-5.13307879415,4.36839076665,-1.59423493524,map_000000118.png
-4.34208696806,3.97520908638,0.629308882025,0.0536858737469,0.5,-0.0,-5.13307879415,4.36839076665,-1.59423493524,map_000000119.png
-4.36816721038,4.02051203252,0.629307877344,0.0536858737469,0.5,-0.0,-5.13307879415,4.36839076665,-1.59423493524,map_000000120.png
-4.39424742067,4.06581499505,0.629307176463,0.0536858737469,0.5,-0.0,-5.13307879415,4.36839076665,-1.59423493524,map_000000121.png
-4.41933397528,4.10938488254,0.629312922597,0.0536858737469,0.5,-0.0,-5.13307879415,4.36839076665,-1.59423493524,map_000000122.png
-4.44541412383,4.15468787982,0.629312234364,0.0442251339555,0.5,-0.0,-5.13307879415,4.36839076665,-1.59423493524,map_000000123.png
-4.47201407686,4.19961242509,0.629311620631,0.0158429220319,0.5,-0.0,-5.13307879415,4.36839076665,-1.59423493524,map_000000124.png
-4.49999005825,4.24353513825,0.629311322142,-0.0,0.5,-0.0,-5.13307879415,4.36839076665,-1.59423493524,map_000000125.png
-4.5296087845,4.2862618383,0.629311310581,-0.0177121795714,0.5,-0.0,-5.13307879415,4.36839076665,-1.59423493524,map_000000126.png
-4.55912892103,4.32657137011,0.629305489995,-0.0579012408853,0.5,-0.0,-5.13307879415,4.36839076665,-1.59423493524,map_000000127.png
-4.59120908578,4.36750599862,0.629305941463,-0.0579012408853,0.5,-0.0,-5.13307879415,4.36839076665,-1.59423493524,map_000000128.png
-4.62640683731,4.40617083524,0.629306765371,-0.124126404524,0.5,-0.0,-5.13307879415,4.36839076665,-1.59423493524,map_000000129.png
-4.66457702752,4.44021502957,0.629315072615,-0.124126404524,0.5,-0.0,-5.13307879415,4.36839076665,-1.59423493524,map_000000130.png
-4.70560003669,4.4746386686,0.629317365413,-0.124126404524,0.5,-0.0,-5.13307879415,4.36839076665,-1.59423493524,map_000000131.png
-4.74662312616,4.50906221103,0.629319725577,-0.171411022544,0.5,-0.0,-5.13307879415,4.36839076665,-1.59423493524,map_000000132.png
-4.78682328748,4.54159590073,0.629316134439,-0.254173398018,0.5,-0.0,-5.13307879415,4.36839076665,-1.59423493524,map_000000133.png
-4.83182015695,4.57312614525,0.629319183226,-0.254173398018,0.5,-0.0,-5.13307879415,4.36839076665,-1.59423493524,map_000000134.png
-4.88377213621,4.59959241101,0.629323655523,-0.254173398018,0.5,-0.0,-5.13307879415,4.36839076665,-1.59423493524,map_000000135.png
-4.93373538164,4.62504997534,0.629333967109,-0.294362455606,0.45756021142,-0.0,-5.13307879415,4.36839076665,-1.59423493524,map_000000136.png
-4.98619797719,4.64757610789,0.62933885027,-0.348761707544,0.40791040659,-0.0,-5.13307879415,4.36839076665,-1.59423493524,map_000000137.png
-5.03969765671,4.664265851,0.629344429681,-0.5,0.19746619463,-0.0,-5.13307879415,4.36839076665,-1.59423493524,map_000000138.png
-5.09182273849,4.66944485726,0.629344968033,-0.183236941695,-0.0,-0.0,-5.13307879415,4.36839076665,-1.59423493524,map_000000139.png
-5.14145631228,4.65576681615,0.629353210393,-0.0,-0.0,-0.0,-5.13307879415,4.36839076665,-1.59423493524,map_000000140.png
-5.15685433858,4.64455493292,0.629356299108,-0.0,-0.0,-0.0,-5.13307879415,4.36839076665,-1.59423493524,map_000000141.png
-5.1716696102,4.6337838872,0.629364890361,-0.0,-0.0,-0.0,-5.13307879415,4.36839076665,-1.59423493524,map_000000142.png
-5.17226189219,4.63335255094,0.629365126823,-0.0,-0.0,-1.0,-5.13307879415,4.36839076665,-1.59423493524,map_000000143.png
-5.17256032542,4.63379587825,0.570347264269,-0.0,-0.0,-1.0,-5.13307879415,4.36839076665,-1.59423493524,map_000000144.png
-5.17303705386,4.63459897801,0.472003084827,-0.0,-0.0,-1.0,-5.13307879415,4.36839076665,-1.59423493524,map_000000145.png
-5.1734342519,4.63549591904,0.369730224253,-0.0,-0.0,-1.0,-5.13307879415,4.36839076665,-1.59423493524,map_000000146.png
-5.1734342519,4.63549591904,0.369730224253,-0.0,-0.0,-1.0,-5.13307879415,4.36839076665,-1.59423493524,map_000000147.png
-5.17374246428,4.63642265904,0.267456057447,-0.0,-0.0,-1.0,-5.13307879415,4.36839076665,-1.59423493524,map_000000148.png
-5.173959509,4.63736618243,0.169129553247,-0.0,-0.0,-1.0,-5.13307879415,4.36839076665,-1.59423493524,map_000000149.png
-5.17408505862,4.6383474959,0.0668624719379,-0.0,-0.0,-1.0,-5.13307879415,4.36839076665,-1.59423493524,map_000000150.png
-5.17410024524,4.63932601598,-0.0354086612032,-0.0,-0.0,-1.0,-5.13307879415,4.36839076665,-1.59423493524,map_000000151.png
-5.17404415035,4.6402407622,-0.133757586835,-0.0,-0.0,-1.0,-5.13307879415,4.36839076665,-1.59423493524,map_000000152.png
-5.17387210248,4.64120305883,-0.236031854104,-0.0,-0.0,-1.0,-5.13307879415,4.36839076665,-1.59423493524,map_000000153.png
-5.17360216232,4.64214221411,-0.338306528952,-0.0,-0.0,-1.0,-5.13307879415,4.36839076665,-1.59423493524,map_000000154.png
-5.17324136189,4.64303488766,-0.436636849017,-0.0,-0.0,-1.0,-5.13307879415,4.36839076665,-1.59423493524,map_000000155.png
-5.1727729795,4.64390930754,-0.53890522401,-0.0,-0.0,-1.0,-5.13307879415,4.36839076665,-1.59423493524,map_000000156.png
-5.17223764311,4.64472147209,-0.641182251937,-0.0,-0.0,-1.0,-5.13307879415,4.36839076665,-1.59423493524,map_000000157.png
-5.17164730023,4.64544142792,-0.739527998886,-0.0,-0.0,-1.0,-5.13307879415,4.36839076665,-1.59423493524,map_000000158.png
-5.17095446492,4.64613586611,-0.841801508932,-0.0,-0.0,-1.0,-5.13307879415,4.36839076665,-1.59423493524,map_000000159.png
-5.17019165409,4.64675828162,-0.944073247281,-0.0,-0.0,-1.0,-5.13307879415,4.36839076665,-1.59423493524,map_000000160.png
-5.16937195484,4.64729758014,-1.04634646661,-0.0,-0.0,-1.0,-5.13307879415,4.36839076665,-1.59423493524,map_000000161.png
-5.16850101607,4.6477507778,-1.14861928063,-0.0,-0.0,-1.0,-5.13307879415,4.36839076665,-1.59423493524,map_000000162.png
-5.16760411171,4.64809472646,-1.24695001334,-0.0,-0.0,-1.0,-5.13307879415,4.36839076665,-1.59423493524,map_000000163.png
-5.16665603264,4.64836545361,-1.34922011193,-0.0,-0.0,-1.0,-5.13307879415,4.36839076665,-1.59423493524,map_000000164.png
-5.16567782726,4.64854616161,-1.45148435794,-0.0,-0.0,-1.0,-5.13307879415,4.36839076665,-1.59423493524,map_000000165.png
-5.16474672328,4.6486253028,-1.54982526261,-0.0,-0.0,-1.0,-5.13307879415,4.36839076665,-1.59423493524,map_000000166.png
-5.16377741391,4.64859333024,-1.65210256016,-0.0,-0.0,-0.0,-5.13307879415,4.36839076665,-1.59423493524,map_000000167.png
-5.16279853192,4.64846338105,-1.75437251201,-0.0,-0.0,-0.0,-5.13307879415,4.36839076665,-1.59423493524,map_000000168.png
-5.16274122939,4.64845107664,-1.75829627003,-0.0,-0.0,-0.0,-5.13307879415,4.36839076665,-1.59423493524,map_000000169.png
-5.16274116897,4.64845101536,-1.75829626689,-0.0,-0.0,-0.0,-5.13307879415,4.36839076665,-1.59423493524,map_000000170.png
-5.16274121143,4.64845104986,-1.75829628196,0.190828427672,-0.0,-0.0,-5.13307879415,4.36839076665,-1.59423493524,map_000000171.png
-5.16443861631,4.63944565655,-1.75829097949,0.5,-0.0583780929446,-0.0,-5.13307879415,4.36839076665,-1.59423493524,map_000000172.png
-5.17136451211,4.61176574385,-1.75829604767,0.5,-0.0914716050029,-0.0,-5.13307879415,4.36839076665,-1.59423493524,map_000000173.png
-5.18739723991,4.56189198608,-1.7582895376,0.5,-0.0914716050029,-0.0,-5.13307879415,4.36839076665,-1.59423493524,map_000000174.png
-5.20570670899,4.51450001712,-1.75829420505,0.5,-0.0914716050029,-0.0,-5.13307879415,4.36839076665,-1.59423493524,map_000000175.png
-5.22473904362,4.46520228756,-1.75829339106,0.5,-0.178964361548,-0.0,-5.13307879415,4.36839076665,-1.59423493524,map_000000176.png
-5.2503015325,4.41714372229,-1.75829212165,0.5,-0.178964361548,-0.0,-5.13307879415,4.36839076665,-1.59423493524,map_000000177.png
-5.27719484917,4.37137167909,-1.75829100301,0.5,-0.178964361548,-0.0,-5.13307879415,4.36839076665,-1.59423493524,map_000000178.png
-5.30515390862,4.32376056403,-1.75828420031,0.5,-0.178964361548,-0.0,-5.13307879415,4.36839076665,-1.59423493524,map_000000179.png
-5.33313200711,4.27616717226,-1.75828837327,0.5,-0.178964361548,-0.0,-5.13307879415,4.36839076665,-1.59423493524,map_000000180.png
-5.36002456035,4.23039632228,-1.75828747177,0.0702230930328,-0.178964361548,-0.0,-5.13307879415,4.36839076665,-1.59423493524,map_000000181.png
-5.38799285421,4.18279408115,-1.75828606684,0.0702230930328,-0.178964361548,-0.0,-5.13307879415,4.36839076665,-1.59423493524,map_000000182.png
-5.409234927,4.17064694081,-1.75828540336,-0.0,-0.0,-0.0,-5.13307879415,4.36839076665,-1.59423493524,map_000000183.png
-5.409234927,4.17064694081,-1.75828540336,0.18136768043,0.5,-0.0,-5.13307879415,4.36839076665,-1.59423493524,map_000000184.png
-5.41602413475,4.16935511489,-1.75828004516,0.18136768043,0.5,-0.0,-5.13307879415,4.36839076665,-1.59423493524,map_000000185.png
-5.39408459471,4.15634265602,-1.75828566624,0.112796410918,0.5,-0.0,-5.13307879415,4.36839076665,-1.59423493524,map_000000186.png
-5.34611111987,4.13027474286,-1.75828206942,0.0844141989946,0.5,-0.0,-5.13307879415,4.36839076665,-1.59423493524,map_000000187.png
-5.29909514905,4.11000136017,-1.75828884854,0.0749534592032,0.5,-0.0,-5.13307879415,4.36839076665,-1.59423493524,map_000000188.png
-5.24966057459,4.09169015438,-1.7582903592,0.0749534592032,0.5,-0.0,-5.13307879415,4.36839076665,-1.59423493524,map_000000189.png
-5.20005699582,4.07427088528,-1.75829225133,-0.0,0.126529738307,-0.0,-5.13307879415,4.36839076665,-1.59423493524,map_000000190.png
-5.17916210702,4.06847625452,-1.75829277877,-0.0,0.0106547744945,-0.0,-5.13307879415,4.36839076665,-1.59423493524,map_000000191.png
-5.17260197315,4.06722406628,-1.75828786498,-0.0,-0.0,-0.0,-5.13307879415,4.36839076665,-1.59423493524,map_000000192.png
-5.17194155537,4.06710632211,-1.75829302697,-0.0,-0.0,-0.0,-5.13307879415,4.36839076665,-1.59423493524,map_000000193.png
-5.1719416191,4.06710639132,-1.75829303067,-0.0,-0.0,-0.0,-5.13307879415,4.36839076665,-1.59423493524,map_000000194.png
-5.17194155952,4.0671063324,-1.75829299173,-0.0,-0.0,-0.0,-5.13307879415,4.36839076665,-1.59423493524,map_000000195.png
-5.17194160214,4.06710636693,-1.7582929908,-0.0,-0.0,-0.0,-5.13307879415,4.36839076665,-1.59423493524,map_000000196.png
-5.17193221981,4.06709694491,-1.75828752266,-0.0,-0.0,-0.0,-5.13307879415,4.36839076665,-1.59423493524,map_000000197.png
-5.17194151284,4.06710626193,-1.75829307686,-0.0,-0.0,-0.0,-5.13307879415,4.36839076665,-1.59423493524,map_000000198.png
-5.17193219811,4.06709692098,-1.75828816507,-0.0,-0.0,-0.0,-5.13307879415,4.36839076665,-1.59423493524,map_000000199.png
-5.17194149631,4.06710623762,-1.75829293809,-0.0,-0.0,-0.0,-5.13307879415,4.36839076665,-1.59423493524,map_000000200.png
-5.17193217996,4.06709689673,-1.75828829129,-0.5,-0.0,-0.0,-5.13307879415,4.36839076665,-1.59423493524,map_000000201.png
-5.17194150053,4.06710624792,-1.75829288474,-0.5,-0.0,-0.0,-5.13307879415,4.36839076665,-1.59423493524,map_000000202.png
-5.16299761036,4.11424801047,-1.75829345921,-0.5,-0.0,-0.0,-5.13307879415,4.36839076665,-1.59423493524,map_000000203.png
-5.153308299,4.16531799491,-1.75829402592,-0.5,-0.0,-0.0,-5.13307879415,4.36839076665,-1.59423493524,map_000000204.png
-5.1439914871,4.21442461521,-1.75829443942,-0.5,-0.0,-0.0,-5.13307879415,4.36839076665,-1.59423493524,map_000000205.png
-5.13429289759,4.26548497612,-1.75829092408,-0.5,-0.0,-0.0,-5.13307879415,4.36839076665,-1.59423493524,map_000000206.png
-5.12461276065,4.31656496515,-1.75829558665,-0.5,-0.0,-0.0,-5.13307879415,4.36839076665,-1.59423493524,map_000000207.png
-5.11529619933,4.36567042397,-1.75829612354,-0.5,-0.0,-0.0,-5.13307879415,4.36839076665,-1.59423493524,map_000000208.png
-5.10560674925,4.41674038192,-1.75829672019,-0.5,-0.0,-0.0,-5.13307879415,4.36839076665,-1.59423493524,map_000000209.png
-5.09591730644,4.46781074252,-1.75829720283,-0.5,-0.0,-0.0,-5.13307879415,4.36839076665,-1.59423493524,map_000000210.png
-5.08659107747,4.51690731136,-1.75829333485,-0.5,-0.0,-0.0,-5.13307879415,4.36839076665,-1.59423493524,map_000000211.png
-5.07691079958,4.56798727426,-1.7582984103,-0.0,-0.0,-0.0,-5.13307879415,4.36839076665,-1.59423493524,map_000000212.png
-5.07056612663,4.60136940477,-1.75829361328,-0.0,-0.0,-0.0,-5.13307879415,4.36839076665,-1.59423493524,map_000000213.png
-5.07057544416,4.60137875626,-1.758298635,-0.0,-0.0,-0.0,-5.13307879415,4.36839076665,-1.59423493524,map_000000214.png
-5.0705754872,4.60137879088,-1.75829858709,-0.0,-0.0,-0.0,-5.13307879415,4.36839076665,-1.59423493524,map_000000215.png
-5.07057542671,4.6013787318,-1.75829864528,-0.0,-0.0,-0.0,-5.13307879415,4.36839076665,-1.59423493524,map_000000216.png
-5.0705753968,4.60137868567,-1.75829890005,-0.0,-0.0,-0.0,-5.13307879415,4.36839076665,-1.59423493524,map_000000217.png
-5.07056608311,4.60136934491,-1.75829376865,-0.0,-0.0,-0.0,-5.13307879415,4.36839076665,-1.59423493524,map_000000218.png
-5.07057538185,4.60137866167,-1.75829835435,-0.0,-0.0,-0.0,-5.13307879415,4.36839076665,-1.59423493524,map_000000219.png
-5.07057538185,4.60137866167,-1.75829835435,-0.0,-0.0,-0.0,-5.13307879415,4.36839076665,-1.59423493524,map_000000220.png
-5.07057544514,4.60137873083,-1.75829852102,0.0962401181459,-0.0,-0.0,-5.13307879415,4.36839076665,-1.59423493524,map_000000221.png
-5.07057538507,4.60137867178,-1.75829853682,0.0962401181459,-0.0,-0.0,-5.13307879415,4.36839076665,-1.59423493524,map_000000222.png
-5.07057542797,4.60137870635,-1.75829850621,0.0962401181459,-0.0,-0.0,-5.13307879415,4.36839076665,-1.59423493524,map_000000223.png
-5.07207242668,4.5934296608,-1.75829364815,0.5,-0.24280525744,-0.0,-5.13307879415,4.36839076665,-1.59423493524,map_000000224.png
-5.09527874767,4.55972021333,-1.75829724954,0.5,-0.209711745381,-0.0,-5.13307879415,4.36839076665,-1.59423493524,map_000000225.png
-5.12806868133,4.51302576884,-1.75829060286,0.5,-0.162408068776,-0.0,-5.13307879415,4.36839076665,-1.59423493524,map_000000226.png
-5.15668997767,4.46759023617,-1.75829479771,0.0986053049564,-0.0,-0.0,-5.13307879415,4.36839076665,-1.59423493524,map_000000227.png
-5.1801563187,4.42403458135,-1.75829334747,-0.0,-0.0,-0.0,-5.13307879415,4.36839076665,-1.59423493524,map_000000228.png
