-2.12527997365,4.47036291539,-2.36514309268,-0.0,-0.0,-0.0,3.7534318901,6.90506481631,-2.74792468832,map_000000073.png
-2.12527028312,4.47035322439,-2.36513692533,0.119891963899,-0.0,-0.0,3.7534318901,6.90506481631,-2.74792468832,map_000000074.png
-2.1307416238,4.46497883567,-2.36513579163,0.266495257616,-0.0,-0.0,3.7534318901,6.90506481631,-2.74792468832,map_000000075.png
-2.1307416238,4.46497883567,-2.36513579163,0.491130560637,-0.0,-0.0,3.7534318901,6.90506481631,-2.74792468832,map_000000076.png
-2.16751691926,4.42887461891,-2.36514023296,0.5,-0.0252655111253,-0.0,3.7534318901,6.90506481631,-2.74792468832,map_000000077.png
-2.16751691926,4.42887461891,-2.36514023296,0.5,-0.0252655111253,-0.0,3.7534318901,6.90506481631,-2.74792468832,map_000000078.png
-2.20411763368,4.3931870885,-2.36513234544,0.5,-0.0252655111253,-0.0,3.7534318901,6.90506481631,-2.74792468832,map_000000079.png
-2.24305106624,4.3586447628,-2.36513782714,0.5,-0.0252655111253,-0.0,3.7534318901,6.90506481631,-2.74792468832,map_000000080.png
-2.28047693854,4.32542251203,-2.3651366976,0.5,-0.0347262471914,-0.0,3.7534318901,6.90506481631,-2.74792468832,map_000000081.png
-2.31987428385,4.29135979415,-2.36513556191,0.5,-0.0347262471914,-0.0,3.7534318901,6.90506481631,-2.74792468832,map_000000082.png
-2.35948985122,4.25750671194,-2.36513436734,0.5,-0.0347262471914,-0.0,3.7534318901,6.90506481631,-2.74792468832,map_000000083.png
-2.39756918993,4.22494885135,-2.36512627835,0.5,-0.063108459115,-0.0,3.7534318901,6.90506481631,-2.74792468832,map_000000084.png
-2.43750975825,4.19143180258,-2.36513176743,0.5,-0.0725501254201,-0.0,3.7534318901,6.90506481631,-2.74792468832,map_000000085.png
-2.47919854962,4.15967782762,-2.36513005618,-0.0,-0.0,-0.0,3.7534318901,6.90506481631,-2.74792468832,map_000000086.png
-2.51992455035,4.12983918652,-2.3651291972,-0.0,-0.0,-0.0,3.7534318901,6.90506481631,-2.74792468832,map_000000087.png
-2.52970492007,4.12267174788,-2.36512876395,-0.0,-0.0,-0.0,3.7534318901,6.90506481631,-2.74792468832,map_000000088.png
-2.52970488851,4.12267170785,-2.36512872992,-0.0,-0.0,-0.0,3.7534318901,6.90506481631,-2.74792468832,map_000000089.png
-2.52970489646,4.12267166949,-2.3651288195,-0.0,-0.0,-0.0,3.7534318901,6.90506481631,-2.74792468832,map_000000090.png
-2.5297139825,4.12266260093,-2.36512909409,-0.0,-0.0,-0.0,3.7534318901,6.90506481631,-2.74792468832,map_000000091.png
-2.52971152797,4.12266505,-2.36512890978,0.271225631237,-0.117488630116,-0.0,3.7534318901,6.90506481631,-2.74792468832,map_000000092.png
-2.52970493361,4.12267168238,-2.36512870403,0.271225631237,-0.117488630116,-0.0,3.7534318901,6.90506481631,-2.74792468832,map_000000093.png
-2.55396791199,4.11332536637,-2.36512769318,0.318510234356,-0.311376541853,-0.0,3.7534318901,6.90506481631,-2.74792468832,map_000000094.png
-2.59484939967,4.10985002177,-2.36512626091,0.35398799181,-0.446153908968,-0.0,3.7534318901,6.90506481631,-2.74792468832,map_000000095.png
-2.645609152,4.11343986238,-2.3651235665,0.35398799181,-0.446153908968,-0.0,3.7534318901,6.90506481631,-2.74792468832,map_000000096.png
-2.70436341915,4.12074243325,-2.36512139114,-0.0,-0.0,-0.0,3.7534318901,6.90506481631,-2.74792468832,map_000000097.png
-2.75406397681,4.12691620722,-2.36511262801,-0.0,-0.0,-0.0,3.7534318901,6.90506481631,-2.74792468832,map_000000098.png
-2.7540735967,4.12692581095,-2.36511892007,-0.0,-0.0,-0.0,3.7534318901,6.90506481631,-2.74792468832,map_000000099.png
-2.75407356437,4.12692584936,-2.36511897676,-0.0,-0.0,-0.0,3.7534318901,6.90506481631,-2.74792468832,map_000000100.png
-2.75407030409,4.12692909585,-2.36511896741,-0.0,-0.0,-0.310739457607,3.7534318901,6.90506481631,-2.74792468832,map_000000101.png
-2.75394153494,4.12680935054,-2.3834524706,-0.0,-0.0,-1.0,3.7534318901,6.90506481631,-2.74792468832,map_000000102.png
-2.75357722532,4.12637877112,-2.44506733569,-0.0,-0.0,-1.0,3.7534318901,6.90506481631,-2.74792468832,map_000000103.png
-2.75297620647,4.12559507724,-2.54733767769,-0.0,-0.0,-1.0,3.7534318901,6.90506481631,-2.74792468832,map_000000104.png
-2.75250119184,4.12480537159,-2.64568735976,-0.0,-0.0,-1.0,3.7534318901,6.90506481631,-2.74792468832,map_000000105.png
-2.75207897794,4.1239255306,-2.74796225761,-0.0,-0.0,-1.0,3.7534318901,6.90506481631,-2.74792468832,map_000000106.png
-2.75174439294,4.12300211313,-2.85023397058,-0.0,-0.0,-1.0,3.7534318901,6.90506481631,-2.74792468832,map_000000107.png
-2.75150163519,4.12206029128,-2.94855874294,-0.0,-0.0,-1.0,3.7534318901,6.90506481631,-2.74792468832,map_000000108.png
-2.75135552251,4.12112529349,-3.04689395727,-0.0,-0.0,-1.0,3.7534318901,6.90506481631,-2.74792468832,map_000000109.png
-2.75130907918,4.12015616821,3.13401595506,-0.0,-0.0,-1.0,3.7534318901,6.90506481631,-2.74792468832,map_000000110.png
-2.75135912948,4.11919660047,3.03568656906,-0.0,-0.0,-1.0,3.7534318901,6.90506481631,-2.74792468832,map_000000111.png
-2.75151008452,4.11822614024,2.9334139682,-0.0,-0.0,-1.0,3.7534318901,6.90506481631,-2.74792468832,map_000000112.png
-2.7517436495,4.11729178798,2.8311329215,-0.0,-0.0,-1.0,3.7534318901,6.90506481631,-2.74792468832,map_000000113.png
-2.75206341238,4.11642727114,2.73278308557,-0.0,-0.0,-1.0,3.7534318901,6.90506481631,-2.74792468832,map_000000114.png
-2.75249708857,4.11554400617,2.63051103696,-0.0,-0.0,-1.0,3.7534318901,6.90506481631,-2.74792468832,map_000000115.png
-2.75249708857,4.11554400617,2.63051103696,-0.0,-0.0,-1.0,3.7534318901,6.90506481631,-2.74792468832,map_000000116.png
-2.75361046908,4.11394587838,2.42990996765,-0.0,-0.0,-1.0,3.7534318901,6.90506481631,-2.74792468832,map_000000117.png
-2.75361046908,4.11394587838,2.42990996765,-0.0,-0.0,-1.0,3.7534318901,6.90506481631,-2.74792468832,map_000000118.png
-2.75428487856,4.11323395315,2.32763638988,-0.0,-0.0,-1.0,3.7534318901,6.90506481631,-2.74792468832,map_000000119.png
-2.7550305354,4.11259277081,2.2253640566,-0.0,-0.0,-1.0,3.7534318901,6.90506481631,-2.74792468832,map_000000120.png
-2.7557895277,4.1120612373,2.1270164888,-0.0,-0.0,-1.0,3.7534318901,6.90506481631,-2.74792468832,map_000000121.png
-2.75664756098,4.11158991679,2.02474242912,-0.0,-0.0,-1.0,3.7534318901,6.90506481631,-2.74792468832,map_000000122.png
-2.75754918418,4.11120047674,1.92247039536,-0.0,-0.0,-1.0,3.7534318901,6.90506481631,-2.74792468832,map_000000123.png
-2.7584656893,4.11091129574,1.82414044174,-0.0,-0.0,-1.0,3.7534318901,6.90506481631,-2.74792468832,map_000000124.png
-2.75943431279,4.11070330274,1.72187312077,-0.0,-0.0,-1.0,3.7534318901,6.90506481631,-2.74792468832,map_000000125.png
-2.76041272162,4.11059095784,1.61960413763,-0.0,-0.0,-1.0,3.7534318901,6.90506481631,-2.74792468832,map_000000126.png
-2.76135767154,4.1105900486,1.52126687175,-0.0,-0.0,-1.0,3.7534318901,6.90506481631,-2.74792468832,map_000000127.png
-2.76231680392,4.11068414552,1.41898614679,-0.0,-0.0,-1.0,3.7534318901,6.90506481631,-2.74792468832,map_000000128.png
-2.76327295172,4.11087077327,1.31671010484,-0.0,-0.0,-1.0,3.7534318901,6.90506481631,-2.74792468832,map_000000129.png
-2.76418695727,4.11114899013,1.21837679766,-0.0,-0.0,-1.0,3.7534318901,6.90506481631,-2.74792468832,map_000000130.png
-2.76508901604,4.1115305027,1.11610280526,-0.0,-0.0,-0.997062563896,3.7534318901,6.90506481631,-2.74792468832,map_000000131.png
-2.76595409912,4.11201304458,1.01383376847,-0.0,-0.0,-0.0,3.7534318901,6.90506481631,-2.74792468832,map_000000132.png
-2.76671314735,4.11253261742,0.915773278326,-0.0,-0.0,-0.0,3.7534318901,6.90506481631,-2.74792468832,map_000000133.png
-2.76689347495,4.11267632105,0.896183071882,-0.0,-0.0,-0.0,3.7534318901,6.90506481631,-2.74792468832,map_000000134.png
-2.76690301801,4.11268588849,0.896189269759,-0.0,-0.0,-0.0,3.7534318901,6.90506481631,-2.74792468832,map_000000135.png
-2.76690300267,4.11268588164,0.896189149056,0.450922429562,-0.0,-0.0,3.7534318901,6.90506481631,-2.74792468832,map_000000136.png
-2.75788175459,4.12393781484,0.896181407856,0.5,-0.0,-0.0,3.7534318901,6.90506481631,-2.74792468832,map_000000137.png
-2.72811567645,4.16116116809,0.896181879606,0.5,-0.0,-0.0,3.7534318901,6.90506481631,-2.74792468832,map_000000138.png
-2.69689884578,4.2001922325,0.896180373507,0.5,-0.0,-0.0,3.7534318901,6.90506481631,-2.74792468832,map_000000139.png
-2.66442345944,4.24077493626,0.896171814591,0.5,-0.0,-0.0,3.7534318901,6.90506481631,-2.74792468832,map_000000140.png
-2.63196757104,4.28137671418,0.896177275712,0.5,-0.0,-0.0,3.7534318901,6.90506481631,-2.74792468832,map_000000141.png
-2.60075056557,4.32040763898,0.896175942953,0.5,-0.0,-0.0,3.7534318901,6.90506481631,-2.74792468832,map_000000142.png
-2.56829425765,4.36100947261,0.896181227436,0.5,-0.0,-0.0,3.7534318901,6.90506481631,-2.74792468832,map_000000143.png
-2.5358161102,4.40158945295,0.89617118587,0.5,-0.0,-0.0,3.7534318901,6.90506481631,-2.74792468832,map_000000144.png
-2.5045989321,4.44062023947,0.896169741337,0.5,-0.0,-0.0,3.7534318901,6.90506481631,-2.74792468832,map_000000145.png
-2.47213599986,4.48121456567,0.896170084402,0.5,-0.0,-0.0,3.7534318901,6.90506481631,-2.74792468832,map_000000146.png
-2.43966019306,4.52179693264,0.896161297394,0.5,-0.0,-0.0,3.7534318901,6.90506481631,-2.74792468832,map_000000147.png
-2.40844283987,4.56082757962,0.896160291054,0.5,-0.0,-0.0,3.7534318901,6.90506481631,-2.74792468832,map_000000148.png
-2.37722543419,4.59985818361,0.896158422205,0.5,-0.0,-0.0,3.7534318901,6.90506481631,-2.74792468832,map_000000149.png
-2.34476900561,4.64045952986,0.896164093075,0.5,-0.0,-0.0,3.7534318901,6.90506481631,-2.74792468832,map_000000150.png
-2.31355148358,4.67949004168,0.896162571541,0.5,-0.0,-0.0,3.7534318901,6.90506481631,-2.74792468832,map_000000151.png
-2.28109463698,4.72009144406,0.896167857516,0.5,-0.0,-0.0,3.7534318901,6.90506481631,-2.74792468832,map_000000152.png
-2.24861595027,4.76067099352,0.896157946818,0.5,-0.0,-0.0,3.7534318901,6.90506481631,-2.74792468832,map_000000153.png
-2.21739825531,4.79970136685,0.896156418674,0.5,-0.0,-0.0,3.7534318901,6.90506481631,-2.74792468832,map_000000154.png
-2.18493478289,4.8402952615,0.896156839398,0.5,-0.0,-0.0,3.7534318901,6.90506481631,-2.74792468832,map_000000155.png
-2.15245843697,4.8808771975,0.896148185243,0.5,-0.0,-0.0,3.7534318901,6.90506481631,-2.74792468832,map_000000156.png
-2.15245843697,4.8808771975,0.896148185243,0.5,-0.0,-0.0,3.7534318901,6.90506481631,-2.74792468832,map_000000157.png
-2.12124056805,4.91990743167,0.896146727675,0.5,-0.0,-0.0,3.7534318901,6.90506481631,-2.74792468832,map_000000158.png
-2.08878366022,4.96050839503,0.896152206093,0.5,-0.00634403526783,-0.0,3.7534318901,6.90506481631,-2.74792468832,map_000000159.png
-2.05632639104,5.00110945954,0.896157585429,0.5,-0.00634403526783,-0.0,3.7534318901,6.90506481631,-2.74792468832,map_000000160.png
-2.02471217625,5.03982267811,0.896155992659,0.5,-0.00634403526783,-0.0,3.7534318901,6.90506481631,-2.74792468832,map_000000161.png
-1.99171798258,5.07998989943,0.896145994578,0.5,-0.00634403526783,-0.0,3.7534318901,6.90506481631,-2.74792468832,map_000000162.png
-1.95873906605,5.12017151513,0.896146321529,0.5,-0.00634403526783,-0.0,3.7534318901,6.90506481631,-2.74792468832,map_000000163.png
-1.92702562901,5.15880536871,0.896144992413,0.5,-0.00634403526783,-0.100276194513,3.7534318901,6.90506481631,-2.74792468832,map_000000164.png
-1.89403791395,5.19897806546,0.895346511321,0.5,-0.0158047731966,-0.530358314514,3.7534318901,6.90506481631,-2.74792468832,map_000000165.png
-1.86091201763,5.23904286988,0.885097584461,0.5,-0.0158047731966,-0.530358314514,3.7534318901,6.90506481631,-2.74792468832,map_000000166.png
-1.82771245053,5.27641357699,0.838023082715,0.5,-0.0158047731966,-0.969595909119,3.7534318901,6.90506481631,-2.74792468832,map_000000167.png
-1.79095586977,5.31316972503,0.752677557776,0.5,-0.0158047731966,-1.0,3.7534318901,6.90506481631,-2.74792468832,map_000000168.png
-1.75092045743,5.34631572312,0.651845924023,0.5,-0.0347262471914,-1.0,3.7534318901,6.90506481631,-2.74792468832,map_000000169.png
-1.70911010108,5.37367731115,0.553505538266,0.5,-0.0441869869828,-0.0,3.7534318901,6.90506481631,-2.74792468832,map_000000170.png
-1.66224417601,5.39628899458,0.466988397022,0.5,-0.0536477230489,-0.0,3.7534318901,6.90506481631,-2.74792468832,map_000000171.png
-1.61376619755,5.41558667138,0.466980689237,0.5,-0.0749153122306,-0.0,3.7534318901,6.90506481631,-2.74792468832,map_000000172.png
-1.56677094955,5.43337428891,0.466978764169,0.5,-0.0749153122306,-0.0,3.7534318901,6.90506481631,-2.74792468832,map_000000173.png
-1.51708453596,5.45027451248,0.466970794121,0.5,-0.0749153122306,-0.0,3.7534318901,6.90506481631,-2.74792468832,map_000000174.png
-1.46716831698,5.46671878563,0.466962854261,0.5,-0.0749153122306,-0.0,3.7534318901,6.90506481631,-2.74792468832,map_000000175.png
-1.41916200199,5.482520831,0.466949152765,0.5,-0.0749153122306,-0.0,3.7534318901,6.90506481631,-2.74792468832,map_000000176.png
-1.36924552631,5.49896432644,0.466940996171,0.5,-0.0749153122306,-0.0,3.7534318901,6.90506481631,-2.74792468832,map_000000177.png
-1.31932891908,5.51540742182,0.466933342604,0.5,-0.0749153122306,-0.0,3.7534318901,6.90506481631,-2.74792468832,map_000000178.png
-1.27134188612,5.53122709969,0.466931632483,0.5,-0.0749153122306,-0.0,3.7534318901,6.90506481631,-2.74792468832,map_000000179.png
-1.22142502353,5.54766941859,0.466923710952,0.5,-0.0749153122306,-0.0,3.7534318901,6.90506481631,-2.74792468832,map_000000180.png
-1.17150803,5.56411134022,0.466915735919,0.5,-0.0749153122306,-0.0,3.7534318901,6.90506481631,-2.74792468832,map_000000181.png
-1.12350097076,5.57991112707,0.466901831441,0.5,-0.0749153122306,-0.0,3.7534318901,6.90506481631,-2.74792468832,map_000000182.png
-1.07358372084,5.59635227025,0.466894002234,0.5,-0.0749153122306,-0.0,3.7534318901,6.90506481631,-2.74792468832,map_000000183.png
-1.02366634016,5.61279301696,0.466885938212,0.5,-0.0749153122306,-0.0,3.7534318901,6.90506481631,-2.74792468832,map_000000184.png
-0.975678562297,5.6286104323,0.466884512928,0.5,-0.0749153122306,-0.0,3.7534318901,6.90506481631,-2.74792468832,map_000000185.png
-0.925760925338,5.6450504005,0.466876617552,0.5,-0.0749153122306,-0.0,3.7534318901,6.90506481631,-2.74792468832,map_000000186.png
-0.875843157604,5.66148997166,0.466868655396,0.5,-0.0749153122306,-0.0,3.7534318901,6.90506481631,-2.74792468832,map_000000187.png
-0.827835355124,5.67728750005,0.466854425682,0.5,-0.0749153122306,-0.0,3.7534318901,6.90506481631,-2.74792468832,map_000000188.png
-0.779847083701,5.69310341598,0.466853360993,0.5,-0.0749153122306,-0.0,3.7534318901,6.90506481631,-2.74792468832,map_000000189.png
-0.729928933739,5.70954182662,0.466845398152,0.5,-0.0749153122306,-0.0,3.7534318901,6.90506481631,-2.74792468832,map_000000190.png
-0.681920763199,5.72533823782,0.466831491458,0.5,-0.0749153122306,-0.0,3.7534318901,6.90506481631,-2.74792468832,map_000000191.png
-0.632002356485,5.74177586808,0.466823850999,0.5,-0.0749153122306,-0.0,3.7534318901,6.90506481631,-2.74792468832,map_000000192.png
-0.582083819391,5.75821310207,0.4668161263,0.5,-0.0749153122306,-0.0,3.7534318901,6.90506481631,-2.74792468832,map_000000193.png
-0.534094930439,5.77402714535,0.466814245607,0.5,-0.0749153122306,-0.0,3.7534318901,6.90506481631,-2.74792468832,map_000000194.png
-0.484176137335,5.79046360226,0.466806243164,0.5,-0.0749153122306,-0.0,3.7534318901,6.90506481631,-2.74792468832,map_000000195.png
-0.484176137335,5.79046360226,0.466806243164,0.5,-0.0749153122306,-0.0,3.7534318901,6.90506481631,-2.74792468832,map_000000196.png
-0.386248297771,5.82269381122,0.466784638893,0.5,-0.0749153122306,-0.0,3.7534318901,6.90506481631,-2.74792468832,map_000000197.png
-0.386248297771,5.82269381122,0.466784638893,0.5,-0.0749153122306,-0.0,3.7534318901,6.90506481631,-2.74792468832,map_000000198.png
-0.336329117599,5.83912909305,0.466776685124,0.5,-0.0749153122306,-0.0,3.7534318901,6.90506481631,-2.74792468832,map_000000199.png
-0.286409806539,5.85556397563,0.466769007309,0.5,-0.0749153122306,-0.0,3.7534318901,6.90506481631,-2.74792468832,map_000000200.png
-0.238420173435,5.87137575819,0.466767130958,0.5,-0.0749153122306,-0.0,3.7534318901,6.90506481631,-2.74792468832,map_000000201.png
-0.188500606719,5.88780986469,0.466759202012,0.5,-0.0749153122306,-0.0,3.7534318901,6.90506481631,-2.74792468832,map_000000202.png
-0.138580909037,5.90424357429,0.466751197796,0.5,-0.0749153122306,-0.0,3.7534318901,6.90506481631,-2.74792468832,map_000000203.png
-0.0905712493796,5.92003546288,0.466737523204,0.5,-0.0749153122306,-0.0,3.7534318901,6.90506481631,-2.74792468832,map_000000204.png
-0.0406512946975,5.93646839165,0.46672989406,0.5,-0.0749153122306,-0.0,3.7534318901,6.90506481631,-2.74792468832,map_000000205.png
0.00926878910707,5.95290092911,0.466721429397,0.5,-0.0749153122306,-0.0,3.7534318901,6.90506481631,-2.74792468832,map_000000206.png
0.0572591673742,5.96871044766,0.466720051216,0.5,-0.0749153122306,-0.0,3.7534318901,6.90506481631,-2.74792468832,map_000000207.png
0.107179509038,5.98514220313,0.466712085839,0.5,-0.0749153122306,-0.0,3.7534318901,6.90506481631,-2.74792468832,map_000000208.png
0.157099980548,6.00157356207,0.466704148706,0.5,-0.0749153122306,-0.0,3.7534318901,6.90506481631,-2.74792468832,map_000000209.png
0.205110383252,6.01736319344,0.4666899225,0.5,-0.0749153122306,-0.0,3.7534318901,6.90506481631,-2.74792468832,map_000000210.png
0.255031112008,6.03379377003,0.466682576155,0.5,-0.0749153122306,-0.0,3.7534318901,6.90506481631,-2.74792468832,map_000000211.png
0.304951971136,6.05022395292,0.466674641047,0.5,-0.0749153122306,-0.0,3.7534318901,6.90506481631,-2.74792468832,map_000000212.png
0.352943093088,6.06603121327,0.466672976292,0.5,-0.0749153122306,-0.0,3.7534318901,6.90506481631,-2.74792468832,map_000000213.png
0.402864207963,6.0824606183,0.466664969265,0.5,-0.0749153122306,-0.0,3.7534318901,6.90506481631,-2.74792468832,map_000000214.png
0.452785453284,6.09888962585,0.466657035122,0.5,-0.0749153122306,-0.0,3.7534318901,6.90506481631,-2.74792468832,map_000000215.png
0.500796600206,6.11467699515,0.466643132922,0.5,-0.0749153122306,-0.0,3.7534318901,6.90506481631,-2.74792468832,map_000000216.png
0.550718102034,6.13110522345,0.466635440441,0.5,-0.0749153122306,-0.0,3.7534318901,6.90506481631,-2.74792468832,map_000000217.png
0.60063973468,6.14753305339,0.466627765952,0.5,-0.0749153122306,-0.0,3.7534318901,6.90506481631,-2.74792468832,map_000000218.png
0.648631599681,6.16333805446,0.466625862733,0.5,-0.0749153122306,-0.0,3.7534318901,6.90506481631,-2.74792468832,map_000000219.png
0.69855348791,6.179765109,0.466617922343,0.5,-0.0749153122306,-0.0,3.7534318901,6.90506481631,-2.74792468832,map_000000220.png
0.748475506875,6.19619176573,0.466609959307,0.5,-0.0749153122306,-0.0,3.7534318901,6.90506481631,-2.74792468832,map_000000221.png
0.748475506875,6.19619176573,0.466609959307,0.5,-0.0749153122306,-0.0,3.7534318901,6.90506481631,-2.74792468832,map_000000222.png
0.846409672749,6.22840275043,0.466588653332,0.5,-0.0749153122306,-0.0,3.7534318901,6.90506481631,-2.74792468832,map_000000223.png
0.896332078556,6.24482823171,0.466580653494,0.5,-0.0749153122306,-0.0,3.7534318901,6.90506481631,-2.74792468832,map_000000224.png
0.94432468759,6.26063097315,0.46657878511,0.5,-0.0749153122306,-0.0,3.7534318901,6.90506481631,-2.74792468832,map_000000225.png
0.994247349138,6.2770556768,0.466570847432,0.5,-0.0749153122306,-0.0,3.7534318901,6.90506481631,-2.74792468832,map_000000226.png
1.04417014195,6.29347998296,0.466562846785,0.5,-0.0749153122306,-0.0,3.7534318901,6.90506481631,-2.74792468832,map_000000227.png
1.09218277628,6.3092628305,0.466549170416,0.5,-0.0749153122306,-0.0,3.7534318901,6.90506481631,-2.74792468832,map_000000228.png
1.14017587823,6.32506407214,0.466547595707,0.5,-0.0749153122306,-0.0,3.7534318901,6.90506481631,-2.74792468832,map_000000229.png
1.19009905237,6.34148721849,0.466539631914,0.5,-0.0749153122306,-0.0,3.7534318901,6.90506481631,-2.74792468832,map_000000230.png
1.23811205417,6.35726895042,0.466525967464,0.5,-0.0749153122306,-0.0,3.7534318901,6.90506481631,-2.74792468832,map_000000231.png
1.28803548493,6.37369131615,0.466518290525,0.5,-0.0749153122306,-0.0,3.7534318901,6.90506481631,-2.74792468832,map_000000232.png
1.33795904463,6.39011329076,0.466509836893,0.5,-0.0749153122306,-0.0,3.7534318901,6.90506481631,-2.74792468832,map_000000233.png
1.38595276493,6.40591265272,0.466508485757,0.5,-0.0749153122306,-0.0,3.7534318901,6.90506481631,-2.74792468832,map_000000234.png
1.43587658174,6.42233384471,0.466500485685,0.5,-0.0749153122306,-0.0,3.7534318901,6.90506481631,-2.74792468832,map_000000235.png
1.43587658174,6.42233384471,0.466500485685,0.5,-0.126949369907,-0.0,3.7534318901,6.90506481631,-2.74792468832,map_000000236.png
1.48580052884,6.43875464023,0.466492522541,0.5,-0.136410102248,-0.0,3.7534318901,6.90506481631,-2.74792468832,map_000000237.png
1.53390785071,6.45434827548,0.466479002629,0.5,-0.136410102248,-0.0,3.7534318901,6.90506481631,-2.74792468832,map_000000238.png
1.58626468618,6.46593726331,0.466470829978,0.5,-0.136410102248,-0.0,3.7534318901,6.90506481631,-2.74792468832,map_000000239.png
1.63899585756,6.47678260106,0.466463024934,0.5,-0.136410102248,-0.0,3.7534318901,6.90506481631,-2.74792468832,map_000000240.png
1.68975457248,6.48708989552,0.466461767782,0.5,-0.136410102248,-0.0,3.7534318901,6.90506481631,-2.74792468832,map_000000241.png
1.74255395486,6.49779928983,0.466453941589,0.5,-0.136410102248,-0.0,3.7534318901,6.90506481631,-2.74792468832,map_000000242.png
1.79535341965,6.5085082715,0.466446105423,0.5,-0.136410102248,-0.0,3.7534318901,6.90506481631,-2.74792468832,map_000000243.png
1.84613205724,6.51879556697,0.466432691469,0.5,-0.136410102248,-0.0,3.7534318901,6.90506481631,-2.74792468832,map_000000244.png
1.89893168709,6.52950373887,0.466425102158,0.5,-0.136410102248,-0.0,3.7534318901,6.90506481631,-2.74792468832,map_000000245.png
1.95173139892,6.54021150114,0.466416976537,0.5,-0.136410102248,-0.0,3.7534318901,6.90506481631,-2.74792468832,map_000000246.png
2.00249059036,6.55051644847,0.466415482581,0.5,-0.136410102248,-0.0,3.7534318901,6.90506481631,-2.74792468832,map_000000247.png
2.05529046661,6.56122340065,0.466407682095,0.5,-0.136410102248,-0.0,3.7534318901,6.90506481631,-2.74792468832,map_000000248.png
2.1080904264,6.57192993986,0.466399857257,0.5,-0.136410102248,-0.0,3.7534318901,6.90506481631,-2.74792468832,map_000000249.png
2.15886954006,6.58221488557,0.466386642936,0.5,-0.136410102248,-0.0,3.7534318901,6.90506481631,-2.74792468832,map_000000250.png
2.21166966464,6.59292061658,0.466378844183,0.5,-0.136410102248,-0.0,3.7534318901,6.90506481631,-2.74792468832,map_000000251.png
2.2644698715,6.60362593842,0.466370409366,0.5,-0.136410102248,-0.0,3.7534318901,6.90506481631,-2.74792468832,map_000000252.png
2.31522953953,6.61392853561,0.466369233052,0.5,-0.136410102248,-0.0,3.7534318901,6.90506481631,-2.74792468832,map_000000253.png
2.36802991244,6.62463304501,0.466361436267,0.5,-0.136410102248,-0.0,3.7534318901,6.90506481631,-2.74792468832,map_000000254.png
2.42083036816,6.63533714211,0.466353613651,0.5,-0.136410102248,-0.0,3.7534318901,6.90506481631,-2.74792468832,map_000000255.png
2.47160995672,6.64561974155,0.466340074578,0.5,-0.136410102248,-0.0,3.7534318901,6.90506481631,-2.74792468832,map_000000256.png
2.52441057662,6.6563230291,0.466332362785,0.5,-0.136410102248,-0.0,3.7534318901,6.90506481631,-2.74792468832,map_000000257.png
2.57721127797,6.66702590709,0.466324251221,0.5,-0.136410102248,-0.0,3.7534318901,6.90506481631,-2.74792468832,map_000000258.png
2.62797142191,6.67732615659,0.46632301549,0.5,-0.136410102248,-0.0,3.7534318901,6.90506481631,-2.74792468832,map_000000259.png
2.68077228878,6.68802822365,0.466315155732,0.5,-0.136410102248,-0.0,3.7534318901,6.90506481631,-2.74792468832,map_000000260.png
2.73357323852,6.69872987816,0.466307332143,0.5,-0.136410102248,-0.0,3.7534318901,6.90506481631,-2.74792468832,map_000000261.png
2.78435330336,6.70901012878,0.466293944472,0.5,-0.136410102248,-0.0,3.7534318901,6.90506481631,-2.74792468832,map_000000262.png
2.83715441822,6.71971097614,0.466285797788,0.5,-0.136410102248,-0.0,3.7534318901,6.90506481631,-2.74792468832,map_000000263.png
2.88995561592,6.7304114084,0.466278206029,0.5,-0.136410102248,-0.0,3.7534318901,6.90506481631,-2.74792468832,map_000000264.png
2.94071623542,6.7407093104,0.466276737275,0.5,-0.136410102248,-0.0,3.7534318901,6.90506481631,-2.74792468832,map_000000265.png
2.99351759695,6.75140893518,0.46626891444,0.5,-0.136410102248,-0.0,3.7534318901,6.90506481631,-2.74792468832,map_000000266.png
3.04631904146,6.76210814728,0.466261051767,0.5,-0.136410102248,-0.0,3.7534318901,6.90506481631,-2.74792468832,map_000000267.png
3.09709958303,6.7723860482,0.466247902756,0.5,-0.136410102248,-0.0,3.7534318901,6.90506481631,-2.74792468832,map_000000268.png
3.14786051721,6.78268239717,0.466246072435,0.5,-0.136410102248,-0.0,3.7534318901,6.90506481631,-2.74792468832,map_000000269.png
3.20066220699,6.7933804049,0.466238278084,0.5,-0.136410102248,-0.0,3.7534318901,6.90506481631,-2.74792468832,map_000000270.png
3.25144298322,6.80365714629,0.466225059803,0.5,-0.136410102248,-0.0,3.7534318901,6.90506481631,-2.74792468832,map_000000271.png
3.30424483636,6.81435434471,0.466217235193,0.5,-0.136410102248,-0.0,3.7534318901,6.90506481631,-2.74792468832,map_000000272.png
3.35704677198,6.82505113512,0.466208824507,0.5,-0.136410102248,-0.0,3.7534318901,6.90506481631,-2.74792468832,map_000000273.png
3.40780810213,6.83534552754,0.466207617875,0.5,-0.136410102248,-0.0,3.7534318901,6.90506481631,-2.74792468832,map_000000274.png
3.46061020231,6.84604150534,0.466199829529,-0.0,-0.0,-0.0,3.7534318901,6.90506481631,-2.74792468832,map_000000275.png
3.46061020231,6.84604150534,0.466199829529,-0.0,-0.0,-0.0,3.7534318901,6.90506481631,-2.74792468832,map_000000276.png
3.50732015068,6.85550305784,0.466192698623,-0.0,-0.0,-0.0,3.7534318901,6.90506481631,-2.74792468832,map_000000277.png
3.50732972291,6.85549352241,0.466186898877,-0.0,-0.0,-0.0,3.7534318901,6.90506481631,-2.74792468832,map_000000278.png
3.507329765,6.85549348555,0.466186970847,-0.0,-0.0,-0.0,3.7534318901,6.90506481631,-2.74792468832,map_000000279.png
3.50732980706,6.85549344934,0.466186889647,-0.0,-0.0,-0.0,3.7534318901,6.90506481631,-2.74792468832,map_000000280.png
3.50732031563,6.85550291472,0.46619266341,-0.0,-0.0,-0.0,3.7534318901,6.90506481631,-2.74792468832,map_000000281.png
3.50732035759,6.85550287842,0.466192633959,-0.0,-0.0,-0.0,3.7534318901,6.90506481631,-2.74792468832,map_000000282.png
3.50732039962,6.85550284199,0.46619262156,-0.0,-0.0,-0.0,3.7534318901,6.90506481631,-2.74792468832,map_000000283.png
3.5073299725,6.85549330431,0.466187186452,-0.0,-0.0,-0.0,3.7534318901,6.90506481631,-2.74792468832,map_000000284.png
3.50733001425,6.85549326909,0.466186954291,-0.0,-0.0,-0.0,3.7534318901,6.90506481631,-2.74792468832,map_000000285.png
3.50733005628,6.85549323265,0.466186938994,-0.0,-0.0,-0.0,3.7534318901,6.90506481631,-2.74792468832,map_000000286.png
3.50732056474,6.85550269851,0.466192625081,-0.0,-0.0,-0.0774254575372,3.7534318901,6.90506481631,-2.74792468832,map_000000287.png
3.50730494607,6.85553410223,0.462538341604,-0.0,-0.0,-1.0,3.7534318901,6.90506481631,-2.74792468832,map_000000288.png
3.50718103128,6.85580724728,0.429208571353,-0.0,-0.0,-1.0,3.7534318901,6.90506481631,-2.74792468832,map_000000289.png
3.5068373171,6.85666214512,0.33085923013,-0.0,-0.0,-1.0,3.7534318901,6.90506481631,-2.74792468832,map_000000290.png
3.50655980378,6.85760614015,0.228588173365,-0.0,-0.0,-1.0,3.7534318901,6.90506481631,-2.74792468832,map_000000291.png
3.50637011327,6.858582756,0.126323046883,-0.0,-0.0,-1.0,3.7534318901,6.90506481631,-2.74792468832,map_000000292.png
3.50629242013,6.85954216825,0.0279953825366,-0.0,-0.0,-1.0,3.7534318901,6.90506481631,-2.74792468832,map_000000293.png
3.50631369624,6.86052223965,-0.0742751626465,-0.0,-0.0,-1.0,3.7534318901,6.90506481631,-2.74792468832,map_000000294.png
3.5064331557,6.86149498819,-0.17654797634,-0.0,-0.0,-1.0,3.7534318901,6.90506481631,-2.74792468832,map_000000295.png
3.50662722,6.86238817155,-0.274901232784,-0.0,-0.0,-1.0,3.7534318901,6.90506481631,-2.74792468832,map_000000296.png
3.50692891443,6.8633113413,-0.377178575658,-0.0,-0.0,-1.0,3.7534318901,6.90506481631,-2.74792468832,map_000000297.png
3.50734095806,6.86420817236,-0.47944894198,-0.0,-0.0,-1.0,3.7534318901,6.90506481631,-2.74792468832,map_000000298.png
3.50781678048,6.86504026087,-0.577781357534,-0.0,-0.0,-1.0,3.7534318901,6.90506481631,-2.74792468832,map_000000299.png
3.50839302649,6.86583599073,-0.68005412638,-0.0,-0.0,-1.0,3.7534318901,6.90506481631,-2.74792468832,map_000000300.png
3.5090460321,6.86656739334,-0.782327725879,-0.0,-0.0,-1.0,3.7534318901,6.90506481631,-2.74792468832,map_000000301.png
3.50972987689,6.86720035524,-0.880673057523,-0.0,-0.0,-1.0,3.7534318901,6.90506481631,-2.74792468832,map_000000302.png
3.5105130834,6.86778195909,-0.982948939551,-0.0,-0.0,-1.0,3.7534318901,6.90506481631,-2.74792468832,map_000000303.png
3.51135289032,6.86829679308,-1.08522006576,-0.0,-0.0,-1.0,3.7534318901,6.90506481631,-2.74792468832,map_000000304.png
3.51222516454,6.86869748571,-1.18355131705,-0.0,-0.0,-1.0,3.7534318901,6.90506481631,-2.74792468832,map_000000305.png
3.51315264503,6.86902567707,-1.28582229937,-0.0,-0.0,-1.0,3.7534318901,6.90506481631,-2.74792468832,map_000000306.png
3.51410909733,6.86925853598,-1.38809261988,-0.0,-0.0,-1.0,3.7534318901,6.90506481631,-2.74792468832,map_000000307.png
3.51505345298,6.86940075472,-1.48642474643,-0.0,-0.0,-1.0,3.7534318901,6.90506481631,-2.74792468832,map_000000308.png
3.51597921574,6.86943550174,-1.584770089,-0.0,-0.0,-1.0,3.7534318901,6.90506481631,-2.74792468832,map_000000309.png
3.51697921191,6.86937300065,-1.68703205147,-0.0,-0.0,-1.0,3.7534318901,6.90506481631,-2.74792468832,map_000000310.png
3.51789170698,6.86922494669,-1.78538053917,-0.0,-0.0,-1.0,3.7534318901,6.90506481631,-2.74792468832,map_000000311.png
3.51882465466,6.86898757936,-1.88766175311,-0.0,-0.0,-1.0,3.7534318901,6.90506481631,-2.74792468832,map_000000312.png
3.51974445246,6.8686362201,-1.98993324523,-0.0,-0.0,-1.0,3.7534318901,6.90506481631,-2.74792468832,map_000000313.png
3.52060443474,6.86820003265,-2.08826297053,-0.0,-0.0,-1.0,3.7534318901,6.90506481631,-2.74792468832,map_000000314.png
3.52142929111,6.86768206442,-2.19053947898,-0.0,-0.0,-1.0,3.7534318901,6.90506481631,-2.74792468832,map_000000315.png
3.52142929111,6.86768206442,-2.19053947898,-0.0,-0.0,-1.0,3.7534318901,6.90506481631,-2.74792468832,map_000000316.png
3.52219922403,6.86707392179,-2.29281284008,-0.0,-0.0,-1.0,3.7534318901,6.90506481631,-2.74792468832,map_000000317.png
3.52286785076,6.86642817517,-2.39115927033,-0.0,-0.0,-1.0,3.7534318901,6.90506481631,-2.74792468832,map_000000318.png
3.52350865701,6.86568039589,-2.49343089718,-0.0,-0.0,-1.0,3.7534318901,6.90506481631,-2.74792468832,map_000000319.png
3.52405844014,6.86487017728,-2.59570493346,-0.0,-0.0,-1.0,3.7534318901,6.90506481631,-2.74792468832,map_000000320.png
3.52451888776,6.8640267678,-2.69403558923,-0.0,-0.0,-1.0,3.7534318901,6.90506481631,-2.74792468832,map_000000321.png
3.52490211112,6.86312062014,-2.79630676252,-0.0,-0.0,-1.0,3.7534318901,6.90506481631,-2.74792468832,map_000000322.png
3.52518981229,6.86218181283,-2.89857844646,-0.0,-0.0,-1.0,3.7534318901,6.90506481631,-2.74792468832,map_000000323.png
3.52537995387,6.86126672283,-2.99692091865,-0.0,-0.0,-1.0,3.7534318901,6.90506481631,-2.74792468832,map_000000324.png
3.52548198431,6.8602869207,-3.09918993665,-0.0,-0.0,-0.90554523468,3.7534318901,6.90506481631,-2.74792468832,map_000000325.png
3.52548309033,6.8593748996,3.08915845121,-0.0,-0.0,-0.0,3.7534318901,6.90506481631,-2.74792468832,map_000000326.png
3.52545223468,6.85897956079,3.04998723231,-0.0,-0.0,-0.0,3.7534318901,6.90506481631,-2.74792468832,map_000000327.png
3.52545032683,6.8589814393,3.0499864476,-0.0,-0.0,-0.0,3.7534318901,6.90506481631,-2.74792468832,map_000000328.png
3.52546209454,6.85896971871,3.0499914458,-0.0,-0.0,-0.0,3.7534318901,6.90506481631,-2.74792468832,map_000000329.png
3.52545031097,6.8589814443,3.04998648841,-0.0,-0.0,-0.0,3.7534318901,6.90506481631,-2.74792468832,map_000000330.png
3.52546207857,6.85896972301,3.0499914069,-0.0,-0.0,-0.0,3.7534318901,6.90506481631,-2.74792468832,map_000000331.png
3.52545217538,6.85897957982,3.04998724602,-0.0,-0.0,-0.0,3.7534318901,6.90506481631,-2.74792468832,map_000000332.png
3.52546206286,6.85896972744,3.04999140467,-0.0,-0.0,-0.0,3.7534318901,6.90506481631,-2.74792468832,map_000000333.png
3.52545215959,6.85897958381,3.04998719362,-0.0,-0.0,-0.0,3.7534318901,6.90506481631,-2.74792468832,map_000000334.png
3.5254502711,6.85898145513,3.04998643674,-0.0,-0.0,0.00753807183355,3.7534318901,6.90506481631,-2.74792468832,map_000000335.png
3.52545219736,6.85898015661,3.0500465823,-0.0,-0.0,0.0487380586565,3.7534318901,6.90506481631,-2.74792468832,map_000000336.png
3.52545107833,6.85898929949,3.05081661698,-0.0,-0.0,0.0487380586565,3.7534318901,6.90506481631,-2.74792468832,map_000000337.png
3.52545678317,6.85903207454,3.05547755191,-0.0,-0.0,-0.0,3.7534318901,6.90506481631,-2.74792468832,map_000000338.png
3.52545599166,6.85904677371,3.05681862662,-0.0,-0.0,-0.0270699188113,3.7534318901,6.90506481631,-2.74792468832,map_000000339.png
3.52546645622,6.85902201446,3.05543944051,-0.0,-0.0,-0.0270699188113,3.7534318901,6.90506481631,-2.74792468832,map_000000340.png
3.52546415172,6.85899557192,3.05267112437,-0.0,-0.0,-0.0,3.7534318901,6.90506481631,-2.74792468832,map_000000341.png
3.52545254098,6.85898386728,3.05043108803,-0.0,-0.0,-0.0,3.7534318901,6.90506481631,-2.74792468832,map_000000342.png
3.52545251878,6.85898388214,3.05043104267,-0.0,-0.0,-0.0,3.7534318901,6.90506481631,-2.74792468832,map_000000343.png
3.5254506295,6.85898575432,3.05043027269,-0.0,-0.0,-0.0,3.7534318901,6.90506481631,-2.74792468832,map_000000344.png
3.52545250257,6.85898388795,3.05043110621,-0.0,-0.0,-0.0,3.7534318901,6.90506481631,-2.74792468832,map_000000345.png
3.52545061372,6.85898575863,3.05043025363,-0.0,-0.0,-0.0,3.7534318901,6.90506481631,-2.74792468832,map_000000346.png
3.52546238192,6.85897403804,3.05043529737,-0.0,-0.0,-0.0,3.7534318901,6.90506481631,-2.74792468832,map_000000347.png
3.52545059801,6.85898576346,3.05043028905,-0.0,-0.0,-0.104853965342,3.7534318901,6.90506481631,-2.74792468832,map_000000348.png
3.5254524711,6.8589838973,3.05043114678,-0.0,-0.0,-0.685926377773,3.7534318901,6.90506481631,-2.74792468832,map_000000349.png
3.52545174457,6.85887241157,3.03971198631,-0.0,-0.0,-0.685926377773,3.7534318901,6.90506481631,-2.74792468832,map_000000350.png
3.52537557356,6.85832198631,2.98140287494,-0.0,-0.0,-0.0,3.7534318901,6.90506481631,-2.74792468832,map_000000351.png
3.52533026492,6.85809798241,2.95711927592,-0.0,-0.0,-0.0,3.7534318901,6.90506481631,-2.74792468832,map_000000352.png
3.52532842595,6.85809980245,2.95711860479,-0.0,-0.0,-0.0,3.7534318901,6.90506481631,-2.74792468832,map_000000353.png
3.52533024541,6.85809798916,2.95711929115,-0.0,-0.0,-0.0,3.7534318901,6.90506481631,-2.74792468832,map_000000354.png
3.52532841108,6.85809980699,2.95711857148,-0.0,-0.0,0.0533158369362,3.7534318901,6.90506481631,-2.74792468832,map_000000355.png
3.52534013747,6.85808812573,2.95712299184,-0.0,-0.0,0.0533158369362,3.7534318901,6.90506481631,-2.74792468832,map_000000356.png
3.52534013747,6.85808812573,2.95712299184,-0.0,-0.0,0.0258491784334,3.7534318901,6.90506481631,-2.74792468832,map_000000357.png
3.52533842636,6.85814248553,2.96194315923,-0.0,-0.0,0.0258491784334,3.7534318901,6.90506481631,-2.74792468832,map_000000358.png
3.52535442852,6.85816554712,2.96534635692,-0.0,-0.0,-0.0,3.7534318901,6.90506481631,-2.74792468832,map_000000359.png
3.5253445411,6.85818894252,2.96656163355,-0.0,-0.0,-0.0,3.7534318901,6.90506481631,-2.74792468832,map_000000360.png
3.5253463566,6.85818713362,2.96656234131,-0.0,-0.0,-0.0,3.7534318901,6.90506481631,-2.74792468832,map_000000361.png
3.52534451708,6.85818895681,2.96656163888,-0.0,-0.0,-0.0,3.7534318901,6.90506481631,-2.74792468832,map_000000362.png
3.52535624706,6.85817727109,2.96656601651,-0.0,-0.0,-0.0,3.7534318901,6.90506481631,-2.74792468832,map_000000363.png
3.52534450217,6.85818896162,2.96656163797,-0.0,-0.0,-0.0,3.7534318901,6.90506481631,-2.74792468832,map_000000364.png
3.5253562321,6.85817727556,2.9665659806,-0.0,-0.0,-0.0,3.7534318901,6.90506481631,-2.74792468832,map_000000365.png
3.52534631887,6.85818714554,2.96656231362,-0.0,-0.0,-0.0,3.7534318901,6.90506481631,-2.74792468832,map_000000366.png
3.52535621766,6.85817728088,2.96656606639,-0.0,-0.0,-0.0,3.7534318901,6.90506481631,-2.74792468832,map_000000367.png
3.52534630397,6.85818715029,2.96656230645,-0.0,-0.0,0.0395825058222,3.7534318901,6.90506481631,-2.74792468832,map_000000368.png
3.52534682031,6.85819008598,2.96687367457,-0.0,-0.0,0.300363183022,3.7534318901,6.90506481631,-2.74792468832,map_000000369.png
3.52535311361,6.8582261085,2.97076607348,-0.0,-0.0,0.300363183022,3.7534318901,6.90506481631,-2.74792468832,map_000000370.png
3.52540671739,6.85847692677,2.99841014353,-0.0,-0.0,0.625232696533,3.7534318901,6.90506481631,-2.74792468832,map_000000371.png
3.52545379046,6.85898911347,3.05212887054,-0.0,-0.0,1.0,3.7534318901,6.90506481631,-2.74792468832,map_000000372.png
3.52549346895,6.85977393072,3.13276893116,-0.0,-0.0,1.0,3.7534318901,6.90506481631,-2.74792468832,map_000000373.png
3.52546042745,6.8607308017,-3.04813366343,-0.0,-0.0,1.0,3.7534318901,6.90506481631,-2.74792468832,map_000000374.png
3.52532071873,6.86170606841,-2.94586255399,-0.0,-0.0,1.0,3.7534318901,6.90506481631,-2.74792468832,map_000000375.png
3.52510409222,6.86262801844,-2.84752537783,-0.0,-0.0,1.0,3.7534318901,6.90506481631,-2.74792468832,map_000000376.png
3.52477771076,6.86354927749,-2.74525066409,-0.0,-0.0,1.0,3.7534318901,6.90506481631,-2.74792468832,map_000000377.png
3.524352655,6.86443770543,-2.64297906576,-0.0,-0.0,0.995841860771,3.7534318901,6.90506481631,-2.74792468832,map_000000378.png
3.52387476804,6.86522722373,-2.54487591034,-0.0,-0.0,0.350718706846,3.7534318901,6.90506481631,-2.74792468832,map_000000379.png
3.52343017498,6.86582988426,-2.47096147502,-0.0,-0.0,-0.0,3.7534318901,6.90506481631,-2.74792468832,map_000000380.png
3.52325167833,6.86603296585,-2.44337395315,-0.0,-0.0,-0.0,3.7534318901,6.90506481631,-2.74792468832,map_000000381.png
3.52325826292,6.86603957814,-2.44337450714,-0.0,-0.0,-0.0,3.7534318901,6.90506481631,-2.74792468832,map_000000382.png
3.52325829364,6.86603953887,-2.44337446178,-0.0,-0.0,-0.0,3.7534318901,6.90506481631,-2.74792468832,map_000000383.png
3.5232583258,6.86603957693,-2.44337450281,-0.0,-0.0,-0.0,3.7534318901,6.90506481631,-2.74792468832,map_000000384.png
3.52324919257,6.86603043371,-2.44337416395,-0.0,-0.0,-0.0,3.7534318901,6.90506481631,-2.74792468832,map_000000385.png
3.52325164507,6.8660328808,-2.44337399776,-0.0,-0.0,-0.0,3.7534318901,6.90506481631,-2.74792468832,map_000000386.png
3.52326793553,6.86602984049,-2.44336830759,-0.0,-0.0,-0.0,3.7534318901,6.90506481631,-2.74792468832,map_000000387.png
3.52325827955,6.86603947388,-2.44337444343,-0.0,-0.0,-1.0,3.7534318901,6.90506481631,-2.74792468832,map_000000388.png
3.52325827093,6.86603943617,-2.44337460237,-0.0,-0.0,-1.0,3.7534318901,6.90506481631,-2.74792468832,map_000000389.png
3.5237983236,6.86533927219,-2.53778992315,-0.0,-0.0,-1.0,3.7534318901,6.90506481631,-2.74792468832,map_000000390.png
3.52428028231,6.86455504655,-2.63614001598,-0.0,-0.0,-1.0,3.7534318901,6.90506481631,-2.74792468832,map_000000391.png
3.52472483101,6.86367801442,-2.73841197283,-0.0,-0.0,-0.53951382637,3.7534318901,6.90506481631,-2.74792468832,map_000000392.png
3.52502675992,6.86288544929,-2.82255115287,-0.0,-0.0,-0.0,3.7534318901,6.90506481631,-2.74792468832,map_000000393.png
3.5251444223,6.86249838472,-2.86499383092,-0.0,-0.0,-0.0,3.7534318901,6.90506481631,-2.74792468832,map_000000394.png
3.5251563113,6.86248648955,-2.86498696867,-0.0,-0.0,-0.0,3.7534318901,6.90506481631,-2.74792468832,map_000000395.png
3.5251563113,6.86248648955,-2.86498696867,-0.0,-0.0,-0.0,3.7534318901,6.90506481631,-2.74792468832,map_000000396.png
3.52514648493,6.86249627378,-2.86499264047,-0.0,-0.0,-0.0,3.7534318901,6.90506481631,-2.74792468832,map_000000397.png
3.52515629204,6.86248649363,-2.8649869055,-0.0,-0.0,-0.0,3.7534318901,6.90506481631,-2.74792468832,map_000000398.png
3.52514646576,6.86249627725,-2.86499267652,-0.0,-0.0,-0.0,3.7534318901,6.90506481631,-2.74792468832,map_000000399.png
3.52514431319,6.86249840979,-2.86499387965,-0.0,-0.0,-0.0,3.7534318901,6.90506481631,-2.74792468832,map_000000400.png
3.52514644651,6.86249628102,-2.86499267987,-0.0,-0.0,-0.0,3.7534318901,6.90506481631,-2.74792468832,map_000000401.png
3.52514429388,6.8624984137,-2.86499387119,-0.0,-0.0,-0.0,3.7534318901,6.90506481631,-2.74792468832,map_000000402.png
3.52515624339,6.86248650301,-2.86498692988,-0.0,-0.0,-0.0,3.7534318901,6.90506481631,-2.74792468832,map_000000403.png
3.5251442746,6.86249841756,-2.86499386461,-0.0,-0.0,-0.0,3.7534318901,6.90506481631,-2.74792468832,map_000000404.png
3.52515622393,6.86248650668,-2.86498697925,-0.0,-0.0,-0.0,3.7534318901,6.90506481631,-2.74792468832,map_000000405.png
3.52514639752,6.86249629157,-2.86499257726,-0.0,-0.0,-0.0,3.7534318901,6.90506481631,-2.74792468832,map_000000406.png
3.52515620476,6.8624865105,-2.8649869612,-0.0957441926003,-0.0,-0.0,3.7534318901,6.90506481631,-2.74792468832,map_000000407.png
3.52698764753,6.86301899333,-2.86499250342,-0.26363414526,0.124164558947,-0.0,3.7534318901,6.90506481631,-2.74792468832,map_000000408.png
3.53734178136,6.86544495739,-2.86499366515,-0.327475041151,0.133606225252,-0.0,3.7534318901,6.90506481631,-2.74792468832,map_000000409.png
3.56608347786,6.8606999308,-2.86499209632,-0.327475041151,0.133606225252,-0.0,3.7534318901,6.90506481631,-2.74792468832,map_000000410.png
3.60083232386,6.85640386538,-2.86499293431,-0.336935788393,0.133606225252,-0.0,3.7534318901,6.90506481631,-2.74792468832,map_000000411.png
3.63800451813,6.85250312662,-2.86498593314,-0.0,-0.0,-0.0,3.7534318901,6.90506481631,-2.74792468832,map_000000412.png
3.65817819746,6.85047113106,-2.86499234066,-0.0,-0.0,-0.0,3.7534318901,6.90506481631,-2.74792468832,map_000000413.png
