2.80836373054,2.21280286838,-2.46828271221,-0.0,-0.0,-0.0,-4.59201257915,1.97641962663,1.88311871871,map_000000048.png
2.80836376679,2.21280282676,-2.46828244782,-0.0,-0.0,-0.0,-4.59201257915,1.97641962663,1.88311871871,map_000000049.png
2.80835410216,2.21281247242,-2.46828867228,0.5,-0.0,-0.0,-4.59201257915,1.97641962663,1.88311871871,map_000000050.png
2.79428749967,2.20159220408,-2.4682884174,0.5,-0.0,-0.0,-4.59201257915,1.97641962663,1.88311871871,map_000000051.png
2.75364245609,2.16916994527,-2.46828658299,0.5,-0.0,-0.0,-4.59201257915,1.97641962663,1.88311871871,map_000000052.png
2.71458147791,2.13801541383,-2.46828607678,0.5,-0.0,-0.0,-4.59201257915,1.97641962663,1.88311871871,map_000000053.png
2.67394223499,2.10559875293,-2.46828438549,0.5,-0.0,-0.0,-4.59201257915,1.97641962663,1.88311871871,map_000000054.png
2.6333061993,2.07318512344,-2.46828270194,0.5,-0.0,-0.0,-4.59201257915,1.97641962663,1.88311871871,map_000000055.png
2.59423243321,2.04201759882,-2.4682815469,0.5,-0.0,-0.0,-4.59201257915,1.97641962663,1.88311871871,map_000000056.png
2.55358763107,2.00959506206,-2.4682792825,0.5,-0.0,-0.0,-4.59201257915,1.97641962663,1.88311871871,map_000000057.png
2.51295393123,1.97718358102,-2.46827825754,0.498226106167,-0.372852265835,-0.0,-4.59201257915,1.97641962663,1.88311871871,map_000000058.png
2.47203980956,1.94836287591,-2.46827698736,0.214480265975,-0.5,-0.0,-4.59201257915,1.97641962663,1.88311871871,map_000000059.png
2.40737698036,1.94636622531,-2.46827386755,0.214480265975,-0.5,-0.0,-4.59201257915,1.97641962663,1.88311871871,map_000000060.png
2.3563916486,1.97088782919,-2.4682717052,-0.0,-0.5,-0.0,-4.59201257915,1.97641962663,1.88311871871,map_000000061.png
2.31995808363,2.00831833103,-2.46827013491,-0.0,-0.5,-0.0,-4.59201257915,1.97641962663,1.88311871871,map_000000062.png
2.28878050774,2.04738124038,-2.46826692704,-0.0,-0.5,-0.0,-4.59201257915,1.97641962663,1.88311871871,map_000000063.png
2.25638276491,2.08801346104,-2.46825963217,-0.0,-0.5,-0.0,-4.59201257915,1.97641962663,1.88311871871,map_000000064.png
2.22395830068,2.12865907744,-2.46826410044,-0.0,-0.5,-0.0,-4.59201257915,1.97641962663,1.88311871871,map_000000065.png
2.19279089553,2.16773131086,-2.46826241067,-0.0,-0.5,-0.0,-4.59201257915,1.97641962663,1.88311871871,map_000000066.png
2.19279089553,2.16773131086,-2.46826241067,-0.0,-0.5,-0.0,-4.59201257915,1.97641962663,1.88311871871,map_000000067.png
2.16037944681,2.20837015768,-2.46826104347,0.268860429525,-0.178964361548,-0.0,-4.59201257915,1.97641962663,1.88311871871,map_000000068.png
2.12796173906,2.24900192453,-2.46825850714,0.268860429525,-0.178964361548,-0.0,-4.59201257915,1.97641962663,1.88311871871,map_000000069.png
2.09612476528,2.25960870664,-2.46825051012,0.498226106167,-0.124584183097,-0.0,-4.59201257915,1.97641962663,1.88311871871,map_000000070.png
2.05510443852,2.24708804513,-2.46825539177,0.5,-0.046552170068,-0.0,-4.59201257915,1.97641962663,1.88311871871,map_000000071.png
2.00822919392,2.22266933935,-2.4682527748,0.5,-0.0678197592497,-0.0,-4.59201257915,1.97641962663,1.88311871871,map_000000072.png
1.966108284,2.19535071934,-2.46825236898,0.493495732546,-0.384678184986,-0.0,-4.59201257915,1.97641962663,1.88311871871,map_000000073.png
1.92107341989,2.16844436923,-2.46825045609,0.493495732546,-0.384678184986,-0.0,-4.59201257915,1.97641962663,1.88311871871,map_000000074.png
1.85679819348,2.16670705091,-2.46824721162,0.384716331959,-0.448519080877,-0.0,-4.59201257915,1.97641962663,1.88311871871,map_000000075.png
1.79768970999,2.17494954393,-2.46824490396,0.301953941584,-0.472170948982,-0.0,-4.59201257915,1.97641962663,1.88311871871,map_000000076.png
1.74033335463,2.19065448238,-2.46824103425,0.301953941584,-0.472170948982,-0.0,-4.59201257915,1.97641962663,1.88311871871,map_000000077.png
1.68518471609,2.2094542373,-2.46823890917,0.301953941584,-0.472170948982,-0.0,-4.59201257915,1.97641962663,1.88311871871,map_000000078.png
1.63216213406,2.22753475538,-2.46823709697,0.301953941584,-0.472170948982,-0.0,-4.59201257915,1.97641962663,1.88311871871,map_000000079.png
1.57701129435,2.24633160495,-2.46823426084,0.301953941584,-0.481631666422,-0.0,-4.59201257915,1.97641962663,1.88311871871,map_000000080.png
1.52186007454,2.26512851347,-2.46823196131,0.301953941584,-0.481631666422,-0.0,-4.59201257915,1.97641962663,1.88311871871,map_000000081.png
1.46616947225,2.2846086443,-2.46822989654,0.301953941584,-0.481631666422,-0.0,-4.59201257915,1.97641962663,1.88311871871,map_000000082.png
1.41253974085,2.30341160488,-2.46822616313,0.301953941584,-0.481631666422,-0.0,-4.59201257915,1.97641962663,1.88311871871,map_000000083.png
1.35679196956,2.32297356591,-2.46821772586,0.35398799181,-0.46271020174,-0.0,-4.59201257915,1.97641962663,1.88311871871,map_000000084.png
1.29997791173,2.34084837094,-2.4682214572,0.35398799181,-0.46271020174,-0.0,-4.59201257915,1.97641962663,1.88311871871,map_000000085.png
1.24347220152,2.35493839289,-2.46821887692,0.394177079201,-0.439077436924,-0.0,-4.59201257915,1.97641962663,1.88311871871,map_000000086.png
1.18470858283,2.36959527939,-2.46821668549,0.394177079201,-0.439077436924,-0.0,-4.59201257915,1.97641962663,1.88311871871,map_000000087.png
1.12420511982,2.37971912423,-2.46821341203,0.394177079201,-0.439077436924,-0.0,-4.59201257915,1.97641962663,1.88311871871,map_000000088.png
1.06604104595,2.38944700522,-2.46820388094,0.484035015106,-0.342123925686,-0.0,-4.59201257915,1.97641962663,1.88311871871,map_000000089.png
1.00490440766,2.39114983453,-2.46820809302,0.491130560637,-0.342123925686,-0.0,-4.59201257915,1.97641962663,1.88311871871,map_000000090.png
0.943112343702,2.38735029737,-2.4682043394,0.498226106167,-0.273552656174,-0.0,-4.59201257915,1.97641962663,1.88311871871,map_000000091.png
0.884311797873,2.38208741086,-2.46820341514,0.5,-0.143486589193,-0.0,-4.59201257915,1.97641962663,1.88311871871,map_000000092.png
0.826721567146,2.37119115422,-2.46820065959,0.5,-0.143486589193,-0.0,-4.59201257915,1.97641962663,1.88311871871,map_000000093.png
0.776785438161,2.3504347928,-2.46819843052,0.5,-0.143486589193,-0.0,-4.59201257915,1.97641962663,1.88311871871,map_000000094.png
0.728769120042,2.33047633412,-2.4681967128,0.5,-0.143486589193,-0.0,-4.59201257915,1.97641962663,1.88311871871,map_000000095.png
0.678824273572,2.30971091616,-2.46819413874,0.5,-0.143486589193,-0.0,-4.59201257915,1.97641962663,1.88311871871,map_000000096.png
0.62889040727,2.28895666068,-2.46819255967,0.5,-0.143486589193,-0.0,-4.59201257915,1.97641962663,1.88311871871,map_000000097.png
0.580881996104,2.26900505366,-2.46819103106,0.5,-0.143486589193,-0.0,-4.59201257915,1.97641962663,1.88311871871,map_000000098.png
0.530946066147,2.24824821182,-2.46818876959,0.5,-0.143486589193,-0.0,-4.59201257915,1.97641962663,1.88311871871,map_000000099.png
0.481009866521,2.22749123074,-2.46818702594,0.5,-0.143486589193,-0.0,-4.59201257915,1.97641962663,1.88311871871,map_000000100.png
0.431076976749,2.20673739493,-2.46818547629,0.5,-0.143486589193,-0.0,-4.59201257915,1.97641962663,1.88311871871,map_000000101.png
0.383051624479,2.18676865828,-2.46818268657,0.5,-0.143486589193,-0.0,-4.59201257915,1.97641962663,1.88311871871,map_000000102.png
0.333132386048,2.16600849778,-2.46817435433,0.5,-0.143486589193,-0.0,-4.59201257915,1.97641962663,1.88311871871,map_000000103.png
0.283186329894,2.14526057841,-2.46817934723,0.5,-0.19315546751,-0.0,-4.59201257915,1.97641962663,1.88311871871,map_000000104.png
0.234428540019,2.12623325392,-2.46817734989,0.495860934258,-0.377582639456,-0.0,-4.59201257915,1.97641962663,1.88311871871,map_000000105.png
0.234428540019,2.12623325392,-2.46817734989,0.495860934258,-0.377582639456,-0.0,-4.59201257915,1.97641962663,1.88311871871,map_000000106.png
0.180828511844,2.11010210289,-2.4681759465,0.450922429562,-0.408330023289,-0.0,-4.59201257915,1.97641962663,1.88311871871,map_000000107.png
0.116048390135,2.10863337667,-2.4681726004,0.450922429562,-0.408330023289,-0.0,-4.59201257915,1.97641962663,1.88311871871,map_000000108.png
0.0551753685833,2.11179405086,-2.46816325627,0.450922429562,-0.408330023289,-0.0,-4.59201257915,1.97641962663,1.88311871871,map_000000109.png
-0.00795388973483,2.11575029611,-2.46816699627,0.450922429562,-0.408330023289,-0.0,-4.59201257915,1.97641962663,1.88311871871,map_000000110.png
-0.0710813687464,2.11968762356,-2.4681633755,0.450922429562,-0.408330023289,-0.0,-4.59201257915,1.97641962663,1.88311871871,map_000000111.png
-0.131760356058,2.12349446322,-2.46816214044,0.450922429562,-0.408330023289,-0.0,-4.59201257915,1.97641962663,1.88311871871,map_000000112.png
-0.194882149846,2.12743716396,-2.46815882196,0.450922429562,-0.408330023289,-0.0,-4.59201257915,1.97641962663,1.88311871871,map_000000113.png
-0.258000945726,2.13138298612,-2.46815572537,0.450922429562,-0.408330023289,-0.0,-4.59201257915,1.97641962663,1.88311871871,map_000000114.png
-0.318693161739,2.13517695488,-2.46815323188,0.450922429562,-0.408330023289,-0.0,-4.59201257915,1.97641962663,1.88311871871,map_000000115.png
-0.381820697,2.13911341792,-2.46814917067,0.450922429562,-0.408330023289,-0.0,-4.59201257915,1.97641962663,1.88311871871,map_000000116.png
-0.444937462889,2.143061259,-2.46814708124,0.450922429562,-0.408330023289,-0.0,-4.59201257915,1.97641962663,1.88311871871,map_000000117.png
-0.508039661526,2.14700329412,-2.46813813638,0.450922429562,-0.408330023289,-0.0,-4.59201257915,1.97641962663,1.88311871871,map_000000118.png
-0.568740433213,2.15080620453,-2.46814200448,0.450922429562,-0.408330023289,-0.0,-4.59201257915,1.97641962663,1.88311871871,map_000000119.png
-0.631859680699,2.15475109386,-2.46813952715,0.450922429562,-0.408330023289,-0.0,-4.59201257915,1.97641962663,1.88311871871,map_000000120.png
-0.694975676237,2.15869904561,-2.46813727801,0.450922429562,-0.408330023289,-0.0,-4.59201257915,1.97641962663,1.88311871871,map_000000121.png
-0.755677109299,2.1624819066,-2.468133479,0.450922429562,-0.408330023289,-0.0,-4.59201257915,1.97641962663,1.88311871871,map_000000122.png
-0.818779361876,2.16642307589,-2.46812467658,0.450922429562,-0.408330023289,-0.0,-4.59201257915,1.97641962663,1.88311871871,map_000000123.png
-0.881908772424,2.17037688066,-2.46812834581,0.450922429562,-0.408330023289,-0.0,-4.59201257915,1.97641962663,1.88311871871,map_000000124.png
-0.94259948689,2.17416917666,-2.46812576027,0.450922429562,-0.408330023289,-0.0,-4.59201257915,1.97641962663,1.88311871871,map_000000125.png
-1.00571553862,2.17811626099,-2.46812347998,0.450922429562,-0.408330023289,-0.0,-4.59201257915,1.97641962663,1.88311871871,map_000000126.png
-1.06883748415,2.18205652277,-2.46812017224,0.450922429562,-0.408330023289,-0.0,-4.59201257915,1.97641962663,1.88311871871,map_000000127.png
-1.12951933269,2.18583859116,-2.46811065693,0.450922429562,-0.408330023289,-0.0,-4.59201257915,1.97641962663,1.88311871871,map_000000128.png
-1.19264879826,2.18979153056,-2.46811458135,0.450922429562,-0.408330023289,-0.0,-4.59201257915,1.97641962663,1.88311871871,map_000000129.png
-1.25577648494,2.1937255526,-2.46811073311,0.450922429562,-0.408330023289,-0.0,-4.59201257915,1.97641962663,1.88311871871,map_000000130.png
-1.31645566811,2.19752920992,-2.46810980811,0.450922429562,-0.408330023289,-0.0,-4.59201257915,1.97641962663,1.88311871871,map_000000131.png
-1.37957766825,2.20146860441,-2.46810645699,0.450922429562,-0.396504104137,-0.0,-4.59201257915,1.97641962663,1.88311871871,map_000000132.png
-1.44263768752,2.20533720021,-2.46810335837,0.450922429562,-0.396504104137,-0.0,-4.59201257915,1.97641962663,1.88311871871,map_000000133.png
-1.50259276829,2.20820395456,-2.4681009169,0.450922429562,-0.396504104137,-0.0,-4.59201257915,1.97641962663,1.88311871871,map_000000134.png
-1.56495369464,2.21117614089,-2.46809735068,0.450922429562,-0.396504104137,-0.0,-4.59201257915,1.97641962663,1.88311871871,map_000000135.png
-1.62730384187,2.21415970794,-2.46809486577,0.450922429562,-0.396504104137,-0.0,-4.59201257915,1.97641962663,1.88311871871,map_000000136.png
-1.68963942914,2.21713748177,-2.46808609592,0.450922429562,-0.389408558607,-0.0,-4.59201257915,1.97641962663,1.88311871871,map_000000137.png
-1.7494438046,2.21981363186,-2.4680898498,0.450922429562,-0.389408558607,-0.0,-4.59201257915,1.97641962663,1.88311871871,map_000000138.png
-1.81133632315,2.22221767598,-2.468087416,0.450922429562,-0.389408558607,-0.0,-4.59201257915,1.97641962663,1.88311871871,map_000000139.png
-1.87322558808,2.22462478773,-2.46808518392,0.450922429562,-0.389408558607,-0.0,-4.59201257915,1.97641962663,1.88311871871,map_000000140.png
-1.93274746913,2.22692608038,-2.4680815752,0.450922429562,-0.389408558607,-0.0,-4.59201257915,1.97641962663,1.88311871871,map_000000141.png
-1.93274746913,2.22692608038,-2.4680815752,0.450922429562,-0.389408558607,-0.0,-4.59201257915,1.97641962663,1.88311871871,map_000000142.png
-1.99462299922,2.22932644538,-2.46807250677,0.450922429562,-0.389408558607,-0.0,-4.59201257915,1.97641962663,1.88311871871,map_000000143.png
-2.0565256565,2.23173942033,-2.46807651872,0.450922429562,-0.389408558607,-0.0,-4.59201257915,1.97641962663,1.88311871871,map_000000144.png
-2.11603682211,2.23405019125,-2.46807404484,0.450922429562,-0.389408558607,-0.0,-4.59201257915,1.97641962663,1.88311871871,map_000000145.png
-2.17792611854,2.2364564725,-2.46807184557,0.450922429562,-0.389408558607,-0.0,-4.59201257915,1.97641962663,1.88311871871,map_000000146.png
-2.23982132218,2.23885595772,-2.46806857335,0.450922429562,-0.389408558607,-0.0,-4.59201257915,1.97641962663,1.88311871871,map_000000147.png
-2.2993235932,2.24115650267,-2.46805926425,0.450922429562,-0.389408558607,-0.0,-4.59201257915,1.97641962663,1.88311871871,map_000000148.png
-2.36122628213,2.24356865179,-2.46806314046,0.450922429562,-0.389408558607,-0.0,-4.59201257915,1.97641962663,1.88311871871,map_000000149.png
-2.42312720843,2.24596191734,-2.4680598186,0.450922429562,-0.389408558607,-0.0,-4.59201257915,1.97641962663,1.88311871871,map_000000150.png
-2.48262680509,2.24828407768,-2.46805843205,0.450922429562,-0.389408558607,-0.0,-4.59201257915,1.97641962663,1.88311871871,map_000000151.png
-2.54452204021,2.250682735,-2.46805515522,0.458017975092,-0.389408558607,-0.0,-4.59201257915,1.97641962663,1.88311871871,map_000000152.png
-2.60650296264,2.25301372683,-2.46805215892,0.472209095955,-0.382312983274,-0.0,-4.59201257915,1.97641962663,1.88311871871,map_000000153.png
-2.6665701572,2.25488058596,-2.46804968948,0.472209095955,-0.382312983274,-0.0,-4.59201257915,1.97641962663,1.88311871871,map_000000154.png
-2.72904767813,2.25681290672,-2.46804590564,0.472209095955,-0.382312983274,-0.0,-4.59201257915,1.97641962663,1.88311871871,map_000000155.png
-2.79218076367,2.25731734781,-2.4680437231,0.472209095955,-0.382312983274,-0.0,-4.59201257915,1.97641962663,1.88311871871,map_000000156.png
-2.85532593486,2.25775845176,-2.46803458856,0.472209095955,-0.382312983274,-0.0,-4.59201257915,1.97641962663,1.88311871871,map_000000157.png
-2.91606801016,2.25819506847,-2.46803861777,0.472209095955,-0.382312983274,-0.0,-4.59201257915,1.97641962663,1.88311871871,map_000000158.png
-2.97923020472,2.25863899032,-2.46803618116,0.472209095955,-0.382312983274,-0.0,-4.59201257915,1.97641962663,1.88311871871,map_000000159.png
-3.04238913727,2.25908597398,-2.46803395002,0.472209095955,-0.382312983274,-0.0,-4.59201257915,1.97641962663,1.88311871871,map_000000160.png
-3.10313185014,2.25950252977,-2.46802997589,0.472209095955,-0.382312983274,-0.0,-4.59201257915,1.97641962663,1.88311871871,map_000000161.png
-3.1662770266,2.25994277447,-2.46802117736,0.472209095955,-0.382312983274,-0.0,-4.59201257915,1.97641962663,1.88311871871,map_000000162.png
-3.22944934534,2.26039559378,-2.46802515665,0.472209095955,-0.382312983274,-0.0,-4.59201257915,1.97641962663,1.88311871871,map_000000163.png
-3.29018130874,2.26082163204,-2.46802259856,0.472209095955,-0.382312983274,-0.0,-4.59201257915,1.97641962663,1.88311871871,map_000000164.png
-3.353340247,2.26126776033,-2.4680203673,0.472209095955,-0.382312983274,-0.0,-4.59201257915,1.97641962663,1.88311871871,map_000000165.png
-3.41650507485,2.26170710726,-2.46801707442,0.472209095955,-0.382312983274,-0.0,-4.59201257915,1.97641962663,1.88311871871,map_000000166.png
-3.47722814554,2.26212288072,-2.46800770993,0.472209095955,-0.382312983274,-0.0,-4.59201257915,1.97641962663,1.88311871871,map_000000167.png
-3.54040047058,2.26257484333,-2.46801155927,0.472209095955,-0.382312983274,-0.0,-4.59201257915,1.97641962663,1.88311871871,map_000000168.png
-3.60357100871,2.26300796284,-2.46800755597,0.472209095955,-0.382312983274,-0.0,-4.59201257915,1.97641962663,1.88311871871,map_000000169.png
-3.66429138568,2.2634453285,-2.46800676505,0.5,-0.181329533458,-0.0,-4.59201257915,1.97641962663,1.88311871871,map_000000170.png
-3.72289734884,2.25621226967,-2.4680036609,0.5,-0.141140475869,-0.0,-4.59201257915,1.97641962663,1.88311871871,map_000000171.png
-3.77458185525,2.2376418255,-2.46800131151,0.5,-0.0489173568785,-0.0,-4.59201257915,1.97641962663,1.88311871871,map_000000172.png
-3.82221782791,2.21720228062,-2.46799970363,0.5,-0.0489173568785,-0.0,-4.59201257915,1.97641962663,1.88311871871,map_000000173.png
-3.86602577447,2.18874297503,-2.46799767491,0.5,-0.0489173568785,-0.0,-4.59201257915,1.97641962663,1.88311871871,map_000000174.png
-3.90982266514,2.16029477203,-2.46799594801,0.5,-0.0489173568785,-0.0,-4.59201257915,1.97641962663,1.88311871871,map_000000175.png
-3.95360520068,2.13184126407,-2.46798805932,0.5,-0.0489173568785,-0.0,-4.59201257915,1.97641962663,1.88311871871,map_000000176.png
-3.99572919486,2.10449457493,-2.46799309149,0.5,-0.0583780929446,-0.0,-4.59201257915,1.97641962663,1.88311871871,map_000000177.png
-4.0397407724,2.07630980744,-2.46799163071,0.5,-0.247535631061,-0.0,-4.59201257915,1.97641962663,1.88311871871,map_000000178.png
-4.0397407724,2.07630980744,-2.46799163071,0.377620786428,-0.441423535347,-0.0,-4.59201257915,1.97641962663,1.88311871871,map_000000179.png
-4.08603756004,2.05099555076,-2.46799045866,0.377620786428,-0.441423535347,-0.0,-4.59201257915,1.97641962663,1.88311871871,map_000000180.png
-4.14054721144,2.03914660398,-2.46798720914,0.377620786428,-0.441423535347,-0.0,-4.59201257915,1.97641962663,1.88311871871,map_000000181.png
-4.19973912539,2.04961021075,-2.46797838421,0.377620786428,-0.450884282589,-0.0,-4.59201257915,1.97641962663,1.88311871871,map_000000182.png
-4.25955483663,2.06161843981,-2.46798225758,0.377620786428,-0.450884282589,-0.0,-4.59201257915,1.97641962663,1.88311871871,map_000000183.png
-4.31717283994,2.07329736187,-2.46797977599,0.377620786428,-0.450884282589,-0.0,-4.59201257915,1.97641962663,1.88311871871,map_000000184.png
-4.37709325124,2.08544666384,-2.46797752052,0.377620786428,-0.450884282589,-0.0,-4.59201257915,1.97641962663,1.88311871871,map_000000185.png
-4.43701960459,2.09758906985,-2.46797425489,0.377620786428,-0.450884282589,-0.0,-4.59201257915,1.97641962663,1.88311871871,map_000000186.png
-4.49462876204,2.10925789712,-2.46796490505,0.377620786428,-0.450884282589,-0.0,-4.59201257915,1.97641962663,1.88311871871,map_000000187.png
-4.55456263051,2.12141314971,-2.46796889335,0.377620786428,-0.450884282589,-0.0,-4.59201257915,1.97641962663,1.88311871871,map_000000188.png
-4.61449480156,2.13354934085,-2.46796520289,0.297223567963,-0.396504104137,-0.0,-4.59201257915,1.97641962663,1.88311871871,map_000000189.png
-4.66552422429,2.14575995426,-2.46796425801,0.143524736166,-0.174233987927,-0.0,-4.59201257915,1.97641962663,1.88311871871,map_000000190.png
-4.7019404173,2.15465130867,-2.46796195595,-0.0,-0.0,-0.0,-4.59201257915,1.97641962663,1.88311871871,map_000000191.png
-4.71695357399,2.15782157652,-2.4679611374,-0.0,-0.0,-0.0,-4.59201257915,1.97641962663,1.88311871871,map_000000192.png
-4.71695354191,2.15782161448,-2.4679611643,-0.0,-0.0,-0.0,-4.59201257915,1.97641962663,1.88311871871,map_000000193.png
-4.7169626777,2.15781247073,-2.46796068135,-0.0,-0.0,-0.0,-4.59201257915,1.97641962663,1.88311871871,map_000000194.png
-4.71696022431,2.157814914,-2.46796087389,-0.0,-0.0,-0.0,-4.59201257915,1.97641962663,1.88311871871,map_000000195.png
-4.71694392186,2.15781187007,-2.46795484979,-0.0,-0.0,-0.0,-4.59201257915,1.97641962663,1.88311871871,map_000000196.png
-4.71695358853,2.15782151201,-2.46796108103,-0.0,-0.0,-0.0,-4.59201257915,1.97641962663,1.88311871871,map_000000197.png
-4.71695355631,2.15782154981,-2.46796113224,-0.0,-0.0,-0.0,-4.59201257915,1.97641962663,1.88311871871,map_000000198.png
-4.71695029874,2.15782479097,-2.4679613434,-0.0,-0.0,-0.0,-4.59201257915,1.97641962663,1.88311871871,map_000000199.png
-4.71696024027,2.15781485105,-2.46796059436,-0.0,0.00828959047794,-0.0,-4.59201257915,1.97641962663,1.88311871871,map_000000200.png
-4.7169439363,2.15781180545,-2.46795481559,-0.0,0.00828959047794,-0.0,-4.59201257915,1.97641962663,1.88311871871,map_000000201.png
-4.71649870474,2.15725149767,-2.4679612667,-0.0,0.284939885139,-0.0,-4.59201257915,1.97641962663,1.88311871871,map_000000202.png
-4.70425078669,2.14190685866,-2.46796171401,0.0702230930328,0.5,-0.0,-4.59201257915,1.97641962663,1.88311871871,map_000000203.png
-4.68164724604,2.1077440239,-2.46796319553,-0.0,-0.0,-0.0,-4.59201257915,1.97641962663,1.88311871871,map_000000204.png
-4.66315170229,2.07646262372,-2.46796445092,-0.0,-0.0,-0.0,-4.59201257915,1.97641962663,1.88311871871,map_000000205.png
-4.66314200788,2.07645293077,-2.46795816678,-0.0,-0.0,-0.0,-4.59201257915,1.97641962663,1.88311871871,map_000000206.png
-4.66315168081,2.07646254756,-2.46796448573,-0.0,-0.0,-0.0,-4.59201257915,1.97641962663,1.88311871871,map_000000207.png
-4.66316077554,2.07645347904,-2.46796394068,-0.0,-0.0,-0.0,-4.59201257915,1.97641962663,1.88311871871,map_000000208.png
-4.66314838494,2.07646585193,-2.46796461845,-0.0,-0.0,-0.0,-4.59201257915,1.97641962663,1.88311871871,map_000000209.png
-4.66315171668,2.07646255904,-2.4679644203,-0.0,-0.0,-0.0,-4.59201257915,1.97641962663,1.88311871871,map_000000210.png
-4.66315168628,2.0764625202,-2.46796435336,-0.0,-0.0,-0.0,-4.59201257915,1.97641962663,1.88311871871,map_000000211.png
-4.66315165406,2.07646255801,-2.46796440434,0.110431224108,-0.0,-0.0,-4.59201257915,1.97641962663,1.88311871871,map_000000212.png
-4.66350591252,2.07617795254,-2.46796342409,0.5,-0.0,-0.0,-4.59201257915,1.97641962663,1.88311871871,map_000000213.png
-4.67247620171,2.06901854807,-2.46796354913,0.5,-0.0,-0.0,-4.59201257915,1.97641962663,1.88311871871,map_000000214.png
-4.70821555738,2.04047607583,-2.46795601834,0.5,-0.0,-0.0,-4.59201257915,1.97641962663,1.88311871871,map_000000215.png
-4.74728824868,2.0093063229,-2.46796131419,0.5,-0.0,-0.0,-4.59201257915,1.97641962663,1.88311871871,map_000000216.png
-4.78791407395,1.97687946073,-2.46796004071,-0.0,-0.0,-0.0,-4.59201257915,1.97641962663,1.88311871871,map_000000217.png
-4.78791407395,1.97687946073,-2.46796004071,-0.0,-0.0,-0.0,-4.59201257915,1.97641962663,1.88311871871,map_000000218.png
-4.81603644021,1.95443322959,-2.46795941818,-0.0,-0.0,-0.0,-4.59201257915,1.97641962663,1.88311871871,map_000000219.png
-4.8160463811,1.95442328909,-2.46795876183,-0.0,-0.0,-0.0,-4.59201257915,1.97641962663,1.88311871871,map_000000220.png
-4.81603007761,1.95442024385,-2.46795298185,-0.0,-0.0,-0.0,-4.59201257915,1.97641962663,1.88311871871,map_000000221.png
-4.81603975084,1.95442986114,-2.46795918483,-0.0,-0.0,-0.0,-4.59201257915,1.97641962663,1.88311871871,map_000000222.png
-4.81603971253,1.95442992431,-2.46795910845,-0.0,-0.0,-0.0,-4.59201257915,1.97641962663,1.88311871871,map_000000223.png
-4.81603645484,1.95443316531,-2.46795933986,-0.0,-0.0,-0.0,-4.59201257915,1.97641962663,1.88311871871,map_000000224.png
-4.81603978681,1.95442987272,-2.46795910329,-0.0,-0.0,-0.0,-4.59201257915,1.97641962663,1.88311871871,map_000000225.png
-4.81603009284,1.95442018044,-2.46795266359,-0.0,-0.0,-0.0,-4.59201257915,1.97641962663,1.88311871871,map_000000226.png
-4.81603976498,1.95442979612,-2.46795924342,-0.0,-0.0,-0.0,-4.59201257915,1.97641962663,1.88311871871,map_000000227.png
-4.8160488616,1.95442072975,-2.4679583499,-0.0,-0.0,-0.0,-4.59201257915,1.97641962663,1.88311871871,map_000000228.png
-4.81603646889,1.95443310019,-2.46795936162,-0.5,-0.115123450756,-0.0,-4.59201257915,1.97641962663,1.88311871871,map_000000229.png
-4.79435895096,1.98174755604,-2.46795970586,-0.5,-0.0418218038976,-0.0,-4.59201257915,1.97641962663,1.88311871871,map_000000230.png
-4.75882258592,2.02055026961,-2.4679609895,-0.5,-0.0418218038976,-0.0,-4.59201257915,1.97641962663,1.88311871871,map_000000231.png
-4.7209089709,2.05637526955,-2.46796218564,-0.5,-0.0418218038976,-0.0,-4.59201257915,1.97641962663,1.88311871871,map_000000232.png
-4.68446280501,2.09081305956,-2.46796289074,-0.161950290203,-0.0,-0.0,-4.59201257915,1.97641962663,1.88311871871,map_000000233.png
-4.64654671606,2.12664034067,-2.46796414027,-0.161950290203,-0.0,-0.0,-4.59201257915,1.97641962663,1.88311871871,map_000000234.png
-4.63241987616,2.1381139201,-2.46795890495,-0.0,-0.0,-0.0,-4.59201257915,1.97641962663,1.88311871871,map_000000235.png
-4.62989894835,2.14014342476,-2.46796504588,-0.0,-0.0,-0.0,-4.59201257915,1.97641962663,1.88311871871,map_000000236.png
-4.62989891639,2.14014346291,-2.46796505388,-0.0,-0.0,-0.0,-4.59201257915,1.97641962663,1.88311871871,map_000000237.png
-4.62989565884,2.14014670411,-2.46796526321,-0.0,-0.0,-0.0,-4.59201257915,1.97641962663,1.88311871871,map_000000238.png
-4.62990559874,2.14013676235,-2.46796477038,-0.0,-0.0,-0.0,-4.59201257915,1.97641962663,1.88311871871,map_000000239.png
-4.62988929677,2.14013371915,-2.46795859682,-0.0,-0.0,-0.0,-4.59201257915,1.97641962663,1.88311871871,map_000000240.png
-4.62989896926,2.14014333527,-2.4679650607,-0.0,-0.0,-0.0,-4.59201257915,1.97641962663,1.88311871871,map_000000241.png
-4.62989893066,2.14014339805,-2.46796504214,-0.0,-0.0,-0.0,-4.59201257915,1.97641962663,1.88311871871,map_000000242.png
-4.62989567289,2.14014663898,-2.46796528508,-0.0,-0.0,-0.0,-4.59201257915,1.97641962663,1.88311871871,map_000000243.png
-4.62989900517,2.14014334679,-2.46796500063,-0.0,-0.0,-0.0,-4.59201257915,1.97641962663,1.88311871871,map_000000244.png
-4.62988931072,2.14013365379,-2.46795871423,-0.0,-0.0,-0.0,-4.59201257915,1.97641962663,1.88311871871,map_000000245.png
-4.62989898358,2.14014327049,-2.46796505077,-0.0,-0.0,-0.0,-4.59201257915,1.97641962663,1.88311871871,map_000000246.png
-4.62990807697,2.14013420044,-2.46796471743,-0.0,-0.0,-0.0,-4.59201257915,1.97641962663,1.88311871871,map_000000247.png
-4.62989568737,2.14014657442,-2.46796523917,-0.0,-0.0,-0.0,-4.59201257915,1.97641962663,1.88311871871,map_000000248.png
-4.62989901973,2.14014328229,-2.46796494137,0.5,0.150162518024,-0.0,-4.59201257915,1.97641962663,1.88311871871,map_000000249.png
-4.64890654308,2.11268014426,-2.46796440111,0.5,0.088686786592,-0.0,-4.59201257915,1.97641962663,1.88311871871,map_000000250.png
-4.68163402211,2.07035781851,-2.46796349984,0.5,0.088686786592,-0.0,-4.59201257915,1.97641962663,1.88311871871,map_000000251.png
-4.71517600756,2.03224034673,-2.46796179678,0.273590803146,-0.0,-0.0,-4.59201257915,1.97641962663,1.88311871871,map_000000252.png
-4.71517600756,2.03224034673,-2.46796179678,0.273590803146,-0.0,-0.0,-4.59201257915,1.97641962663,1.88311871871,map_000000253.png
-4.74907505956,1.99429388424,-2.46796114117,-0.0,-0.0,-0.0,-4.59201257915,1.97641962663,1.88311871871,map_000000254.png
-4.77128824856,1.97654762669,-2.46795381308,-0.0,-0.0,-0.0,-4.59201257915,1.97641962663,1.88311871871,map_000000255.png
-4.77300812274,1.9751922009,-2.46796055237,-0.0,-0.0,-0.0,-4.59201257915,1.97641962663,1.88311871871,map_000000256.png
-4.77300809059,1.97519223878,-2.46796059104,-0.0,-0.0,-0.0,-4.59201257915,1.97641962663,1.88311871871,map_000000257.png
-4.77300483281,1.97519547971,-2.4679608349,-0.0,-0.0,-0.0,-4.59201257915,1.97641962663,1.88311871871,map_000000258.png
-4.77301477468,1.9751855402,-2.46796003341,-0.0,-0.0,-0.0,-4.59201257915,1.97641962663,1.88311871871,map_000000259.png
-4.77299847088,1.97518249489,-2.46795416083,-0.0,-0.0,-0.0,-4.59201257915,1.97641962663,1.88311871871,map_000000260.png
-4.77300814342,1.97519211109,-2.46796061397,-0.0,-0.0,-0.0,-4.59201257915,1.97641962663,1.88311871871,map_000000261.png
-4.77300810511,1.97519217426,-2.46796053772,-0.0,-0.0,-0.0,-4.59201257915,1.97641962663,1.88311871871,map_000000262.png
-4.77300484735,1.97519541521,-2.46796078035,-0.0,-0.0,-0.0,-4.59201257915,1.97641962663,1.88311871871,map_000000263.png
-4.77300817965,1.97519212301,-2.46796049179,-0.466982781887,-0.259361565113,-0.0,-4.59201257915,1.97641962663,1.88311871871,map_000000264.png
-4.76406216414,1.99691092596,-2.46795479061,-0.485904276371,-0.259361565113,-0.0,-4.59201257915,1.97641962663,1.88311871871,map_000000265.png
-4.74259437068,2.04856325004,-2.46796114294,-0.485904276371,-0.207346573472,-0.0,-4.59201257915,1.97641962663,1.88311871871,map_000000266.png
-4.71968432543,2.10081474798,-2.46796030287,-0.0,-0.0,-0.0,-4.59201257915,1.97641962663,1.88311871871,map_000000267.png
-4.69364852074,2.1491771359,-2.46796156073,-0.0,-0.0,-0.0,-4.59201257915,1.97641962663,1.88311871871,map_000000268.png
-4.69163949163,2.15290343337,-2.46796254403,-0.0,-0.0,-0.0,-4.59201257915,1.97641962663,1.88311871871,map_000000269.png
-4.69163946108,2.15290339437,-2.46796250164,-0.0,-0.0,-0.0,-4.59201257915,1.97641962663,1.88311871871,map_000000270.png
-4.69163942894,2.15290343225,-2.46796253986,-0.0,-0.0,-0.0,-4.59201257915,1.97641962663,1.88311871871,map_000000271.png
-4.69164856504,2.15289428886,-2.46796200627,-0.0,-0.0,-0.0,-4.59201257915,1.97641962663,1.88311871871,map_000000272.png
-4.69164611366,2.15289673436,-2.46796188322,-0.0,-0.0,-0.0,-4.59201257915,1.97641962663,1.88311871871,map_000000273.png
-4.69162980892,2.15289368788,-2.4679562241,-0.0,-0.0,-0.0,-4.59201257915,1.97641962663,1.88311871871,map_000000274.png
-4.69163947546,2.15290332967,-2.46796247067,-0.0,-0.0,-0.0,-4.59201257915,1.97641962663,1.88311871871,map_000000275.png
-4.69163944347,2.15290336775,-2.46796248541,0.0394947677851,0.5,-0.0,-4.59201257915,1.97641962663,1.88311871871,map_000000276.png
-4.6736560822,2.12632992308,-2.46796383073,-0.0,0.5,-0.0,-4.59201257915,1.97641962663,1.88311871871,map_000000277.png
-4.6442144306,2.08587742491,-2.46796540369,-0.0,0.5,-0.0,-4.59201257915,1.97641962663,1.88311871871,map_000000278.png
-4.61177187836,2.04524884984,-2.46796089659,-0.0,0.5,-0.0,-4.59201257915,1.97641962663,1.88311871871,map_000000279.png
-4.57935470538,2.00463208389,-2.46796941889,-0.0,0.448099464178,-0.0,-4.59201257915,1.97641962663,1.88311871871,map_000000280.png
-4.5481757752,1.96556911149,-2.46797090173,-0.0,0.448099464178,-0.0,-4.59201257915,1.97641962663,1.88311871871,map_000000281.png
-4.51872355539,1.92867656822,-2.46797259766,-0.0,-0.0,-0.0,-4.59201257915,1.97641962663,1.88311871871,map_000000282.png
-4.50978523247,1.917470489,-2.46797288398,-0.0,-0.0,-0.0,-4.59201257915,1.97641962663,1.88311871871,map_000000283.png
-4.50977553831,1.91746079647,-2.46796648501,-0.0,-0.0,-0.0,-4.59201257915,1.97641962663,1.88311871871,map_000000284.png
-4.50978521058,1.91747041231,-2.46797303224,-0.0,-0.0,-0.0,-4.59201257915,1.97641962663,1.88311871871,map_000000285.png
-4.50979430715,1.91746134591,-2.46797214692,-0.0,-0.0,-0.0,-4.59201257915,1.97641962663,1.88311871871,map_000000286.png
-4.5097918538,1.9174637892,-2.46797233383,-0.0,-0.0,-1.0,-4.59201257915,1.97641962663,1.88311871871,map_000000287.png
-4.50978524696,1.91747042444,-2.46797283605,-0.0,-0.0,-1.0,-4.59201257915,1.97641962663,1.88311871871,map_000000288.png
-4.5093366036,1.91686735761,-2.55059673242,-0.0,-0.0,-1.0,-4.59201257915,1.97641962663,1.88311871871,map_000000289.png
-4.50883827345,1.91602988214,-2.65287278636,-0.0,-0.0,-1.0,-4.59201257915,1.97641962663,1.88311871871,map_000000290.png
-4.50842124565,1.91515591605,-2.75119992189,-0.0,-0.0,-1.0,-4.59201257915,1.97641962663,1.88311871871,map_000000291.png
-4.50842124565,1.91515591605,-2.75119992189,-0.0,-0.0,-1.0,-4.59201257915,1.97641962663,1.88311871871,map_000000292.png
-4.50808217329,1.91423685754,-2.85347333815,-0.0,-0.0,-1.0,-4.59201257915,1.97641962663,1.88311871871,map_000000293.png
-4.50785534411,1.91327464698,-2.95574209327,-0.0,-0.0,-1.0,-4.59201257915,1.97641962663,1.88311871871,map_000000294.png
-4.50771759103,1.91233343857,-3.05407521817,-0.0,-0.0,-1.0,-4.59201257915,1.97641962663,1.88311871871,map_000000295.png
-4.50767563583,1.91134808323,3.12684252023,-0.0,-0.0,-1.0,-4.59201257915,1.97641962663,1.88311871871,map_000000296.png
-4.50773626917,1.91039052767,3.02456072759,-0.0,-0.0,-1.0,-4.59201257915,1.97641962663,1.88311871871,map_000000297.png
-4.50789087248,1.90944123668,2.92623021466,-0.0,-0.0,-1.0,-4.59201257915,1.97641962663,1.88311871871,map_000000298.png
-4.50813024863,1.90850970165,2.8239485682,-0.0,-0.0,-1.0,-4.59201257915,1.97641962663,1.88311871871,map_000000299.png
-4.50848354698,1.90759142772,2.72167665495,-0.0,-0.0,-1.0,-4.59201257915,1.97641962663,1.88311871871,map_000000300.png
-4.5089062557,1.90676243636,2.62333078918,-0.0,-0.0,-1.0,-4.59201257915,1.97641962663,1.88311871871,map_000000301.png
-4.50942362916,1.90593670209,2.52105451048,-0.0,-0.0,-1.0,-4.59201257915,1.97641962663,1.88311871871,map_000000302.png
-4.51003095991,1.90516596639,2.41878108385,-0.0,-0.0,-1.0,-4.59201257915,1.97641962663,1.88311871871,map_000000303.png
-4.51069951168,1.90447476078,2.3204501543,-0.0,-0.0,-1.0,-4.59201257915,1.97641962663,1.88311871871,map_000000304.png
-4.5114514822,1.90384004302,2.21817834383,-0.0,-0.0,-1.0,-4.59201257915,1.97641962663,1.88311871871,map_000000305.png
-4.51226125915,1.90328795496,2.11590495001,-0.0,-0.0,-1.0,-4.59201257915,1.97641962663,1.88311871871,map_000000306.png
-4.51312339562,1.90282123679,2.01363197554,-0.0,-0.0,-1.0,-4.59201257915,1.97641962663,1.88311871871,map_000000307.png
-4.51397977861,1.90245981374,1.91528638814,-0.0,-0.0,-1.0,-4.59201257915,1.97641962663,1.88311871871,map_000000308.png
-4.51491777375,1.90217149572,1.81301453097,-0.0,-0.0,-1.0,-4.59201257915,1.97641962663,1.88311871871,map_000000309.png
-4.51588945781,1.90197108863,1.71074777586,-0.0,-0.0,-1.0,-4.59201257915,1.97641962663,1.88311871871,map_000000310.png
-4.5168516549,1.90187274675,1.61242201332,-0.0,-0.0,-0.0,-4.59201257915,1.97641962663,1.88311871871,map_000000311.png

